-371 | 15 | 15 | 0 | 178 | 178 | 0 | 0
-374 | 14 | 14 | 0 | 180 | 180 | 0 | 1
-374 | 14 | 14 | 0 | 180 | 180 | 0 | 2
-374 | 14 | 14 | 0 | 180 | 180 | 0 | 3
-374 | 14 | 14 | 0 | 180 | 180 | 0 | 4
-374 | 14 | 14 | 0 | 180 | 180 | 0 | 5
-374 | 14 | 14 | 0 | 180 | 180 | 0 | 6
-374 | 14 | 14 | 0 | 180 | 180 | 0 | 7
-374 | 14 | 14 | 0 | 180 | 180 | 0 | 8
-374 | 14 | 14 | 0 | 180 | 180 | 0 | 9
-374 | 14 | 14 | 0 | 180 | 180 | 0 | 10
-377 | 13 | 13 | 0 | 182 | 182 | 0 | 11
-377 | 13 | 13 | 0 | 182 | 182 | 0 | 12
-377 | 13 | 13 | 0 | 182 | 182 | 0 | 13
-377 | 13 | 13 | 0 | 182 | 182 | 0 | 14
-383 | 11 | 11 | 0 | 186 | 186 | 0 | 15
-386 | 10 | 10 | 0 | 188 | 188 | 0 | 16
-386 | 10 | 10 | 0 | 188 | 188 | 0 | 17
-386 | 10 | 10 | 0 | 188 | 188 | 0 | 18
-389 | 9 | 9 | 0 | 190 | 190 | 0 | 19
-389 | 9 | 9 | 0 | 190 | 190 | 0 | 20
-392 | 8 | 8 | 0 | 192 | 192 | 0 | 21
-392 | 8 | 8 | 0 | 192 | 192 | 0 | 22
-395 | 7 | 7 | 0 | 194 | 194 | 0 | 23
-395 | 7 | 7 | 0 | 194 | 194 | 0 | 24
-395 | 7 | 7 | 0 | 194 | 194 | 0 | 25
-395 | 7 | 7 | 0 | 194 | 194 | 0 | 26
-395 | 7 | 7 | 0 | 194 | 194 | 0 | 27
-395 | 7 | 7 | 0 | 194 | 194 | 0 | 28
-395 | 7 | 7 | 0 | 194 | 194 | 0 | 29
-395 | 7 | 7 | 0 | 194 | 194 | 0 | 30
-395 | 7 | 7 | 0 | 194 | 194 | 0 | 31
-395 | 7 | 7 | 0 | 194 | 194 | 0 | 32
-395 | 7 | 7 | 0 | 194 | 194 | 0 | 33
-395 | 7 | 7 | 0 | 194 | 194 | 0 | 34
-395 | 7 | 7 | 0 | 194 | 194 | 0 | 35
-395 | 7 | 7 | 0 | 194 | 194 | 0 | 36
-395 | 7 | 7 | 0 | 194 | 194 | 0 | 37
-395 | 7 | 7 | 0 | 194 | 194 | 0 | 38
-395 | 7 | 7 | 0 | 194 | 194 | 0 | 39
-395 | 7 | 7 | 0 | 194 | 194 | 0 | 40
-395 | 7 | 7 | 0 | 194 | 194 | 0 | 41
-395 | 7 | 7 | 0 | 194 | 194 | 0 | 42
-395 | 7 | 7 | 0 | 194 | 194 | 0 | 43
-395 | 7 | 7 | 0 | 194 | 194 | 0 | 44
-395 | 7 | 7 | 0 | 194 | 194 | 0 | 45
-395 | 7 | 7 | 0 | 194 | 194 | 0 | 46
-395 | 7 | 7 | 0 | 194 | 194 | 0 | 47
-395 | 7 | 7 | 0 | 194 | 194 | 0 | 48
-395 | 7 | 7 | 0 | 194 | 194 | 0 | 49
-395 | 7 | 7 | 0 | 194 | 194 | 0 | 50
-395 | 7 | 7 | 0 | 194 | 194 | 0 | 51
-395 | 7 | 7 | 0 | 194 | 194 | 0 | 52
-395 | 7 | 7 | 0 | 194 | 194 | 0 | 53
-395 | 7 | 7 | 0 | 194 | 192 | 2 | 54
-395 | 7 | 7 | 0 | 194 | 192 | 2 | 55
-395 | 7 | 7 | 0 | 194 | 192 | 2 | 56
-395 | 7 | 7 | 0 | 194 | 192 | 2 | 57
-395 | 7 | 7 | 0 | 194 | 192 | 2 | 58
-395 | 7 | 7 | 0 | 194 | 192 | 2 | 59
-395 | 7 | 7 | 0 | 194 | 192 | 2 | 60
-395 | 7 | 7 | 0 | 194 | 192 | 2 | 61
-395 | 7 | 7 | 0 | 194 | 192 | 2 | 62
-395 | 7 | 7 | 0 | 194 | 192 | 2 | 63
-395 | 7 | 7 | 0 | 194 | 192 | 2 | 64
-395 | 7 | 7 | 0 | 194 | 192 | 2 | 65
-395 | 7 | 7 | 0 | 194 | 192 | 2 | 66
-395 | 7 | 7 | 0 | 194 | 192 | 2 | 67
-395 | 7 | 7 | 0 | 194 | 192 | 2 | 68
-395 | 7 | 7 | 0 | 194 | 192 | 2 | 69
-395 | 7 | 7 | 0 | 194 | 192 | 2 | 70
-395 | 7 | 7 | 0 | 194 | 192 | 2 | 71
-395 | 7 | 7 | 0 | 194 | 192 | 2 | 72
-395 | 7 | 7 | 0 | 194 | 192 | 2 | 73
-395 | 7 | 7 | 0 | 194 | 192 | 2 | 74
-395 | 7 | 7 | 0 | 194 | 192 | 2 | 75
-395 | 7 | 7 | 0 | 194 | 192 | 2 | 76
-395 | 7 | 7 | 0 | 194 | 192 | 2 | 77
-395 | 7 | 7 | 0 | 194 | 192 | 2 | 78
-395 | 7 | 7 | 0 | 194 | 192 | 2 | 79
-395 | 7 | 7 | 0 | 194 | 192 | 2 | 80
-395 | 7 | 7 | 0 | 194 | 192 | 2 | 81
-395 | 7 | 7 | 0 | 194 | 192 | 2 | 82
-395 | 7 | 7 | 0 | 194 | 192 | 2 | 83
-395 | 7 | 7 | 0 | 194 | 192 | 2 | 84
-395 | 7 | 7 | 0 | 194 | 192 | 2 | 85
-395 | 7 | 7 | 0 | 194 | 192 | 2 | 86
-395 | 7 | 7 | 0 | 194 | 192 | 2 | 87
-395 | 7 | 7 | 0 | 194 | 192 | 2 | 88
-395 | 7 | 7 | 0 | 194 | 192 | 2 | 89
-395 | 7 | 7 | 0 | 194 | 192 | 2 | 90
-395 | 7 | 7 | 0 | 194 | 192 | 2 | 91
-395 | 7 | 7 | 0 | 194 | 192 | 2 | 92
-395 | 7 | 7 | 0 | 194 | 192 | 2 | 93
-395 | 7 | 7 | 0 | 194 | 192 | 2 | 94
-395 | 7 | 7 | 0 | 194 | 192 | 2 | 95
-395 | 7 | 7 | 0 | 194 | 192 | 2 | 96
-395 | 7 | 7 | 0 | 194 | 192 | 2 | 97
-395 | 7 | 7 | 0 | 194 | 192 | 2 | 98
-395 | 7 | 7 | 0 | 194 | 192 | 2 | 99
-395 | 7 | 7 | 0 | 194 | 192 | 2 | 100
-395 | 7 | 7 | 0 | 194 | 192 | 2 | 101
-395 | 7 | 7 | 0 | 194 | 192 | 2 | 102
-395 | 7 | 7 | 0 | 194 | 192 | 2 | 103
-395 | 7 | 7 | 0 | 194 | 192 | 2 | 104
-395 | 7 | 7 | 0 | 194 | 192 | 2 | 105
-395 | 7 | 7 | 0 | 194 | 192 | 2 | 106
-395 | 7 | 7 | 0 | 194 | 192 | 2 | 107
-395 | 7 | 7 | 0 | 194 | 192 | 2 | 108
-395 | 7 | 7 | 0 | 194 | 192 | 2 | 109
-395 | 7 | 7 | 0 | 194 | 192 | 2 | 110
-395 | 7 | 7 | 0 | 194 | 192 | 2 | 111
-395 | 7 | 7 | 0 | 194 | 192 | 2 | 112
-395 | 7 | 7 | 0 | 194 | 192 | 2 | 113
-395 | 7 | 7 | 0 | 194 | 192 | 2 | 114
-395 | 7 | 7 | 0 | 194 | 192 | 2 | 115
-395 | 7 | 7 | 0 | 194 | 192 | 2 | 116
-395 | 7 | 7 | 0 | 194 | 192 | 2 | 117
-395 | 7 | 7 | 0 | 194 | 191 | 3 | 118
-395 | 7 | 7 | 0 | 194 | 191 | 3 | 119
-395 | 7 | 7 | 0 | 194 | 191 | 3 | 120
-395 | 7 | 7 | 0 | 194 | 192 | 2 | 121
-395 | 7 | 7 | 0 | 194 | 192 | 2 | 122
-395 | 7 | 7 | 0 | 194 | 192 | 2 | 123
-395 | 7 | 7 | 0 | 194 | 192 | 2 | 124
-395 | 7 | 7 | 0 | 194 | 192 | 2 | 125
-395 | 7 | 7 | 0 | 194 | 192 | 2 | 126
-395 | 7 | 7 | 0 | 194 | 192 | 2 | 127
-395 | 7 | 7 | 0 | 194 | 192 | 2 | 128
-395 | 7 | 7 | 0 | 194 | 192 | 2 | 129
-395 | 7 | 7 | 0 | 194 | 192 | 2 | 130
-395 | 7 | 7 | 0 | 194 | 192 | 2 | 131
-395 | 7 | 7 | 0 | 194 | 192 | 2 | 132
-395 | 7 | 7 | 0 | 194 | 192 | 2 | 133
-395 | 7 | 7 | 0 | 194 | 192 | 2 | 134
-395 | 7 | 7 | 0 | 194 | 192 | 2 | 135
-395 | 7 | 7 | 0 | 194 | 192 | 2 | 136
-395 | 7 | 7 | 0 | 194 | 192 | 2 | 137
-395 | 7 | 7 | 0 | 194 | 192 | 2 | 138
-395 | 7 | 7 | 0 | 194 | 192 | 2 | 139
-395 | 7 | 7 | 0 | 194 | 192 | 2 | 140
-395 | 7 | 7 | 0 | 194 | 192 | 2 | 141
-395 | 7 | 7 | 0 | 194 | 192 | 2 | 142
-395 | 7 | 7 | 0 | 194 | 192 | 2 | 143
-395 | 7 | 7 | 0 | 194 | 192 | 2 | 144
-395 | 7 | 7 | 0 | 194 | 192 | 2 | 145
-395 | 7 | 7 | 0 | 194 | 192 | 2 | 146
-395 | 7 | 7 | 0 | 194 | 192 | 2 | 147
-395 | 7 | 7 | 0 | 194 | 192 | 2 | 148
-395 | 7 | 7 | 0 | 194 | 192 | 2 | 149
-395 | 7 | 7 | 0 | 194 | 192 | 2 | 150
-395 | 7 | 7 | 0 | 194 | 192 | 2 | 151
-395 | 7 | 7 | 0 | 194 | 192 | 2 | 152
-395 | 7 | 7 | 0 | 194 | 192 | 2 | 153
-395 | 7 | 7 | 0 | 194 | 192 | 2 | 154
-395 | 7 | 7 | 0 | 194 | 192 | 2 | 155
-395 | 7 | 7 | 0 | 194 | 192 | 2 | 156
-395 | 7 | 7 | 0 | 194 | 192 | 2 | 157
-395 | 7 | 7 | 0 | 194 | 192 | 2 | 158
-395 | 7 | 7 | 0 | 194 | 192 | 2 | 159
-395 | 7 | 7 | 0 | 194 | 192 | 2 | 160
-395 | 7 | 7 | 0 | 194 | 192 | 2 | 161
-395 | 7 | 7 | 0 | 194 | 192 | 2 | 162
-395 | 7 | 7 | 0 | 194 | 192 | 2 | 163
-395 | 7 | 7 | 0 | 194 | 192 | 2 | 164
-395 | 7 | 7 | 0 | 194 | 192 | 2 | 165
-395 | 7 | 7 | 0 | 194 | 192 | 2 | 166
-395 | 7 | 7 | 0 | 194 | 192 | 2 | 167
-395 | 7 | 7 | 0 | 194 | 192 | 2 | 168
-395 | 7 | 7 | 0 | 194 | 192 | 2 | 169
-395 | 7 | 7 | 0 | 194 | 192 | 2 | 170
-395 | 7 | 7 | 0 | 194 | 192 | 2 | 171
-395 | 7 | 7 | 0 | 194 | 192 | 2 | 172
-395 | 7 | 7 | 0 | 194 | 192 | 2 | 173
-395 | 7 | 7 | 0 | 194 | 192 | 2 | 174
-395 | 7 | 7 | 0 | 194 | 192 | 2 | 175
-395 | 7 | 7 | 0 | 194 | 192 | 2 | 176
-395 | 7 | 7 | 0 | 194 | 192 | 2 | 177
-395 | 7 | 7 | 0 | 194 | 192 | 2 | 178
-395 | 7 | 7 | 0 | 194 | 192 | 2 | 179
-395 | 7 | 7 | 0 | 194 | 192 | 2 | 180
-395 | 7 | 7 | 0 | 194 | 192 | 2 | 181
-395 | 7 | 7 | 0 | 194 | 192 | 2 | 182
-395 | 7 | 7 | 0 | 194 | 192 | 2 | 183
-395 | 7 | 7 | 0 | 194 | 192 | 2 | 184
-395 | 7 | 7 | 0 | 194 | 192 | 2 | 185
-395 | 7 | 7 | 0 | 194 | 192 | 2 | 186
-395 | 7 | 7 | 0 | 194 | 192 | 2 | 187
-395 | 7 | 7 | 0 | 194 | 192 | 2 | 188
-395 | 7 | 7 | 0 | 194 | 192 | 2 | 189
-395 | 7 | 7 | 0 | 194 | 192 | 2 | 190
-395 | 7 | 7 | 0 | 194 | 192 | 2 | 191
-395 | 7 | 7 | 0 | 194 | 192 | 2 | 192
-395 | 7 | 7 | 0 | 194 | 192 | 2 | 193
-395 | 7 | 7 | 0 | 194 | 192 | 2 | 194
-395 | 7 | 7 | 0 | 194 | 192 | 2 | 195
-395 | 7 | 7 | 0 | 194 | 192 | 2 | 196
-395 | 7 | 7 | 0 | 194 | 192 | 2 | 197
-395 | 7 | 7 | 0 | 194 | 192 | 2 | 198
-395 | 7 | 7 | 0 | 194 | 192 | 2 | 199
-395 | 7 | 7 | 0 | 194 | 192 | 2 | 200
-395 | 7 | 7 | 0 | 194 | 192 | 2 | 201
-395 | 7 | 7 | 0 | 194 | 192 | 2 | 202
-395 | 7 | 7 | 0 | 194 | 192 | 2 | 203
-395 | 7 | 7 | 0 | 194 | 192 | 2 | 204
-395 | 7 | 7 | 0 | 194 | 192 | 2 | 205
-395 | 7 | 7 | 0 | 194 | 192 | 2 | 206
-395 | 7 | 7 | 0 | 194 | 192 | 2 | 207
-395 | 7 | 7 | 0 | 194 | 192 | 2 | 208
-395 | 7 | 7 | 0 | 194 | 192 | 2 | 209
-395 | 7 | 7 | 0 | 194 | 192 | 2 | 210
-395 | 7 | 7 | 0 | 194 | 192 | 2 | 211
-395 | 7 | 7 | 0 | 194 | 192 | 2 | 212
-395 | 7 | 7 | 0 | 194 | 192 | 2 | 213
-395 | 7 | 7 | 0 | 194 | 192 | 2 | 214
-395 | 7 | 7 | 0 | 194 | 192 | 2 | 215
-395 | 7 | 7 | 0 | 194 | 192 | 2 | 216
-395 | 7 | 7 | 0 | 194 | 192 | 2 | 217
-395 | 7 | 7 | 0 | 194 | 192 | 2 | 218
-395 | 7 | 7 | 0 | 194 | 192 | 2 | 219
-395 | 7 | 7 | 0 | 194 | 192 | 2 | 220
-395 | 7 | 7 | 0 | 194 | 192 | 2 | 221
-395 | 7 | 7 | 0 | 194 | 192 | 2 | 222
-395 | 7 | 7 | 0 | 194 | 192 | 2 | 223
-395 | 7 | 7 | 0 | 194 | 192 | 2 | 224
-395 | 7 | 7 | 0 | 194 | 192 | 2 | 225
-395 | 7 | 7 | 0 | 194 | 192 | 2 | 226
-395 | 7 | 7 | 0 | 194 | 192 | 2 | 227
-395 | 7 | 7 | 0 | 194 | 192 | 2 | 228
-395 | 7 | 7 | 0 | 194 | 192 | 2 | 229
-395 | 7 | 7 | 0 | 194 | 192 | 2 | 230
-395 | 7 | 7 | 0 | 194 | 190 | 4 | 231
-395 | 7 | 7 | 0 | 194 | 190 | 4 | 232
-395 | 7 | 7 | 0 | 194 | 190 | 4 | 233
-395 | 7 | 7 | 0 | 194 | 190 | 4 | 234
-395 | 7 | 7 | 0 | 194 | 190 | 4 | 235
-395 | 7 | 7 | 0 | 194 | 190 | 4 | 236
-395 | 7 | 7 | 0 | 194 | 190 | 4 | 237
-395 | 7 | 7 | 0 | 194 | 190 | 4 | 238
-395 | 7 | 7 | 0 | 194 | 190 | 4 | 239
-395 | 7 | 7 | 0 | 194 | 190 | 4 | 240
-395 | 7 | 7 | 0 | 194 | 190 | 4 | 241
-395 | 7 | 7 | 0 | 194 | 190 | 4 | 242
-395 | 7 | 7 | 0 | 194 | 190 | 4 | 243
-395 | 7 | 7 | 0 | 194 | 190 | 4 | 244
-395 | 7 | 7 | 0 | 194 | 190 | 4 | 245
-395 | 7 | 7 | 0 | 194 | 190 | 4 | 246
-395 | 7 | 7 | 0 | 194 | 190 | 4 | 247
-395 | 7 | 7 | 0 | 194 | 190 | 4 | 248
-395 | 7 | 7 | 0 | 194 | 190 | 4 | 249
-395 | 7 | 7 | 0 | 194 | 190 | 4 | 250
-395 | 7 | 7 | 0 | 194 | 190 | 4 | 251
-395 | 7 | 7 | 0 | 194 | 190 | 4 | 252
-395 | 7 | 7 | 0 | 194 | 190 | 4 | 253
-395 | 7 | 7 | 0 | 194 | 190 | 4 | 254
-395 | 7 | 7 | 0 | 194 | 190 | 4 | 255
-395 | 7 | 7 | 0 | 194 | 191 | 3 | 256
-395 | 7 | 7 | 0 | 194 | 191 | 3 | 257
-395 | 7 | 7 | 0 | 194 | 191 | 3 | 258
-395 | 7 | 7 | 0 | 194 | 191 | 3 | 259
-395 | 7 | 7 | 0 | 194 | 191 | 3 | 260
-395 | 7 | 7 | 0 | 194 | 191 | 3 | 261
-395 | 7 | 7 | 0 | 194 | 190 | 4 | 262
-395 | 7 | 7 | 0 | 194 | 191 | 3 | 263
-395 | 7 | 7 | 0 | 194 | 191 | 3 | 264
-395 | 7 | 7 | 0 | 194 | 191 | 3 | 265
-395 | 7 | 7 | 0 | 194 | 191 | 3 | 266
-395 | 7 | 7 | 0 | 194 | 191 | 3 | 267
-395 | 7 | 7 | 0 | 194 | 191 | 3 | 268
-395 | 7 | 7 | 0 | 194 | 191 | 3 | 269
-395 | 7 | 7 | 0 | 194 | 190 | 4 | 270
-395 | 7 | 7 | 0 | 194 | 190 | 4 | 271
-395 | 7 | 7 | 0 | 194 | 190 | 4 | 272
-395 | 7 | 7 | 0 | 194 | 190 | 4 | 273
-395 | 7 | 7 | 0 | 194 | 190 | 4 | 274
-395 | 7 | 7 | 0 | 194 | 190 | 4 | 275
-395 | 7 | 7 | 0 | 194 | 190 | 4 | 276
-395 | 7 | 7 | 0 | 194 | 190 | 4 | 277
-395 | 7 | 7 | 0 | 194 | 190 | 4 | 278
-395 | 7 | 7 | 0 | 194 | 190 | 4 | 279
-395 | 7 | 7 | 0 | 194 | 190 | 4 | 280
-395 | 7 | 7 | 0 | 194 | 190 | 4 | 281
-395 | 7 | 7 | 0 | 194 | 190 | 4 | 282
-395 | 7 | 7 | 0 | 194 | 190 | 4 | 283
-395 | 7 | 7 | 0 | 194 | 191 | 3 | 284
-395 | 7 | 7 | 0 | 194 | 191 | 3 | 285
-395 | 7 | 7 | 0 | 194 | 191 | 3 | 286
-395 | 7 | 7 | 0 | 194 | 191 | 3 | 287
-395 | 7 | 7 | 0 | 194 | 191 | 3 | 288
-395 | 7 | 7 | 0 | 194 | 191 | 3 | 289
-395 | 7 | 7 | 0 | 194 | 191 | 3 | 290
-395 | 7 | 7 | 0 | 194 | 191 | 3 | 291
-395 | 7 | 7 | 0 | 194 | 191 | 3 | 292
-395 | 7 | 7 | 0 | 194 | 193 | 1 | 293
-395 | 7 | 7 | 0 | 194 | 193 | 1 | 294
-395 | 7 | 7 | 0 | 194 | 193 | 1 | 295
-395 | 7 | 7 | 0 | 194 | 193 | 1 | 296
-395 | 7 | 7 | 0 | 194 | 193 | 1 | 297
-395 | 7 | 7 | 0 | 194 | 193 | 1 | 298
-395 | 7 | 7 | 0 | 194 | 193 | 1 | 299
-395 | 7 | 7 | 0 | 194 | 193 | 1 | 300
-395 | 7 | 7 | 0 | 194 | 193 | 1 | 301
-395 | 7 | 7 | 0 | 194 | 193 | 1 | 302
-395 | 7 | 7 | 0 | 194 | 193 | 1 | 303
-395 | 7 | 7 | 0 | 194 | 193 | 1 | 304
-395 | 7 | 7 | 0 | 194 | 193 | 1 | 305
-395 | 7 | 7 | 0 | 194 | 193 | 1 | 306
-395 | 7 | 7 | 0 | 194 | 193 | 1 | 307
-395 | 7 | 7 | 0 | 194 | 193 | 1 | 308
-395 | 7 | 7 | 0 | 194 | 193 | 1 | 309
-395 | 7 | 7 | 0 | 194 | 193 | 1 | 310
-395 | 7 | 7 | 0 | 194 | 193 | 1 | 311
-395 | 7 | 7 | 0 | 194 | 193 | 1 | 312
-395 | 7 | 7 | 0 | 194 | 193 | 1 | 313
-395 | 7 | 7 | 0 | 194 | 193 | 1 | 314
-395 | 7 | 7 | 0 | 194 | 193 | 1 | 315
-395 | 7 | 7 | 0 | 194 | 193 | 1 | 316
-395 | 7 | 7 | 0 | 194 | 181 | 13 | 317
-395 | 7 | 7 | 0 | 194 | 181 | 13 | 318
-395 | 7 | 7 | 0 | 194 | 181 | 13 | 319
-395 | 7 | 7 | 0 | 194 | 181 | 13 | 320
-395 | 7 | 7 | 0 | 194 | 181 | 13 | 321
-395 | 7 | 7 | 0 | 194 | 180 | 14 | 322
-395 | 7 | 7 | 0 | 194 | 180 | 14 | 323
-395 | 7 | 7 | 0 | 194 | 180 | 14 | 324
-395 | 7 | 7 | 0 | 194 | 180 | 14 | 325
-395 | 7 | 7 | 0 | 194 | 180 | 14 | 326
-395 | 7 | 7 | 0 | 194 | 180 | 14 | 327
-395 | 7 | 7 | 0 | 194 | 180 | 14 | 328
-395 | 7 | 7 | 0 | 194 | 180 | 14 | 329
-395 | 7 | 7 | 0 | 194 | 181 | 13 | 330
-395 | 7 | 7 | 0 | 194 | 181 | 13 | 331
-395 | 7 | 7 | 0 | 194 | 181 | 13 | 332
-395 | 7 | 7 | 0 | 194 | 181 | 13 | 333
-395 | 7 | 7 | 0 | 194 | 181 | 13 | 334
-395 | 7 | 7 | 0 | 194 | 181 | 13 | 335
-395 | 7 | 7 | 0 | 194 | 181 | 13 | 336
-395 | 7 | 7 | 0 | 194 | 181 | 13 | 337
-395 | 7 | 7 | 0 | 194 | 181 | 13 | 338
-395 | 7 | 7 | 0 | 194 | 181 | 13 | 339
-395 | 7 | 7 | 0 | 194 | 181 | 13 | 340
-395 | 7 | 7 | 0 | 194 | 181 | 13 | 341
-395 | 7 | 7 | 0 | 194 | 181 | 13 | 342
-395 | 7 | 7 | 0 | 194 | 181 | 13 | 343
-395 | 7 | 7 | 0 | 194 | 181 | 13 | 344
-395 | 7 | 7 | 0 | 194 | 179 | 15 | 345
-395 | 7 | 7 | 0 | 194 | 179 | 15 | 346
-395 | 7 | 7 | 0 | 194 | 180 | 14 | 347
-395 | 7 | 7 | 0 | 194 | 180 | 14 | 348
-395 | 7 | 7 | 0 | 194 | 180 | 14 | 349
-395 | 7 | 7 | 0 | 194 | 180 | 14 | 350
-395 | 7 | 7 | 0 | 194 | 180 | 14 | 351
-395 | 7 | 7 | 0 | 194 | 180 | 14 | 352
-395 | 7 | 7 | 0 | 194 | 180 | 14 | 353
-395 | 7 | 7 | 0 | 194 | 180 | 14 | 354
-395 | 7 | 7 | 0 | 194 | 180 | 14 | 355
-395 | 7 | 7 | 0 | 194 | 180 | 14 | 356
-395 | 7 | 7 | 0 | 194 | 180 | 14 | 357
-395 | 7 | 7 | 0 | 194 | 180 | 14 | 358
-395 | 7 | 7 | 0 | 194 | 180 | 14 | 359
-395 | 7 | 7 | 0 | 194 | 180 | 14 | 360
-395 | 7 | 7 | 0 | 194 | 180 | 14 | 361
-395 | 7 | 7 | 0 | 194 | 180 | 14 | 362
-395 | 7 | 7 | 0 | 194 | 180 | 14 | 363
-395 | 7 | 7 | 0 | 194 | 180 | 14 | 364
-395 | 7 | 7 | 0 | 194 | 180 | 14 | 365
-395 | 7 | 7 | 0 | 194 | 172 | 22 | 366
-395 | 7 | 7 | 0 | 194 | 172 | 22 | 367
-395 | 7 | 7 | 0 | 194 | 172 | 22 | 368
-395 | 7 | 7 | 0 | 194 | 172 | 22 | 369
-395 | 7 | 7 | 0 | 194 | 172 | 22 | 370
-395 | 7 | 7 | 0 | 194 | 172 | 22 | 371
-395 | 7 | 7 | 0 | 194 | 172 | 22 | 372
-395 | 7 | 7 | 0 | 194 | 172 | 22 | 373
-395 | 7 | 7 | 0 | 194 | 175 | 19 | 374
-395 | 7 | 7 | 0 | 194 | 175 | 19 | 375
-395 | 7 | 7 | 0 | 194 | 175 | 19 | 376
-395 | 7 | 7 | 0 | 194 | 175 | 19 | 377
-395 | 7 | 7 | 0 | 194 | 175 | 19 | 378
-395 | 7 | 7 | 0 | 194 | 175 | 19 | 379
-395 | 7 | 7 | 0 | 194 | 175 | 19 | 380
-395 | 7 | 7 | 0 | 194 | 175 | 19 | 381
-395 | 7 | 7 | 0 | 194 | 175 | 19 | 382
-395 | 7 | 7 | 0 | 194 | 175 | 19 | 383
-395 | 7 | 7 | 0 | 194 | 175 | 19 | 384
-395 | 7 | 7 | 0 | 194 | 175 | 19 | 385
-395 | 7 | 7 | 0 | 194 | 175 | 19 | 386
-395 | 7 | 7 | 0 | 194 | 175 | 19 | 387
-395 | 7 | 7 | 0 | 194 | 175 | 19 | 388
-395 | 7 | 7 | 0 | 194 | 175 | 19 | 389
-395 | 7 | 7 | 0 | 194 | 175 | 19 | 390
-395 | 7 | 7 | 0 | 194 | 175 | 19 | 391
-395 | 7 | 7 | 0 | 194 | 175 | 19 | 392
-395 | 7 | 7 | 0 | 194 | 175 | 19 | 393
-395 | 7 | 7 | 0 | 194 | 175 | 19 | 394
-395 | 7 | 7 | 0 | 194 | 175 | 19 | 395
-395 | 7 | 7 | 0 | 194 | 175 | 19 | 396
-395 | 7 | 7 | 0 | 194 | 175 | 19 | 397
-395 | 7 | 7 | 0 | 194 | 175 | 19 | 398
-395 | 7 | 7 | 0 | 194 | 175 | 19 | 399
-395 | 7 | 7 | 0 | 194 | 175 | 19 | 400
-395 | 7 | 7 | 0 | 194 | 175 | 19 | 401
-395 | 7 | 7 | 0 | 194 | 175 | 19 | 402
-395 | 7 | 7 | 0 | 194 | 175 | 19 | 403
-395 | 7 | 7 | 0 | 194 | 175 | 19 | 404
-395 | 7 | 7 | 0 | 194 | 175 | 19 | 405
-395 | 7 | 7 | 0 | 194 | 175 | 19 | 406
-395 | 7 | 7 | 0 | 194 | 175 | 19 | 407
-395 | 7 | 7 | 0 | 194 | 171 | 23 | 408
-395 | 7 | 7 | 0 | 194 | 171 | 23 | 409
-395 | 7 | 7 | 0 | 194 | 171 | 23 | 410
-395 | 7 | 7 | 0 | 194 | 175 | 19 | 411
-395 | 7 | 7 | 0 | 194 | 175 | 19 | 412
-395 | 7 | 7 | 0 | 194 | 175 | 19 | 413
-395 | 7 | 7 | 0 | 194 | 175 | 19 | 414
-395 | 7 | 7 | 0 | 194 | 175 | 19 | 415
-395 | 7 | 7 | 0 | 194 | 175 | 19 | 416
-395 | 7 | 7 | 0 | 194 | 175 | 19 | 417
-395 | 7 | 7 | 0 | 194 | 175 | 19 | 418
-395 | 7 | 7 | 0 | 194 | 175 | 19 | 419
-395 | 7 | 7 | 0 | 194 | 175 | 19 | 420
-395 | 7 | 7 | 0 | 194 | 175 | 19 | 421
-395 | 7 | 7 | 0 | 194 | 175 | 19 | 422
-395 | 7 | 7 | 0 | 194 | 175 | 19 | 423
-395 | 7 | 7 | 0 | 194 | 175 | 19 | 424
-395 | 7 | 7 | 0 | 194 | 175 | 19 | 425
-395 | 7 | 7 | 0 | 194 | 175 | 19 | 426
-395 | 7 | 7 | 0 | 194 | 175 | 19 | 427
-395 | 7 | 7 | 0 | 194 | 175 | 19 | 428
-395 | 7 | 7 | 0 | 194 | 175 | 19 | 429
-395 | 7 | 7 | 0 | 194 | 175 | 19 | 430
-395 | 7 | 7 | 0 | 194 | 175 | 19 | 431
-395 | 7 | 7 | 0 | 194 | 175 | 19 | 432
-395 | 7 | 7 | 0 | 194 | 175 | 19 | 433
-395 | 7 | 7 | 0 | 194 | 175 | 19 | 434
-395 | 7 | 7 | 0 | 194 | 174 | 20 | 435
-395 | 7 | 7 | 0 | 194 | 174 | 20 | 436
-395 | 7 | 7 | 0 | 194 | 169 | 25 | 437
-395 | 7 | 7 | 0 | 194 | 166 | 28 | 438
-395 | 7 | 7 | 0 | 194 | 166 | 28 | 439
-395 | 7 | 7 | 0 | 194 | 166 | 28 | 440
-395 | 7 | 7 | 0 | 194 | 166 | 28 | 441
-395 | 7 | 7 | 0 | 194 | 166 | 28 | 442
-395 | 7 | 7 | 0 | 194 | 166 | 28 | 443
-395 | 7 | 7 | 0 | 194 | 166 | 28 | 444
-395 | 7 | 7 | 0 | 194 | 166 | 28 | 445
-395 | 7 | 7 | 0 | 194 | 166 | 28 | 446
-395 | 7 | 7 | 0 | 194 | 166 | 28 | 447
-395 | 7 | 7 | 0 | 194 | 166 | 28 | 448
-395 | 7 | 7 | 0 | 194 | 166 | 28 | 449
-395 | 7 | 7 | 0 | 194 | 170 | 24 | 450
-395 | 7 | 7 | 0 | 194 | 170 | 24 | 451
-395 | 7 | 7 | 0 | 194 | 170 | 24 | 452
-395 | 7 | 7 | 0 | 194 | 170 | 24 | 453
-395 | 7 | 7 | 0 | 194 | 170 | 24 | 454
-395 | 7 | 7 | 0 | 194 | 170 | 24 | 455
-395 | 7 | 7 | 0 | 194 | 170 | 24 | 456
-395 | 7 | 7 | 0 | 194 | 170 | 24 | 457
-395 | 7 | 7 | 0 | 194 | 170 | 24 | 458
-395 | 7 | 7 | 0 | 194 | 170 | 24 | 459
-395 | 7 | 7 | 0 | 194 | 170 | 24 | 460
-395 | 7 | 7 | 0 | 194 | 170 | 24 | 461
-395 | 7 | 7 | 0 | 194 | 170 | 24 | 462
-395 | 7 | 7 | 0 | 194 | 170 | 24 | 463
-395 | 7 | 7 | 0 | 194 | 170 | 24 | 464
-395 | 7 | 7 | 0 | 194 | 170 | 24 | 465
-395 | 7 | 7 | 0 | 194 | 170 | 24 | 466
-395 | 7 | 7 | 0 | 194 | 170 | 24 | 467
-395 | 7 | 7 | 0 | 194 | 170 | 24 | 468
-395 | 7 | 7 | 0 | 194 | 170 | 24 | 469
-395 | 7 | 7 | 0 | 194 | 170 | 24 | 470
-395 | 7 | 7 | 0 | 194 | 170 | 24 | 471
-395 | 7 | 7 | 0 | 194 | 170 | 24 | 472
-395 | 7 | 7 | 0 | 194 | 170 | 24 | 473
-395 | 7 | 7 | 0 | 194 | 170 | 24 | 474
-395 | 7 | 7 | 0 | 194 | 170 | 24 | 475
-395 | 7 | 7 | 0 | 194 | 159 | 35 | 476
-395 | 7 | 7 | 0 | 194 | 156 | 38 | 477
-395 | 7 | 7 | 0 | 194 | 156 | 38 | 478
-395 | 7 | 7 | 0 | 194 | 156 | 38 | 479
-395 | 7 | 7 | 0 | 194 | 156 | 38 | 480
-395 | 7 | 7 | 0 | 194 | 155 | 39 | 481
-395 | 7 | 7 | 0 | 194 | 155 | 39 | 482
-395 | 7 | 7 | 0 | 194 | 155 | 39 | 483
-395 | 7 | 7 | 0 | 194 | 155 | 39 | 484
-395 | 7 | 7 | 0 | 194 | 155 | 39 | 485
-395 | 7 | 7 | 0 | 194 | 155 | 39 | 486
-395 | 7 | 7 | 0 | 194 | 155 | 39 | 487
-395 | 7 | 7 | 0 | 194 | 155 | 39 | 488
-395 | 7 | 7 | 0 | 194 | 155 | 39 | 489
-395 | 7 | 7 | 0 | 194 | 154 | 40 | 490
-395 | 7 | 7 | 0 | 194 | 154 | 40 | 491
-395 | 7 | 7 | 0 | 194 | 157 | 37 | 492
-395 | 7 | 7 | 0 | 194 | 157 | 37 | 493
-395 | 7 | 7 | 0 | 194 | 157 | 37 | 494
-395 | 7 | 7 | 0 | 194 | 157 | 37 | 495
-395 | 7 | 7 | 0 | 194 | 157 | 37 | 496
-395 | 7 | 7 | 0 | 194 | 157 | 37 | 497
-395 | 7 | 7 | 0 | 194 | 158 | 36 | 498
-395 | 7 | 7 | 0 | 194 | 158 | 36 | 499
-395 | 7 | 7 | 0 | 194 | 158 | 36 | 500
-395 | 7 | 7 | 0 | 194 | 158 | 36 | 501
-395 | 7 | 7 | 0 | 194 | 158 | 36 | 502
-395 | 7 | 7 | 0 | 194 | 158 | 36 | 503
-395 | 7 | 7 | 0 | 194 | 158 | 36 | 504
-395 | 7 | 7 | 0 | 194 | 158 | 36 | 505
-395 | 7 | 7 | 0 | 194 | 158 | 36 | 506
-395 | 7 | 7 | 0 | 194 | 158 | 36 | 507
-395 | 7 | 7 | 0 | 194 | 158 | 36 | 508
-395 | 7 | 7 | 0 | 194 | 158 | 36 | 509
-395 | 7 | 7 | 0 | 194 | 158 | 36 | 510
-395 | 7 | 7 | 0 | 194 | 158 | 36 | 511
-395 | 7 | 7 | 0 | 194 | 158 | 36 | 512
-395 | 7 | 7 | 0 | 194 | 158 | 36 | 513
-395 | 7 | 7 | 0 | 194 | 158 | 36 | 514
-395 | 7 | 7 | 0 | 194 | 167 | 27 | 515
-395 | 7 | 7 | 0 | 194 | 173 | 21 | 516
-395 | 7 | 7 | 0 | 194 | 173 | 21 | 517
-395 | 7 | 7 | 0 | 194 | 173 | 21 | 518
-395 | 7 | 7 | 0 | 194 | 173 | 21 | 519
-395 | 7 | 7 | 0 | 194 | 173 | 21 | 520
-395 | 7 | 7 | 0 | 194 | 173 | 21 | 521
-395 | 7 | 7 | 0 | 194 | 173 | 21 | 522
-395 | 7 | 7 | 0 | 194 | 173 | 21 | 523
-395 | 7 | 7 | 0 | 194 | 173 | 21 | 524
-395 | 7 | 7 | 0 | 194 | 171 | 23 | 525
-395 | 7 | 7 | 0 | 194 | 171 | 23 | 526
-395 | 7 | 7 | 0 | 194 | 171 | 23 | 527
-395 | 7 | 7 | 0 | 194 | 171 | 23 | 528
-395 | 7 | 7 | 0 | 194 | 171 | 23 | 529
-395 | 7 | 7 | 0 | 194 | 171 | 23 | 530
-395 | 7 | 7 | 0 | 194 | 171 | 23 | 531
-395 | 7 | 7 | 0 | 194 | 177 | 17 | 532
-395 | 7 | 7 | 0 | 194 | 177 | 17 | 533
-395 | 7 | 7 | 0 | 194 | 177 | 17 | 534
-395 | 7 | 7 | 0 | 194 | 177 | 17 | 535
-395 | 7 | 7 | 0 | 194 | 177 | 17 | 536
-395 | 7 | 7 | 0 | 194 | 177 | 17 | 537
-395 | 7 | 7 | 0 | 194 | 177 | 17 | 538
-395 | 7 | 7 | 0 | 194 | 186 | 8 | 539
-395 | 7 | 7 | 0 | 194 | 186 | 8 | 540
-395 | 7 | 7 | 0 | 194 | 179 | 15 | 541
-395 | 7 | 7 | 0 | 194 | 179 | 15 | 542
-395 | 7 | 7 | 0 | 194 | 179 | 15 | 543
-395 | 7 | 7 | 0 | 194 | 179 | 15 | 544
-395 | 7 | 7 | 0 | 194 | 179 | 15 | 545
-395 | 7 | 7 | 0 | 194 | 179 | 15 | 546
-395 | 7 | 7 | 0 | 194 | 179 | 15 | 547
-395 | 7 | 7 | 0 | 194 | 177 | 17 | 548
-395 | 7 | 7 | 0 | 194 | 177 | 17 | 549
-395 | 7 | 7 | 0 | 194 | 177 | 17 | 550
-395 | 7 | 7 | 0 | 194 | 177 | 17 | 551
-395 | 7 | 7 | 0 | 194 | 177 | 17 | 552
-395 | 7 | 7 | 0 | 194 | 177 | 17 | 553
-395 | 7 | 7 | 0 | 194 | 184 | 10 | 554
-395 | 7 | 7 | 0 | 194 | 184 | 10 | 555
-395 | 7 | 7 | 0 | 194 | 126 | 68 | 556
-395 | 7 | 7 | 0 | 194 | 126 | 68 | 557
-395 | 7 | 7 | 0 | 194 | 126 | 68 | 558
-395 | 7 | 7 | 0 | 194 | 136 | 58 | 559
-395 | 7 | 7 | 0 | 194 | 136 | 58 | 560
-395 | 7 | 7 | 0 | 194 | 136 | 58 | 561
-395 | 7 | 7 | 0 | 194 | 145 | 49 | 562
-395 | 7 | 7 | 0 | 194 | 145 | 49 | 563
-395 | 7 | 7 | 0 | 194 | 145 | 49 | 564
-395 | 7 | 7 | 0 | 194 | 143 | 51 | 565
-395 | 7 | 7 | 0 | 194 | 143 | 51 | 566
-395 | 7 | 7 | 0 | 194 | 143 | 51 | 567
-395 | 7 | 7 | 0 | 194 | 143 | 51 | 568
-395 | 7 | 7 | 0 | 194 | 141 | 53 | 569
-395 | 7 | 7 | 0 | 194 | 141 | 53 | 570
-395 | 7 | 7 | 0 | 194 | 141 | 53 | 571
-395 | 7 | 7 | 0 | 194 | 142 | 52 | 572
-395 | 7 | 7 | 0 | 194 | 142 | 52 | 573
-395 | 7 | 7 | 0 | 194 | 141 | 53 | 574
-395 | 7 | 7 | 0 | 194 | 141 | 53 | 575
-395 | 7 | 7 | 0 | 194 | 141 | 53 | 576
-395 | 7 | 7 | 0 | 194 | 141 | 53 | 577
-395 | 7 | 7 | 0 | 194 | 141 | 53 | 578
-395 | 7 | 7 | 0 | 194 | 141 | 53 | 579
-395 | 7 | 7 | 0 | 194 | 141 | 53 | 580
-395 | 7 | 7 | 0 | 194 | 141 | 53 | 581
-395 | 7 | 7 | 0 | 194 | 141 | 53 | 582
-395 | 7 | 7 | 0 | 194 | 141 | 53 | 583
-395 | 7 | 7 | 0 | 194 | 141 | 53 | 584
-395 | 7 | 7 | 0 | 194 | 141 | 53 | 585
-395 | 7 | 7 | 0 | 194 | 142 | 52 | 586
-395 | 7 | 7 | 0 | 194 | 142 | 52 | 587
-395 | 7 | 7 | 0 | 194 | 142 | 52 | 588
-395 | 7 | 7 | 0 | 194 | 142 | 52 | 589
-395 | 7 | 7 | 0 | 194 | 142 | 52 | 590
-395 | 7 | 7 | 0 | 194 | 142 | 52 | 591
-395 | 7 | 7 | 0 | 194 | 142 | 52 | 592
-395 | 7 | 7 | 0 | 194 | 142 | 52 | 593
-395 | 7 | 7 | 0 | 194 | 142 | 52 | 594
-395 | 7 | 7 | 0 | 194 | 142 | 52 | 595
-395 | 7 | 7 | 0 | 194 | 142 | 52 | 596
-395 | 7 | 7 | 0 | 194 | 142 | 52 | 597
-395 | 7 | 7 | 0 | 194 | 142 | 52 | 598
-395 | 7 | 7 | 0 | 194 | 142 | 52 | 599
-395 | 7 | 7 | 0 | 194 | 142 | 52 | 600
-395 | 7 | 7 | 0 | 194 | 142 | 52 | 601
-395 | 7 | 7 | 0 | 194 | 142 | 52 | 602
-395 | 7 | 7 | 0 | 194 | 142 | 52 | 603
-395 | 7 | 7 | 0 | 194 | 145 | 49 | 604
-395 | 7 | 7 | 0 | 194 | 145 | 49 | 605
-395 | 7 | 7 | 0 | 194 | 145 | 49 | 606
-395 | 7 | 7 | 0 | 194 | 145 | 49 | 607
-395 | 7 | 7 | 0 | 194 | 145 | 49 | 608
-395 | 7 | 7 | 0 | 194 | 145 | 49 | 609
-395 | 7 | 7 | 0 | 194 | 145 | 49 | 610
-395 | 7 | 7 | 0 | 194 | 145 | 49 | 611
-395 | 7 | 7 | 0 | 194 | 145 | 49 | 612
-395 | 7 | 7 | 0 | 194 | 145 | 49 | 613
-395 | 7 | 7 | 0 | 194 | 145 | 49 | 614
-395 | 7 | 7 | 0 | 194 | 145 | 49 | 615
-395 | 7 | 7 | 0 | 194 | 145 | 49 | 616
-395 | 7 | 7 | 0 | 194 | 145 | 49 | 617
-395 | 7 | 7 | 0 | 194 | 145 | 49 | 618
-395 | 7 | 7 | 0 | 194 | 145 | 49 | 619
-395 | 7 | 7 | 0 | 194 | 145 | 49 | 620
-395 | 7 | 7 | 0 | 194 | 145 | 49 | 621
-395 | 7 | 7 | 0 | 194 | 145 | 49 | 622
-395 | 7 | 7 | 0 | 194 | 145 | 49 | 623
-395 | 7 | 7 | 0 | 194 | 145 | 49 | 624
-395 | 7 | 7 | 0 | 194 | 145 | 49 | 625
-395 | 7 | 7 | 0 | 194 | 145 | 49 | 626
-395 | 7 | 7 | 0 | 194 | 145 | 49 | 627
-395 | 7 | 7 | 0 | 194 | 145 | 49 | 628
-395 | 7 | 7 | 0 | 194 | 145 | 49 | 629
-395 | 7 | 7 | 0 | 194 | 145 | 49 | 630
-395 | 7 | 7 | 0 | 194 | 145 | 49 | 631
-395 | 7 | 7 | 0 | 194 | 145 | 49 | 632
-395 | 7 | 7 | 0 | 194 | 145 | 49 | 633
-395 | 7 | 7 | 0 | 194 | 145 | 49 | 634
-395 | 7 | 7 | 0 | 194 | 145 | 49 | 635
-395 | 7 | 7 | 0 | 194 | 145 | 49 | 636
-395 | 7 | 7 | 0 | 194 | 145 | 49 | 637
-395 | 7 | 7 | 0 | 194 | 145 | 49 | 638
-395 | 7 | 7 | 0 | 194 | 145 | 49 | 639
-395 | 7 | 7 | 0 | 194 | 145 | 49 | 640
-395 | 7 | 7 | 0 | 194 | 145 | 49 | 641
-395 | 7 | 7 | 0 | 194 | 145 | 49 | 642
-395 | 7 | 7 | 0 | 194 | 145 | 49 | 643
-395 | 7 | 7 | 0 | 194 | 145 | 49 | 644
-395 | 7 | 7 | 0 | 194 | 145 | 49 | 645
-395 | 7 | 7 | 0 | 194 | 145 | 49 | 646
-395 | 7 | 7 | 0 | 194 | 145 | 49 | 647
-395 | 7 | 7 | 0 | 194 | 145 | 49 | 648
-395 | 7 | 7 | 0 | 194 | 145 | 49 | 649
-395 | 7 | 7 | 0 | 194 | 145 | 49 | 650
-395 | 7 | 7 | 0 | 194 | 145 | 49 | 651
-395 | 7 | 7 | 0 | 194 | 145 | 49 | 652
-395 | 7 | 7 | 0 | 194 | 145 | 49 | 653
-395 | 7 | 7 | 0 | 194 | 145 | 49 | 654
-395 | 7 | 7 | 0 | 194 | 145 | 49 | 655
-395 | 7 | 7 | 0 | 194 | 145 | 49 | 656
-395 | 7 | 7 | 0 | 194 | 145 | 49 | 657
-395 | 7 | 7 | 0 | 194 | 145 | 49 | 658
-395 | 7 | 7 | 0 | 194 | 145 | 49 | 659
-395 | 7 | 7 | 0 | 194 | 146 | 48 | 660
-395 | 7 | 7 | 0 | 194 | 146 | 48 | 661
-395 | 7 | 7 | 0 | 194 | 146 | 48 | 662
-395 | 7 | 7 | 0 | 194 | 146 | 48 | 663
-395 | 7 | 7 | 0 | 194 | 146 | 48 | 664
-395 | 7 | 7 | 0 | 194 | 146 | 48 | 665
-395 | 7 | 7 | 0 | 194 | 146 | 48 | 666
-395 | 7 | 7 | 0 | 194 | 146 | 48 | 667
-395 | 7 | 7 | 0 | 194 | 146 | 48 | 668
-395 | 7 | 7 | 0 | 194 | 146 | 48 | 669
-395 | 7 | 7 | 0 | 194 | 146 | 48 | 670
-395 | 7 | 7 | 0 | 194 | 146 | 48 | 671
-395 | 7 | 7 | 0 | 194 | 146 | 48 | 672
-395 | 7 | 7 | 0 | 194 | 146 | 48 | 673
-395 | 7 | 7 | 0 | 194 | 146 | 48 | 674
-395 | 7 | 7 | 0 | 194 | 146 | 48 | 675
-395 | 7 | 7 | 0 | 194 | 149 | 45 | 676
-395 | 7 | 7 | 0 | 194 | 149 | 45 | 677
-395 | 7 | 7 | 0 | 194 | 149 | 45 | 678
-395 | 7 | 7 | 0 | 194 | 148 | 46 | 679
-395 | 7 | 7 | 0 | 194 | 148 | 46 | 680
-395 | 7 | 7 | 0 | 194 | 151 | 43 | 681
-395 | 7 | 7 | 0 | 194 | 151 | 43 | 682
-395 | 7 | 7 | 0 | 194 | 151 | 43 | 683
-395 | 7 | 7 | 0 | 194 | 151 | 43 | 684
-395 | 7 | 7 | 0 | 194 | 151 | 43 | 685
-395 | 7 | 7 | 0 | 194 | 151 | 43 | 686
-395 | 7 | 7 | 0 | 194 | 151 | 43 | 687
-395 | 7 | 7 | 0 | 194 | 151 | 43 | 688
-395 | 7 | 7 | 0 | 194 | 151 | 43 | 689
-395 | 7 | 7 | 0 | 194 | 151 | 43 | 690
-395 | 7 | 7 | 0 | 194 | 151 | 43 | 691
-395 | 7 | 7 | 0 | 194 | 151 | 43 | 692
-395 | 7 | 7 | 0 | 194 | 151 | 43 | 693
-395 | 7 | 7 | 0 | 194 | 151 | 43 | 694
-395 | 7 | 7 | 0 | 194 | 151 | 43 | 695
-395 | 7 | 7 | 0 | 194 | 151 | 43 | 696
-395 | 7 | 7 | 0 | 194 | 142 | 52 | 697
-395 | 7 | 7 | 0 | 194 | 147 | 47 | 698
-395 | 7 | 7 | 0 | 194 | 147 | 47 | 699
-395 | 7 | 7 | 0 | 194 | 147 | 47 | 700
-395 | 7 | 7 | 0 | 194 | 147 | 47 | 701
-395 | 7 | 7 | 0 | 194 | 141 | 53 | 702
-395 | 7 | 7 | 0 | 194 | 141 | 53 | 703
-395 | 7 | 7 | 0 | 194 | 141 | 53 | 704
-395 | 7 | 7 | 0 | 194 | 141 | 53 | 705
-395 | 7 | 7 | 0 | 194 | 141 | 53 | 706
-395 | 7 | 7 | 0 | 194 | 141 | 53 | 707
-395 | 7 | 7 | 0 | 194 | 141 | 53 | 708
-395 | 7 | 7 | 0 | 194 | 141 | 53 | 709
-395 | 7 | 7 | 0 | 194 | 141 | 53 | 710
-395 | 7 | 7 | 0 | 194 | 141 | 53 | 711
-395 | 7 | 7 | 0 | 194 | 141 | 53 | 712
-395 | 7 | 7 | 0 | 194 | 141 | 53 | 713
-395 | 7 | 7 | 0 | 194 | 141 | 53 | 714
-395 | 7 | 7 | 0 | 194 | 141 | 53 | 715
-395 | 7 | 7 | 0 | 194 | 141 | 53 | 716
-395 | 7 | 7 | 0 | 194 | 142 | 52 | 717
-395 | 7 | 7 | 0 | 194 | 142 | 52 | 718
-395 | 7 | 7 | 0 | 194 | 142 | 52 | 719
-395 | 7 | 7 | 0 | 194 | 142 | 52 | 720
-395 | 7 | 7 | 0 | 194 | 142 | 52 | 721
-395 | 7 | 7 | 0 | 194 | 142 | 52 | 722
-395 | 7 | 7 | 0 | 194 | 137 | 57 | 723
-395 | 7 | 7 | 0 | 194 | 137 | 57 | 724
-395 | 7 | 7 | 0 | 194 | 137 | 57 | 725
-395 | 7 | 7 | 0 | 194 | 137 | 57 | 726
-395 | 7 | 7 | 0 | 194 | 137 | 57 | 727
-395 | 7 | 7 | 0 | 194 | 137 | 57 | 728
-395 | 7 | 7 | 0 | 194 | 137 | 57 | 729
-395 | 7 | 7 | 0 | 194 | 137 | 57 | 730
-395 | 7 | 7 | 0 | 194 | 134 | 60 | 731
-395 | 7 | 7 | 0 | 194 | 134 | 60 | 732
-395 | 7 | 7 | 0 | 194 | 134 | 60 | 733
-395 | 7 | 7 | 0 | 194 | 134 | 60 | 734
-395 | 7 | 7 | 0 | 194 | 134 | 60 | 735
-395 | 7 | 7 | 0 | 194 | 134 | 60 | 736
-395 | 7 | 7 | 0 | 194 | 134 | 60 | 737
-395 | 7 | 7 | 0 | 194 | 134 | 60 | 738
-395 | 7 | 7 | 0 | 194 | 134 | 60 | 739
-395 | 7 | 7 | 0 | 194 | 134 | 60 | 740
-395 | 7 | 7 | 0 | 194 | 135 | 59 | 741
-395 | 7 | 7 | 0 | 194 | 135 | 59 | 742
-395 | 7 | 7 | 0 | 194 | 135 | 59 | 743
-395 | 7 | 7 | 0 | 194 | 135 | 59 | 744
-395 | 7 | 7 | 0 | 194 | 135 | 59 | 745
-395 | 7 | 7 | 0 | 194 | 135 | 59 | 746
-395 | 7 | 7 | 0 | 194 | 135 | 59 | 747
-395 | 7 | 7 | 0 | 194 | 135 | 59 | 748
-395 | 7 | 7 | 0 | 194 | 140 | 54 | 749
-395 | 7 | 7 | 0 | 194 | 140 | 54 | 750
-395 | 7 | 7 | 0 | 194 | 140 | 54 | 751
-395 | 7 | 7 | 0 | 194 | 132 | 62 | 752
-395 | 7 | 7 | 0 | 194 | 132 | 62 | 753
-395 | 7 | 7 | 0 | 194 | 132 | 62 | 754
-395 | 7 | 7 | 0 | 194 | 132 | 62 | 755
-395 | 7 | 7 | 0 | 194 | 132 | 62 | 756
-395 | 7 | 7 | 0 | 194 | 132 | 62 | 757
-395 | 7 | 7 | 0 | 194 | 134 | 60 | 758
-395 | 7 | 7 | 0 | 194 | 134 | 60 | 759
-395 | 7 | 7 | 0 | 194 | 134 | 60 | 760
-395 | 7 | 7 | 0 | 194 | 134 | 60 | 761
-395 | 7 | 7 | 0 | 194 | 134 | 60 | 762
-395 | 7 | 7 | 0 | 194 | 134 | 60 | 763
-395 | 7 | 7 | 0 | 194 | 134 | 60 | 764
-395 | 7 | 7 | 0 | 194 | 134 | 60 | 765
-395 | 7 | 7 | 0 | 194 | 139 | 55 | 766
-395 | 7 | 7 | 0 | 194 | 139 | 55 | 767
-395 | 7 | 7 | 0 | 194 | 133 | 61 | 768
-395 | 7 | 7 | 0 | 194 | 133 | 61 | 769
-395 | 7 | 7 | 0 | 194 | 133 | 61 | 770
-395 | 7 | 7 | 0 | 194 | 133 | 61 | 771
-395 | 7 | 7 | 0 | 194 | 133 | 61 | 772
-395 | 7 | 7 | 0 | 194 | 133 | 61 | 773
-395 | 7 | 7 | 0 | 194 | 138 | 56 | 774
-395 | 7 | 7 | 0 | 194 | 138 | 56 | 775
-395 | 7 | 7 | 0 | 194 | 138 | 56 | 776
-395 | 7 | 7 | 0 | 194 | 138 | 56 | 777
-395 | 7 | 7 | 0 | 194 | 138 | 56 | 778
-395 | 7 | 7 | 0 | 194 | 138 | 56 | 779
-395 | 7 | 7 | 0 | 194 | 138 | 56 | 780
-395 | 7 | 7 | 0 | 194 | 138 | 56 | 781
-395 | 7 | 7 | 0 | 194 | 138 | 56 | 782
-395 | 7 | 7 | 0 | 194 | 138 | 56 | 783
-395 | 7 | 7 | 0 | 194 | 138 | 56 | 784
-395 | 7 | 7 | 0 | 194 | 138 | 56 | 785
-395 | 7 | 7 | 0 | 194 | 138 | 56 | 786
-395 | 7 | 7 | 0 | 194 | 141 | 53 | 787
-395 | 7 | 7 | 0 | 194 | 141 | 53 | 788
-395 | 7 | 7 | 0 | 194 | 141 | 53 | 789
-395 | 7 | 7 | 0 | 194 | 141 | 53 | 790
-395 | 7 | 7 | 0 | 194 | 141 | 53 | 791
-395 | 7 | 7 | 0 | 194 | 141 | 53 | 792
-395 | 7 | 7 | 0 | 194 | 142 | 52 | 793
-395 | 7 | 7 | 0 | 194 | 142 | 52 | 794
-395 | 7 | 7 | 0 | 194 | 142 | 52 | 795
-395 | 7 | 7 | 0 | 194 | 142 | 52 | 796
-395 | 7 | 7 | 0 | 194 | 142 | 52 | 797
-395 | 7 | 7 | 0 | 194 | 135 | 59 | 798
-395 | 7 | 7 | 0 | 194 | 135 | 59 | 799
-395 | 7 | 7 | 0 | 194 | 135 | 59 | 800
-395 | 7 | 7 | 0 | 194 | 135 | 59 | 801
-395 | 7 | 7 | 0 | 194 | 135 | 59 | 802
-395 | 7 | 7 | 0 | 194 | 135 | 59 | 803
-395 | 7 | 7 | 0 | 194 | 135 | 59 | 804
-395 | 7 | 7 | 0 | 194 | 135 | 59 | 805
-395 | 7 | 7 | 0 | 194 | 135 | 59 | 806
-395 | 7 | 7 | 0 | 194 | 135 | 59 | 807
-395 | 7 | 7 | 0 | 194 | 135 | 59 | 808
-395 | 7 | 7 | 0 | 194 | 135 | 59 | 809
-395 | 7 | 7 | 0 | 194 | 135 | 59 | 810
-395 | 7 | 7 | 0 | 194 | 135 | 59 | 811
-395 | 7 | 7 | 0 | 194 | 135 | 59 | 812
-395 | 7 | 7 | 0 | 194 | 135 | 59 | 813
-395 | 7 | 7 | 0 | 194 | 135 | 59 | 814
-395 | 7 | 7 | 0 | 194 | 135 | 59 | 815
-395 | 7 | 7 | 0 | 194 | 135 | 59 | 816
-395 | 7 | 7 | 0 | 194 | 135 | 59 | 817
-395 | 7 | 7 | 0 | 194 | 135 | 59 | 818
-395 | 7 | 7 | 0 | 194 | 135 | 59 | 819
-395 | 7 | 7 | 0 | 194 | 135 | 59 | 820
-395 | 7 | 7 | 0 | 194 | 135 | 59 | 821
-395 | 7 | 7 | 0 | 194 | 130 | 64 | 822
-395 | 7 | 7 | 0 | 194 | 130 | 64 | 823
-395 | 7 | 7 | 0 | 194 | 130 | 64 | 824
-395 | 7 | 7 | 0 | 194 | 130 | 64 | 825
-395 | 7 | 7 | 0 | 194 | 126 | 68 | 826
-395 | 7 | 7 | 0 | 194 | 126 | 68 | 827
-395 | 7 | 7 | 0 | 194 | 126 | 68 | 828
-395 | 7 | 7 | 0 | 194 | 126 | 68 | 829
-395 | 7 | 7 | 0 | 194 | 126 | 68 | 830
-395 | 7 | 7 | 0 | 194 | 126 | 68 | 831
-395 | 7 | 7 | 0 | 194 | 126 | 68 | 832
-395 | 7 | 7 | 0 | 194 | 133 | 61 | 833
-395 | 7 | 7 | 0 | 194 | 133 | 61 | 834
-395 | 7 | 7 | 0 | 194 | 133 | 61 | 835
-395 | 7 | 7 | 0 | 194 | 121 | 73 | 836
-395 | 7 | 7 | 0 | 194 | 121 | 73 | 837
-395 | 7 | 7 | 0 | 194 | 121 | 73 | 838
-395 | 7 | 7 | 0 | 194 | 121 | 73 | 839
-395 | 7 | 7 | 0 | 194 | 121 | 73 | 840
-395 | 7 | 7 | 0 | 194 | 121 | 73 | 841
-395 | 7 | 7 | 0 | 194 | 121 | 73 | 842
-395 | 7 | 7 | 0 | 194 | 121 | 73 | 843
-395 | 7 | 7 | 0 | 194 | 121 | 73 | 844
-395 | 7 | 7 | 0 | 194 | 127 | 67 | 845
-395 | 7 | 7 | 0 | 194 | 127 | 67 | 846
-395 | 7 | 7 | 0 | 194 | 123 | 71 | 847
-395 | 7 | 7 | 0 | 194 | 123 | 71 | 848
-395 | 7 | 7 | 0 | 194 | 123 | 71 | 849
-395 | 7 | 7 | 0 | 194 | 123 | 71 | 850
-395 | 7 | 7 | 0 | 194 | 123 | 71 | 851
-395 | 7 | 7 | 0 | 194 | 123 | 71 | 852
-395 | 7 | 7 | 0 | 194 | 123 | 71 | 853
-395 | 7 | 7 | 0 | 194 | 123 | 71 | 854
-395 | 7 | 7 | 0 | 194 | 123 | 71 | 855
-395 | 7 | 7 | 0 | 194 | 123 | 71 | 856
-395 | 7 | 7 | 0 | 194 | 123 | 71 | 857
-395 | 7 | 7 | 0 | 194 | 123 | 71 | 858
-395 | 7 | 7 | 0 | 194 | 123 | 71 | 859
-395 | 7 | 7 | 0 | 194 | 123 | 71 | 860
-395 | 7 | 7 | 0 | 194 | 123 | 71 | 861
-395 | 7 | 7 | 0 | 194 | 123 | 71 | 862
-395 | 7 | 7 | 0 | 194 | 123 | 71 | 863
-395 | 7 | 7 | 0 | 194 | 122 | 72 | 864
-395 | 7 | 7 | 0 | 194 | 126 | 68 | 865
-395 | 7 | 7 | 0 | 194 | 126 | 68 | 866
-395 | 7 | 7 | 0 | 194 | 126 | 68 | 867
-395 | 7 | 7 | 0 | 194 | 126 | 68 | 868
-395 | 7 | 7 | 0 | 194 | 126 | 68 | 869
-395 | 7 | 7 | 0 | 194 | 126 | 68 | 870
-395 | 7 | 7 | 0 | 194 | 126 | 68 | 871
-395 | 7 | 7 | 0 | 194 | 126 | 68 | 872
-395 | 7 | 7 | 0 | 194 | 126 | 68 | 873
-395 | 7 | 7 | 0 | 194 | 126 | 68 | 874
-395 | 7 | 7 | 0 | 194 | 126 | 68 | 875
-395 | 7 | 7 | 0 | 194 | 126 | 68 | 876
-395 | 7 | 7 | 0 | 194 | 126 | 68 | 877
-395 | 7 | 7 | 0 | 194 | 126 | 68 | 878
-395 | 7 | 7 | 0 | 194 | 128 | 66 | 879
-395 | 7 | 7 | 0 | 194 | 128 | 66 | 880
-395 | 7 | 7 | 0 | 194 | 130 | 64 | 881
-395 | 7 | 7 | 0 | 194 | 130 | 64 | 882
-395 | 7 | 7 | 0 | 194 | 130 | 64 | 883
-395 | 7 | 7 | 0 | 194 | 130 | 64 | 884
-395 | 7 | 7 | 0 | 194 | 130 | 64 | 885
-395 | 7 | 7 | 0 | 194 | 130 | 64 | 886
-395 | 7 | 7 | 0 | 194 | 130 | 64 | 887
-395 | 7 | 7 | 0 | 194 | 130 | 64 | 888
-395 | 7 | 7 | 0 | 194 | 123 | 71 | 889
-395 | 7 | 7 | 0 | 194 | 123 | 71 | 890
-395 | 7 | 7 | 0 | 194 | 123 | 71 | 891
-395 | 7 | 7 | 0 | 194 | 123 | 71 | 892
-395 | 7 | 7 | 0 | 194 | 123 | 71 | 893
-395 | 7 | 7 | 0 | 194 | 123 | 71 | 894
-395 | 7 | 7 | 0 | 194 | 123 | 71 | 895
-395 | 7 | 7 | 0 | 194 | 131 | 63 | 896
-395 | 7 | 7 | 0 | 194 | 131 | 63 | 897
-395 | 7 | 7 | 0 | 194 | 131 | 63 | 898
-395 | 7 | 7 | 0 | 194 | 131 | 63 | 899
-395 | 7 | 7 | 0 | 194 | 131 | 63 | 900
-395 | 7 | 7 | 0 | 194 | 131 | 63 | 901
-395 | 7 | 7 | 0 | 194 | 131 | 63 | 902
-395 | 7 | 7 | 0 | 194 | 131 | 63 | 903
-395 | 7 | 7 | 0 | 194 | 131 | 63 | 904
-395 | 7 | 7 | 0 | 194 | 131 | 63 | 905
-395 | 7 | 7 | 0 | 194 | 131 | 63 | 906
-395 | 7 | 7 | 0 | 194 | 131 | 63 | 907
-395 | 7 | 7 | 0 | 194 | 131 | 63 | 908
-395 | 7 | 7 | 0 | 194 | 131 | 63 | 909
-395 | 7 | 7 | 0 | 194 | 131 | 63 | 910
-395 | 7 | 7 | 0 | 194 | 131 | 63 | 911
-395 | 7 | 7 | 0 | 194 | 131 | 63 | 912
-395 | 7 | 7 | 0 | 194 | 131 | 63 | 913
-395 | 7 | 7 | 0 | 194 | 131 | 63 | 914
-395 | 7 | 7 | 0 | 194 | 134 | 60 | 915
-395 | 7 | 7 | 0 | 194 | 134 | 60 | 916
-395 | 7 | 7 | 0 | 194 | 134 | 60 | 917
-395 | 7 | 7 | 0 | 194 | 134 | 60 | 918
-395 | 7 | 7 | 0 | 194 | 134 | 60 | 919
-395 | 7 | 7 | 0 | 194 | 134 | 60 | 920
-395 | 7 | 7 | 0 | 194 | 134 | 60 | 921
-395 | 7 | 7 | 0 | 194 | 134 | 60 | 922
-395 | 7 | 7 | 0 | 194 | 134 | 60 | 923
-395 | 7 | 7 | 0 | 194 | 134 | 60 | 924
-395 | 7 | 7 | 0 | 194 | 134 | 60 | 925
-395 | 7 | 7 | 0 | 194 | 134 | 60 | 926
-395 | 7 | 7 | 0 | 194 | 134 | 60 | 927
-395 | 7 | 7 | 0 | 194 | 130 | 64 | 928
-395 | 7 | 7 | 0 | 194 | 130 | 64 | 929
-395 | 7 | 7 | 0 | 194 | 130 | 64 | 930
-395 | 7 | 7 | 0 | 194 | 129 | 65 | 931
-395 | 7 | 7 | 0 | 194 | 129 | 65 | 932
-395 | 7 | 7 | 0 | 194 | 129 | 65 | 933
-395 | 7 | 7 | 0 | 194 | 129 | 65 | 934
-395 | 7 | 7 | 0 | 194 | 130 | 64 | 935
-395 | 7 | 7 | 0 | 194 | 130 | 64 | 936
-395 | 7 | 7 | 0 | 194 | 130 | 64 | 937
-395 | 7 | 7 | 0 | 194 | 130 | 64 | 938
-395 | 7 | 7 | 0 | 194 | 130 | 64 | 939
-395 | 7 | 7 | 0 | 194 | 130 | 64 | 940
-395 | 7 | 7 | 0 | 194 | 130 | 64 | 941
-395 | 7 | 7 | 0 | 194 | 130 | 64 | 942
-395 | 7 | 7 | 0 | 194 | 130 | 64 | 943
-395 | 7 | 7 | 0 | 194 | 130 | 64 | 944
-395 | 7 | 7 | 0 | 194 | 130 | 64 | 945
-395 | 7 | 7 | 0 | 194 | 130 | 64 | 946
-395 | 7 | 7 | 0 | 194 | 130 | 64 | 947
-395 | 7 | 7 | 0 | 194 | 131 | 63 | 948
-395 | 7 | 7 | 0 | 194 | 131 | 63 | 949
-395 | 7 | 7 | 0 | 194 | 131 | 63 | 950
-395 | 7 | 7 | 0 | 194 | 131 | 63 | 951
-395 | 7 | 7 | 0 | 194 | 131 | 63 | 952
-395 | 7 | 7 | 0 | 194 | 131 | 63 | 953
-395 | 7 | 7 | 0 | 194 | 131 | 63 | 954
-395 | 7 | 7 | 0 | 194 | 131 | 63 | 955
-395 | 7 | 7 | 0 | 194 | 131 | 63 | 956
-395 | 7 | 7 | 0 | 194 | 131 | 63 | 957
-395 | 7 | 7 | 0 | 194 | 131 | 63 | 958
-395 | 7 | 7 | 0 | 194 | 131 | 63 | 959
-395 | 7 | 7 | 0 | 194 | 131 | 63 | 960
-395 | 7 | 7 | 0 | 194 | 134 | 60 | 961
-395 | 7 | 7 | 0 | 194 | 134 | 60 | 962
-395 | 7 | 7 | 0 | 194 | 134 | 60 | 963
-395 | 7 | 7 | 0 | 194 | 134 | 60 | 964
-395 | 7 | 7 | 0 | 194 | 134 | 60 | 965
-395 | 7 | 7 | 0 | 194 | 134 | 60 | 966
-395 | 7 | 7 | 0 | 194 | 134 | 60 | 967
-395 | 7 | 7 | 0 | 194 | 134 | 60 | 968
-395 | 7 | 7 | 0 | 194 | 134 | 60 | 969
-395 | 7 | 7 | 0 | 194 | 134 | 60 | 970
-395 | 7 | 7 | 0 | 194 | 134 | 60 | 971
-395 | 7 | 7 | 0 | 194 | 134 | 60 | 972
-395 | 7 | 7 | 0 | 194 | 135 | 59 | 973
-395 | 7 | 7 | 0 | 194 | 140 | 54 | 974
-395 | 7 | 7 | 0 | 194 | 140 | 54 | 975
-395 | 7 | 7 | 0 | 194 | 140 | 54 | 976
-395 | 7 | 7 | 0 | 194 | 140 | 54 | 977
-395 | 7 | 7 | 0 | 194 | 136 | 58 | 978
-395 | 7 | 7 | 0 | 194 | 136 | 58 | 979
-395 | 7 | 7 | 0 | 194 | 136 | 58 | 980
-395 | 7 | 7 | 0 | 194 | 136 | 58 | 981
-395 | 7 | 7 | 0 | 194 | 136 | 58 | 982
-395 | 7 | 7 | 0 | 194 | 136 | 58 | 983
-395 | 7 | 7 | 0 | 194 | 136 | 58 | 984
-395 | 7 | 7 | 0 | 194 | 136 | 58 | 985
-395 | 7 | 7 | 0 | 194 | 142 | 52 | 986
-395 | 7 | 7 | 0 | 194 | 140 | 54 | 987
-395 | 7 | 7 | 0 | 194 | 140 | 54 | 988
-395 | 7 | 7 | 0 | 194 | 141 | 53 | 989
-395 | 7 | 7 | 0 | 194 | 141 | 53 | 990
-395 | 7 | 7 | 0 | 194 | 141 | 53 | 991
-395 | 7 | 7 | 0 | 194 | 141 | 53 | 992
-395 | 7 | 7 | 0 | 194 | 143 | 51 | 993
-395 | 7 | 7 | 0 | 194 | 143 | 51 | 994
-395 | 7 | 7 | 0 | 194 | 143 | 51 | 995
-395 | 7 | 7 | 0 | 194 | 143 | 51 | 996
-395 | 7 | 7 | 0 | 194 | 143 | 51 | 997
-395 | 7 | 7 | 0 | 194 | 143 | 51 | 998
-395 | 7 | 7 | 0 | 194 | 143 | 51 | 999
-395 | 7 | 7 | 0 | 194 | 143 | 51 | 1000
