% # columns="iteration, evaluation, sigma, axis ratio, bestever, best, median, worst objective function value, further objective values of best", seed=1084068, Wed May 29 09:03:16 2024, <python>{}</python>
1 10 0.009138783612580798 1.0000450010125153 90.28911946006576 9.0289119460065763e+01 125.70818640105387 254.23357924518214   
3 30 0.007928133679338216 1.2268681325748487 129.24894336052944 1.3188005779089019e+02 160.29166603180752 323.0308395647428   
2 20 0.00882601586900175 1.1838385750282028 68.05485524923694 6.8054855249236937e+01 119.99160480183129 483.9977653524671   
4 40 0.007493952472761242 1.3145878941957447 129.24894336052944 1.2984382886539035e+02 143.3580705776456 193.13497369263263   
2 20 0.008624622881987917 1.151113827982931 90.28911946006576 9.0635612798958448e+01 110.51499839938309 179.21123128753106   
5 50 0.007712991023181014 1.364550475756438 129.24894336052944 1.3079643862441415e+02 152.9698454900243 222.62723713623032   
3 30 0.009015836336454208 1.2991976443943682 68.05485524923694 6.8896430488099725e+01 89.15605341414827 146.96019892837165   
6 60 0.008170637591650593 1.4563013139476473 129.24894336052944 1.3035768698832487e+02 161.54911116556303 234.61577473751635   
3 30 0.008482906672466763 1.174723463300478 90.28911946006576 9.3588037711620856e+01 110.42743245475484 137.27708371390256   
4 40 0.008274701984059605 1.4291971949198932 68.05485524923694 6.9831690564264321e+01 79.68654809231205 138.893535043769   
7 70 0.008091248856388043 1.6140835889697358 129.24894336052944 1.2965198146250884e+02 135.44884137410673 205.27757142844115   
4 40 0.008886023464236137 1.2626124658219529 90.28911946006576 9.0652990792822749e+01 98.05151362502934 136.8351073491136   
8 80 0.007995886961517241 1.6460856294605117 129.24894336052944 1.2988173455261432e+02 167.3312491606594 196.47429720037889   
5 50 0.008475921567697671 1.5055293204617797 67.44600622720648 6.7446006227206482e+01 73.160460200342 116.81828043371122   
9 90 0.008576270133467399 1.6945231276547057 129.24894336052944 1.3036483838186550e+02 147.06943879616782 226.75740052385086   
5 50 0.009267779639799033 1.298457612278435 90.27952806605705 9.0279528066057054e+01 125.82338275695082 184.53109616710765   
10 100 0.008007128959979338 1.939561493159309 129.24894336052944 1.3160448000336982e+02 146.21647533659748 318.16559246045017   
6 60 0.007979667592046437 1.5977518823333525 67.44600622720648 6.7765959655645773e+01 77.71416133122291 107.7135731721837   
11 110 0.007647724988622157 2.0987890032704537 129.2257481250903 1.2922574812509029e+02 135.08290693515073 195.49459277314594   
6 60 0.009470548169907216 1.5328895285126645 90.27952806605705 9.1415329626791504e+01 147.64438805414065 289.09915032770334   
12 120 0.007810821639938534 2.283557907474011 129.2257481250903 1.2955043912189146e+02 136.73413099733654 196.14997308392233   
7 70 0.007715392376597879 1.646182573462748 67.44600622720648 6.9189848288179832e+01 76.45288419372197 110.31778533022825   
13 130 0.00776931447495073 2.472889121965645 129.2257481250903 1.3151076571463696e+02 142.29429083416406 158.49657322230132   
7 70 0.010236537550807083 1.6005518217027144 90.27952806605705 9.0486715775315758e+01 96.24698877228232 152.22209858418046   
8 80 0.00704042165128577 1.770829362230514 67.44600622720648 6.7774608841826989e+01 73.18460103424715 88.06743943680544   
14 140 0.007574752042395732 2.523330447208195 129.2257481250903 1.2955097209439043e+02 146.89697215792353 162.57846270507443   
15 150 0.007489683449896379 2.6688099147925306 129.2257481250903 1.2970681250586810e+02 132.94030520833687 171.62652922381432   
8 80 0.010464737464651028 1.6827302838008353 90.27952806605705 9.3006599472140806e+01 104.79984338023422 136.63188456754148   
9 90 0.0065312578077860745 1.753089502523672 67.44600622720648 6.9122688445009231e+01 71.76735001787871 165.029066969462   
16 160 0.007159263826879539 2.6980858630397546 129.2257481250903 1.2969872764010847e+02 131.83292368053566 213.73964722968827   
17 170 0.007166995279771776 2.894944701522187 128.80677877202663 1.2880677877202663e+02 138.84927258245767 193.9146189656772   
10 100 0.005892592389078827 1.9273812992360442 67.44600622720648 6.8513107517791212e+01 73.8162310002673 136.81460335248076   
9 90 0.010617557864967053 1.7356614619491144 90.27952806605705 9.2184791154892807e+01 102.46139980322744 141.79038970007213   
18 180 0.007118079417806952 3.086474911812053 128.80677877202663 1.2948802126478776e+02 133.1158304474929 145.80886586760215   
11 110 0.005607214791392364 2.0450124935969223 67.44600622720648 6.8472298097071231e+01 72.18291157576053 76.0575919487439   
19 190 0.006861579017778968 3.231093646691909 128.80677877202663 1.2905585802683623e+02 138.52588859599354 152.92176408210378   
10 100 0.010349766629581798 1.8036716375083304 90.27952806605705 9.3172085658073570e+01 109.09067968038265 177.85847721701026   
20 200 0.00720922958314019 3.3003801904115875 128.80677877202663 1.2936694089369780e+02 135.8956286444491 157.39448677439103   
12 120 0.005457263519237129 2.0452014044715594 67.216773428182 6.7216773428181995e+01 70.9212462802254 77.94095088161338   
11 110 0.010245659174328247 1.8675438681994172 90.27952806605705 9.3003546148582728e+01 125.04209336639403 174.5762430859889   
21 210 0.0068507568066850585 3.69285586045725 128.80677877202663 1.2943137096100924e+02 135.0949745837883 152.48199746803837   
22 220 0.006399178966629033 3.8468158601612226 128.80677877202663 1.2908732463265574e+02 132.72525283311927 141.47815321153126   
13 130 0.005437355445819402 2.120011290564446 67.216773428182 6.8518992845923421e+01 70.8721414662952 94.25019986510831   
12 120 0.009995055829594354 1.923445538203463 90.27952806605705 9.1052140301460554e+01 104.22480512455402 176.90710152118425   
23 230 0.006269830996686977 3.829892719237857 128.80677877202663 1.2925209851227316e+02 130.7393012458674 158.41775371644076   
24 240 0.005865092986090929 3.9447322377088487 128.56476413873446 1.2856476413873446e+02 131.24781091110424 147.63284848802073   
14 140 0.005587109370404341 2.291326584798715 67.216773428182 6.8856292956209884e+01 71.45915285338955 86.31312415149826   
13 130 0.009884846238011176 2.034488915435323 89.89467773547017 8.9894677735470168e+01 95.07432566353154 164.87326911104213   
25 250 0.005845149547353562 4.19209198847626 128.56476413873446 1.2917912468755432e+02 129.49715293758982 136.74035584862466   
15 150 0.0051804355255316865 2.4639974879956967 67.216773428182 6.7823307616077770e+01 69.85990202382317 85.15993614935124   
26 260 0.0057881209683099035 4.640693011762719 128.56476413873446 1.2904389525489424e+02 129.9125558967475 135.54863615877832   
14 140 0.010847881622109248 2.168422088301939 89.89467773547017 9.1164437054439887e+01 106.63703131712796 148.77850846449513   
27 270 0.006131330715099089 4.792108042079526 128.56476413873446 1.2880992657605231e+02 129.6267638219673 136.37089282323987   
16 160 0.004977268670151069 2.631825737709613 67.216773428182 6.7653674171705518e+01 69.59106773257834 76.31558660091565   
28 280 0.005580356759094069 4.984179347033901 128.56476413873446 1.2899387158156486e+02 131.2825285730986 136.61189288291692   
15 150 0.010705735606866414 2.4486000951861153 89.89467773547017 9.0024572527288996e+01 101.18889513004923 239.87927792141977   
29 290 0.005076320483093272 5.331039385217499 128.56476413873446 1.2936092268121206e+02 131.77872493787976 139.40894153113004   
17 170 0.00439295200664925 2.648779956158409 67.216773428182 6.8455832381226898e+01 71.4036989803345 78.47493808054755   
30 300 0.004654925717176093 5.574865858000283 128.56476413873446 1.2923343430688922e+02 129.87919804700752 136.68109125095683   
16 160 0.009664045886129067 2.686205844578033 89.89467773547017 9.0315849707093520e+01 111.29494760601717 191.5130479196966   
18 180 0.004047944573755422 2.632368020379337 67.216773428182 6.9722469230490461e+01 72.13691016320254 77.41765215608454   
17 170 0.009173642108599738 2.7918929999267426 89.89467773547017 9.0015952837691913e+01 98.83800919275099 134.74313146010346   
19 190 0.004064594084967028 2.763539759082365 67.216773428182 6.7277446211616180e+01 69.91893508715299 75.18099004567154   
18 180 0.009179727822943169 2.757336231862168 89.89467773547017 9.1197643121939080e+01 97.72329888114471 156.99566831283587   
20 200 0.0037708252395113402 2.967658027251312 67.216773428182 6.7461097805637763e+01 69.12155294798919 71.40238514286692   
19 190 0.009023379487320236 2.8633550063968105 89.89467773547017 9.1517091056065794e+01 102.18585246939142 134.9760921296763   
21 210 0.003590492581572218 3.035148909422209 67.216773428182 6.7610487548224768e+01 69.56061367754116 73.02223800523532   
20 200 0.009521845277455449 3.0340874646235956 89.89467773547017 9.1438643882202342e+01 101.08163486337584 133.1742111788654   
22 220 0.003239103265748116 3.283758428446127 67.216773428182 6.7840047584963884e+01 68.63815673819742 69.95932744379336   
21 210 0.010360864019058653 3.1336681380204596 89.89467773547017 9.0682805995879008e+01 95.90515072060607 109.80008290926422   
23 230 0.002969445395887355 3.3567541238995884 65.90659429765175 6.5906594297651750e+01 69.2989751973323 71.75722825493905   
24 240 0.002719427447712932 3.4817377451108453 65.90659429765175 6.7914847001431653e+01 69.62452570983604 70.82715666288836   
22 220 0.010255576604726617 3.140836009724184 89.39940551455683 8.9399405514556832e+01 96.03385600601385 106.86078753556507   
25 250 0.002478939457015031 3.5312594188984434 65.90659429765175 6.8450510853921401e+01 69.47177861802325 71.62164920810797   
23 230 0.00990704650214003 3.146719407322986 89.39940551455683 9.0918300494235211e+01 92.70583688722398 127.0542530538234   
26 260 0.002338089306233533 3.6637943256898025 65.90659429765175 6.6832014023081214e+01 68.69631001851033 71.73650883769501   
24 240 0.009376741014045665 3.3576523516789933 89.39940551455683 9.0695307359489163e+01 94.33005163344241 181.63083750028414   
27 270 0.002367168427887686 3.736133465273546 65.90659429765175 6.7212825853313120e+01 69.33969061571112 71.43351460283051   
25 250 0.00878270683431308 3.628702189192219 89.39940551455683 9.0580232552629283e+01 98.3531039194025 126.48663721901438   
28 280 0.002407569938901931 3.9371105542150184 65.90659429765175 6.7545374951936722e+01 68.96819769502126 69.79921742346994   
26 260 0.009050785576932644 3.656256174596743 89.39940551455683 9.1187109823636320e+01 98.20018842673196 117.89255548925794   
29 290 0.002390338577935936 4.121146838641781 65.90659429765175 6.7675707258055354e+01 68.99575929736656 70.33134058606848   
27 270 0.009770814889302506 3.760213949659878 89.39940551455683 9.0433576823860676e+01 93.96424291504157 107.2297876490752   
30 300 0.002515217928969634 4.3725165742406435 65.90659429765175 6.7269200857767586e+01 68.944223289693 70.43600007977302   
28 280 0.009604499755414374 3.8656730805126474 89.39940551455683 9.1603148085491910e+01 96.46776968968317 110.41149924511635   
29 290 0.00938862969175312 4.158978935804481 89.39940551455683 9.1331974159975232e+01 93.7849272189464 141.9889559385013   
30 300 0.009422755632228405 4.390287767819303 89.39940551455683 8.9891078705551323e+01 96.30314432056286 106.93413053181558   
