% # columns="iteration, evaluation, sigma, void, void,  stds==sigma*sigma_vec.scaling*sqrt(diag(C))", seed=1084068, Wed May 29 09:03:16 2024, <python>{}</python>
1 10 0.009138783612580798 0 0 0.009173835130610817 0.009039987003671297 0.009167062258783713 0.009169696519426883 0.00915008239844196 0.009185335303922425 0.009238646273313684 0.00913144928979251 0.00875479126498815 0.009078219323958425
3 30 0.007928133679338216 0 0 0.007936709324651356 0.007577192756296957 0.007842862167926502 0.007914701613739004 0.007832828167890953 0.007540576227722474 0.00811508255756321 0.008187591988750291 0.007902934623307491 0.00683125956775828
2 20 0.00882601586900175 0 0 0.008993350188592675 0.00868005537303985 0.009000957056520075 0.008826056014077793 0.0086437201834689 0.008696343032646325 0.008938531046177527 0.008774861958477553 0.00925377472248669 0.0077382914085293774
4 40 0.007493952472761242 0 0 0.007435412427698064 0.007131755633826513 0.007430233744484175 0.007491491893892133 0.007420791654584206 0.007151947663690516 0.00767029179014867 0.0076350947428477966 0.007401396465953474 0.00637208312690361
2 20 0.008624622881987917 0 0 0.008569092678944946 0.008419813013639255 0.008492157169349342 0.008597094880029773 0.008572318188618764 0.008578824405616393 0.008619487389956446 0.008615906321255239 0.008463253393491727 0.008315097808214647
5 50 0.007712991023181014 0 0 0.008088134109189056 0.007419900548663459 0.007599961488026922 0.007909358081997065 0.0075420071494161954 0.0071375588064470875 0.007941511149824481 0.007863133414871803 0.007543557777883242 0.006336613598425757
3 30 0.009015836336454208 0 0 0.009102940487399104 0.008847990521691974 0.00957077860244064 0.00892693721491665 0.008935798772862259 0.008937350052054722 0.009227313914484407 0.00921077913907776 0.009651576973436314 0.0075235848253961835
6 60 0.008170637591650593 0 0 0.009001127771941321 0.007938120071126712 0.008047698647789656 0.008345737250605296 0.008091784783996539 0.007600125990590389 0.00832869735254135 0.008206593684715319 0.008287768086753907 0.006324605553188553
3 30 0.008482906672466763 0 0 0.008476943753424244 0.00859438253156501 0.008481678962139041 0.008313102475859127 0.008237741471033162 0.008216206350131393 0.008457646655549225 0.008593024457165562 0.008397344028833385 0.008021990799174405
4 40 0.008274701984059605 0 0 0.008227264944351768 0.008047914277738506 0.008694578352945747 0.008016197747839595 0.008013961215076412 0.008197189041135176 0.008403232919615073 0.008505528840402286 0.008928728617439615 0.0066193440297649
7 70 0.008091248856388043 0 0 0.008761439855850818 0.0076657830032928745 0.00790019541436131 0.008262394602362774 0.008116698657591103 0.007369549921685238 0.008208621238801941 0.008161454529024123 0.008423269060046472 0.006146017729848284
4 40 0.008886023464236137 0 0 0.008759675103056641 0.009630635887538007 0.008925081021981926 0.008514111086923884 0.008803625997499282 0.008726686807482655 0.008913784135318176 0.008803220100644386 0.008720924422331877 0.00828867441477207
8 80 0.007995886961517241 0 0 0.008641953233408677 0.007549376408175786 0.007858431229368341 0.008279804365187358 0.008108341652832184 0.0070416357553676565 0.008127015855677364 0.008079594312143674 0.008233588199180077 0.005871582237075561
5 50 0.008475921567697671 0 0 0.008269044062553153 0.00840911870238323 0.008894669368697915 0.007924690528852859 0.008201299438584936 0.008882646458527398 0.008572821596411456 0.008683354688356128 0.0091581299223549 0.006594588882245544
9 90 0.008576270133467399 0 0 0.009339175318257356 0.008469685027289394 0.008397059238664632 0.00940813016427274 0.0086751699588211 0.007593559582874659 0.008873401158280843 0.008600144349539556 0.00875268480786955 0.005981324460224032
5 50 0.009267779639799033 0 0 0.009094062513998986 0.010221612578865526 0.00963043699099567 0.008886589364880416 0.009235649520844352 0.00895023583246109 0.010106813130364928 0.009113691646495304 0.009318893545729838 0.008201814070505629
10 100 0.008007128959979338 0 0 0.00905048864458194 0.00790924012372902 0.0077825703788766765 0.008764817345802844 0.008316481966252787 0.007134050625170237 0.007940618761974064 0.007999979399153303 0.008197117880744547 0.005297918217588397
6 60 0.007979667592046437 0 0 0.007936903524463855 0.007845535261363527 0.008277838856865045 0.007541484253946494 0.007594802359745461 0.008384301760770999 0.007887645785848559 0.008243057877900832 0.008546489675164706 0.006101965880596561
11 110 0.007647724988622157 0 0 0.008800609718328491 0.007559815736386784 0.007481576096142488 0.008280353811890408 0.008076075063615937 0.006919735408845082 0.007448678456614546 0.007615054070145664 0.00782606285915576 0.0047892439440184315
6 60 0.009470548169907216 0 0 0.009180682759111082 0.010702497349297386 0.009671072276684485 0.009044889168872547 0.00943750213984068 0.009239260844334251 0.010275419579099802 0.00933096352536816 0.009454878171789482 0.008049348225887333
12 120 0.007810821639938534 0 0 0.00893594197213477 0.0077943392756172295 0.007695894601512673 0.008731177913212013 0.008220864524547776 0.007054362121350985 0.007817081207252186 0.007805090467213401 0.007976836211776835 0.004624692924531517
7 70 0.007715392376597879 0 0 0.007617272666254255 0.007595332450622946 0.008033310220545988 0.007375118383337205 0.007094259481481565 0.008196594249527064 0.0075619450030008336 0.007985346617434415 0.008341782958688633 0.0056880803340094
13 130 0.00776931447495073 0 0 0.008956604298695062 0.007647828480099582 0.007675071950469032 0.00865552239101825 0.00807731339758391 0.007090751730116253 0.007854501190754194 0.007745466011197974 0.007629200524095293 0.004428994013507432
7 70 0.010236537550807083 0 0 0.009808813904554188 0.011432848918110668 0.010451434619543672 0.009706204349380534 0.009875843790606291 0.010059767596612123 0.01115086591325317 0.010367905715699656 0.011059654074891637 0.008576806968449114
8 80 0.00704042165128577 0 0 0.006948090071728338 0.00699590260664175 0.007087513669933018 0.006654412091074609 0.006521739190517347 0.007314300643010335 0.006951928198707563 0.007171402447991929 0.007558838005967359 0.005023998620435031
14 140 0.007574752042395732 0 0 0.008733164212027583 0.007361152053980334 0.007422096109669858 0.00832157263589431 0.00786117522585284 0.006914586626499334 0.007683305906119879 0.007524024953957975 0.007433181392656111 0.004165735769686426
15 150 0.007489683449896379 0 0 0.008653641054033826 0.0071886283183720525 0.007275782616218944 0.008208993330614766 0.007873204441426264 0.006648999906345756 0.007554759459101324 0.007463381839863366 0.007488105492876918 0.003966245527351972
8 80 0.010464737464651028 0 0 0.009992601114178002 0.011541018237313396 0.010640967743665903 0.00990384367259 0.010044770089878358 0.01091068079577803 0.011472771913373803 0.010701990318171593 0.011194677569833271 0.008507433892786404
9 90 0.0065312578077860745 0 0 0.006523967689208118 0.006558065899930344 0.006593521073786006 0.0062240184671828016 0.005973429502436177 0.006772242894815223 0.006458247635126184 0.006572917005570803 0.007088080523933529 0.004290987847819069
16 160 0.007159263826879539 0 0 0.008262947803334808 0.006799590381261355 0.006900843871839418 0.007861976581354662 0.00767977226094564 0.006289641886947169 0.0072474151328520775 0.007184328962953912 0.007225322590069527 0.0035470919674308104
17 170 0.007166995279771776 0 0 0.008277208698074894 0.006724244470059719 0.007030952636024482 0.007972825027976398 0.00761419976326022 0.00625998138235012 0.007353405131696521 0.007239386303158504 0.007333547679787892 0.00332205509852343
10 100 0.005892592389078827 0 0 0.0058365164002260415 0.006079397779693195 0.006077306230948774 0.005639581629368206 0.005226429639818371 0.006188555594140711 0.005587114375612478 0.00603840477196783 0.006375542206102946 0.003715794185736127
9 90 0.010617557864967053 0 0 0.009715086136508741 0.01170049294912088 0.010687359037473547 0.010236297407959552 0.009950808934560473 0.01150895286090067 0.011564802035326902 0.010867629298774136 0.01161443260147021 0.008456354704441015
18 180 0.007118079417806952 0 0 0.008208042340536651 0.006812012379848723 0.006878323002296326 0.008059986420900266 0.00777531301332505 0.006203178295149301 0.0072568980844657845 0.0072056488604886546 0.007282868603172434 0.0032259338172552087
11 110 0.005607214791392364 0 0 0.0055325368566460234 0.005710634428160808 0.005641187791501697 0.005345704883209013 0.004937526532218834 0.0057758918404850505 0.005573814823723425 0.005898730190239154 0.005888528000751048 0.0034610377774352942
19 190 0.006861579017778968 0 0 0.007714683270066327 0.006571562847247038 0.006817013073436644 0.007986388702542188 0.00750372092331202 0.005916861837516056 0.00690983417476464 0.007073074634479528 0.007004872613881652 0.003038483134714711
10 100 0.010349766629581798 0 0 0.009490661225532432 0.011101018197143557 0.010186839517377429 0.01024946501660399 0.00988154849816194 0.011642133249159962 0.011366540949273684 0.010531933183263691 0.011417765219239451 0.008003624365270962
20 200 0.00720922958314019 0 0 0.008111124609050724 0.006949450906917265 0.007507679279176274 0.00854105368176593 0.007943089201328577 0.006308347052423654 0.007308575897489266 0.007344771415375822 0.0072713554878996835 0.002979674666696436
12 120 0.005457263519237129 0 0 0.005355304938340402 0.00553071551829178 0.005562808007983973 0.005185035380249433 0.004794712006810047 0.005480868193249229 0.0053362277084591835 0.005814346390980428 0.005683396295629149 0.003259283289487126
11 110 0.010245659174328247 0 0 0.009474243183498238 0.010959538484622836 0.010132085444807253 0.010134802487240233 0.009835535820072863 0.011567596458024633 0.01127777729162382 0.010644447494475654 0.01090644343336262 0.0075635016798829375
21 210 0.0068507568066850585 0 0 0.007709804205814471 0.00640288713459043 0.0071683390321941225 0.008136600877783154 0.007402924812128537 0.006078557875816095 0.006893007926133135 0.0069895923062931594 0.006894904105737817 0.00272370105111549
22 220 0.006399178966629033 0 0 0.007081079794773613 0.005924723609255524 0.0067551604452348556 0.007580825230122591 0.00694025710607387 0.005685100878518535 0.006312441633336475 0.006440755498767062 0.0063855945882800936 0.0024995062381401607
13 130 0.005437355445819402 0 0 0.0054189105990571675 0.005588602414458688 0.0055582021417201425 0.00506849426395271 0.004808174240539852 0.00536767953429882 0.005336949409901428 0.005935959919708189 0.005760113873066137 0.003059370315302667
12 120 0.009995055829594354 0 0 0.00938250249128526 0.010223319580406176 0.010079441765248429 0.010015788053735084 0.00984812848557859 0.011118839528031324 0.011195574242184349 0.010352510525712047 0.01079740489825 0.007065910246412528
23 230 0.006269830996686977 0 0 0.006910998914186886 0.006164520323945791 0.006483471038742749 0.0074002979756461786 0.006744099015611407 0.005604682929857593 0.006187104988208619 0.006279237535289236 0.006317286243519186 0.002362640579854213
24 240 0.005865092986090929 0 0 0.006629612068190816 0.005795105805446423 0.005913796067248997 0.006923496077501196 0.00614628228314146 0.005204854905726763 0.005718157854460132 0.005871497604214523 0.00596440667744629 0.0021178653711072712
14 140 0.005587109370404341 0 0 0.005590017636850178 0.005748174020906543 0.005542234268873799 0.005256194968224804 0.00491148862861498 0.005550744122991919 0.005536343970287582 0.006359345072962297 0.005873093279031881 0.003042237799813176
13 130 0.009884846238011176 0 0 0.009206622185221319 0.010220814463812655 0.0099379186750192 0.009820388529211107 0.009960611292393708 0.010855291275895273 0.011132603574161013 0.010282683410616736 0.01055029313669564 0.006805185283731859
25 250 0.005845149547353562 0 0 0.006568633152095717 0.006000897552343511 0.005835687238860288 0.007061877207578307 0.0061703074273759834 0.005177290347691075 0.00588202463944965 0.006075877882810068 0.005868512723270726 0.0020100993792966444
15 150 0.0051804355255316865 0 0 0.005228955493968544 0.0052863184018397775 0.00519486401165926 0.004795008667521709 0.004476023359443723 0.005130341955645314 0.005041663671167421 0.0059642981572243375 0.005460858264510361 0.002713717409836204
26 260 0.0057881209683099035 0 0 0.0066062397205610265 0.005997619536957407 0.00578936410597592 0.006989011318507713 0.006113024405968517 0.005016803787622171 0.005799381805875377 0.006003445244335202 0.005686323731907042 0.0019455571855760924
14 140 0.010847881622109248 0 0 0.010519298759676186 0.011081588884067699 0.01171874377346111 0.010898705109274247 0.011586731010131234 0.011702169336223917 0.012396435336734237 0.011183139942047197 0.011544091544805273 0.007191076968294823
27 270 0.006131330715099089 0 0 0.007113087517336677 0.006587422605246145 0.006092937126614955 0.007423969953484714 0.0062774026388656345 0.005310274124144885 0.00647339833465378 0.006222113798161727 0.005997588821265265 0.002002810706391269
16 160 0.004977268670151069 0 0 0.004980984562235 0.005150193033961334 0.004949719587007892 0.004538727263910828 0.004253073503991281 0.0048894750301868425 0.004830147125138261 0.005550828481358287 0.005244623614654778 0.00254458841454886
28 280 0.005580356759094069 0 0 0.006632165384499845 0.0060783565932601095 0.005452313126017173 0.006855490269769599 0.00573691474691037 0.004638708284623568 0.005921032802415005 0.005636377542645962 0.00538670677715868 0.0017747093158185707
15 150 0.010705735606866414 0 0 0.01048505483863222 0.010833583295877794 0.011660225658284278 0.011118890536988276 0.011907034689181221 0.011405606515981694 0.012054180936654509 0.01082162106457249 0.011543405287978014 0.006827801253792847
29 290 0.005076320483093272 0 0 0.005938488853419123 0.005519491398981843 0.004999326089510592 0.0062585377353391375 0.005154330695161439 0.004169214736167213 0.005270424800007672 0.005180514090236636 0.0048613077161224596 0.0015188795878347961
17 170 0.00439295200664925 0 0 0.004486605266375817 0.0044997713455702405 0.00424469260247786 0.004025708097750514 0.003742989582264386 0.004304157690061428 0.00424180157979209 0.0048152951828737064 0.004528159841361807 0.0021871166429868086
30 300 0.004654925717176093 0 0 0.005351797446234464 0.005018850675175999 0.004505660457531681 0.005672780327760464 0.004786129866310567 0.0037742021225116835 0.00486403638953833 0.0046964538916671 0.004423438252643849 0.0013204840869526931
16 160 0.009664045886129067 0 0 0.00947706059060875 0.009829566369036476 0.010624124767314443 0.009956331413345298 0.010675681277295193 0.010131289397067094 0.010799961015942834 0.009592457013673526 0.010469072857117456 0.005965970735101335
18 180 0.004047944573755422 0 0 0.004045614172325023 0.004152628908953179 0.003951391505093305 0.003686668260142759 0.003398756212703131 0.003923456346563094 0.003938438733600187 0.004425302490951477 0.004150036887569211 0.001917578941083083
17 170 0.009173642108599738 0 0 0.008893634749885448 0.009277982775005618 0.010009079565650256 0.009210718240165509 0.009716947756520343 0.009748007146716628 0.0101224598717933 0.008981002036592347 0.009780594996467619 0.005482961083014412
19 190 0.004064594084967028 0 0 0.003981966809257168 0.004200998278652541 0.003984807220265905 0.003642961451547411 0.003492233277610243 0.004043232441525902 0.003941303403719153 0.004553062853211327 0.004188282287809009 0.0018856638798862757
18 180 0.009179727822943169 0 0 0.008587841649383742 0.009269466008240813 0.010613061521305096 0.009341362404648742 0.009683765699575976 0.009777007011739476 0.010099752595424654 0.00903947915645473 0.00982636604621092 0.00526698584428031
20 200 0.0037708252395113402 0 0 0.0037434553405072905 0.003807612255618989 0.0036909139489143044 0.0033132454155220333 0.003204374478738061 0.0036431637901134517 0.00365835811836657 0.00425118793706987 0.0038484215634050213 0.0017073524893171455
19 190 0.009023379487320236 0 0 0.008394164062331995 0.009063855142982023 0.010562100343952026 0.00905232140819758 0.009545104242944042 0.009727626927095561 0.009926599053651225 0.00884643762032978 0.009646088694499497 0.004926696753380557
21 210 0.003590492581572218 0 0 0.003567636170469959 0.00365041928415817 0.0034834474599661305 0.003145461755838544 0.0030508035984188743 0.0033472405235443993 0.0034408895967742758 0.004109194839477161 0.0036923963937992377 0.0015783207533961502
20 200 0.009521845277455449 0 0 0.008802323511738468 0.009560965015519785 0.011448617589196993 0.009782808066486397 0.010397261493468929 0.01036640500305598 0.010491221191959187 0.008988950876880963 0.010064831655035855 0.005091579353566023
22 220 0.003239103265748116 0 0 0.003183184890235966 0.003316020639588815 0.0030559781100800917 0.0027934642652070593 0.002678567883354728 0.0030085557001107207 0.003007925233300272 0.0037459805173031134 0.003286592055245015 0.0014165263120269338
21 210 0.010360864019058653 0 0 0.009730766853406963 0.010423256616042579 0.012736797583214304 0.010925385257547595 0.011430732952766982 0.011565994229620034 0.011360597028256834 0.0097669328107959 0.010705164173385785 0.0054830869261003915
23 230 0.002969445395887355 0 0 0.0028459367908344564 0.0030622475556747863 0.0029131220942268062 0.0025356511362461197 0.0024536072399284595 0.002745394435472233 0.0027331454779360993 0.0033343155790619737 0.0030245788270566927 0.0012656211739587927
24 240 0.002719427447712932 0 0 0.0025516185484245344 0.0027589641505142873 0.002682235141110554 0.0022532481578415916 0.002255669473057472 0.0025104658563360367 0.002525526738959512 0.0030267568938995857 0.0027393927483842905 0.0011187240487984347
22 220 0.010255576604726617 0 0 0.009371851417231151 0.010327970728991824 0.012701788745314494 0.010461494093041004 0.011379924873489142 0.011179012311826301 0.011073167905159956 0.009583465339681317 0.010726494548982226 0.005384509595054911
25 250 0.002478939457015031 0 0 0.002324746874770187 0.0024598295988363128 0.002437921930401286 0.0020166318576253267 0.002028116967137689 0.0022548897620139298 0.0022848467553264586 0.0028196326124895294 0.002538032412745905 0.000977084090913624
23 230 0.00990704650214003 0 0 0.009034817047285837 0.010167728831212438 0.012309620959310123 0.01027715285101185 0.011024860406409792 0.010741025942522249 0.010576489579768885 0.008999434975503451 0.010391441399514362 0.005073505954353134
26 260 0.002338089306233533 0 0 0.00217763712243869 0.002294976986049827 0.0022949124319245496 0.0018907514010944692 0.0019123242496775707 0.002120081367892097 0.0021745888730558753 0.0026699806760418607 0.002363302276643552 0.0008906678413840079
24 240 0.009376741014045665 0 0 0.008726972915751233 0.009513805059019484 0.011867450542207548 0.0098432548468022 0.01043726570929769 0.010248174978141542 0.009992897421972253 0.008517547689975704 0.009762417403037056 0.0044603436755175285
27 270 0.002367168427887686 0 0 0.002178349074216917 0.002295103901088925 0.0023906601839182966 0.0019380211721804054 0.0019258611172268958 0.002167013485919137 0.0022965580277452304 0.0027738447005248544 0.0023676849926222068 0.0008828235204497173
25 250 0.00878270683431308 0 0 0.008026220484242674 0.008787674972093424 0.011162573348193365 0.009080552022787392 0.009530974168328463 0.009496590889705179 0.009129056916981461 0.008259005999379624 0.009175436421914056 0.00395041217542302
28 280 0.002407569938901931 0 0 0.00223661487934081 0.0023341460591119003 0.0024410223250776247 0.0019983277222003415 0.0019991191541385593 0.002205358684397623 0.002328351804455943 0.002847817341978096 0.002314912492856904 0.0008734842110060373
26 260 0.009050785576932644 0 0 0.008441910129618277 0.009048689335909623 0.011892251501778642 0.009209113090044452 0.009718440114104367 0.009818785610348092 0.009586202838196983 0.008581475073591908 0.009412555411525511 0.003991921742465685
29 290 0.002390338577935936 0 0 0.0022550331673302886 0.002245263866413558 0.0024661041040970745 0.0019756144385122652 0.0020008765717069166 0.002182523845039417 0.002388968897087687 0.002805239227135597 0.0022885278434969613 0.0008412893049024069
27 270 0.009770814889302506 0 0 0.009570060146574123 0.009958815756467416 0.012973479256797161 0.009770399077895162 0.010715022126276685 0.010545342534417718 0.010457382252687926 0.009347937210318404 0.009967910099793 0.004206390865955875
30 300 0.002515217928969634 0 0 0.0024589449368984514 0.002319265861155789 0.0027369029315113037 0.002049062344433103 0.0020309459140753472 0.0022673086347071293 0.0025521409714060555 0.002955717215451898 0.0024126242882452184 0.0008740667880018651
28 280 0.009604499755414374 0 0 0.009654239953771371 0.009721003048782898 0.012680738113913775 0.009458681149728657 0.010609864496504489 0.010336667140477727 0.010475417056085113 0.009360547475460375 0.00982179697423924 0.003911609509396791
29 290 0.00938862969175312 0 0 0.009289090322981664 0.009542954171653815 0.012245943751823477 0.00920545729229 0.01047687006695819 0.010015573019585416 0.01011992334324164 0.009430992519807403 0.009710119918932105 0.0036960285247357614
30 300 0.009422755632228405 0 0 0.009286448993399725 0.00946578921510189 0.01230875880198266 0.009000319718829234 0.010318477984044968 0.010271623647076096 0.010269863755654128 0.00960064546363525 0.009866925404958392 0.0034874542649522117
