% # columns="iteration, evaluation, void, void, void, xmean", seed=1084068, Wed May 29 09:03:16 2024, <python>{}</python> # scaling_of_variables: 1, typical_x: 0
1 10 0 0 0 15.00274656441168 -1.215422828853996 -1.0608161471538464 -0.855604550310663 -15.00467799623091 -15.00149759142632 -0.008342921904047484 0.000618793224865263 999.8261927936444 1.0832165294316423
3 30 0 0 0 15.010993860651505 -1.0710295890137282 -0.9987585514477756 -1.0042093503974991 -16.99342587219647 -16.993857287327906 -0.007067197149226264 0.012497919342375936 150.97992151539376 0.9528990034225504
2 20 0 0 0 14.992556875452143 -1.1316655417826533 -0.9638736821616956 -1.0349804400577196 -15.086496047978738 -15.086631118452164 0.006211351270221893 0.006769747845379287 4324.031526412495 1.092454264303598
4 40 0 0 0 15.008000402690543 -1.069109804740834 -0.9953063617678227 -0.9995559681122262 -17.00041963044319 -16.98641265245732 -0.009608427278970887 0.0066032173770005495 150.97565505237017 0.9546756442743615
2 20 0 0 0 15.000444652903393 -1.214994030861348 -1.0559408501305318 -0.852365815602747 -15.00689002237027 -15.002041764576992 -0.011754095983552475 0.001482264379361263 999.8346568122445 1.084519148555327
5 50 0 0 0 15.018691533771555 -1.065040574188285 -0.9937167060708818 -0.992831390295431 -16.993045743775895 -16.989710064299455 -0.015427517688806135 0.004529618432045628 150.97772436629913 0.9518315756531688
3 30 0 0 0 14.999883642447294 -1.1307381253082 -0.9679634775921421 -1.0409652794368724 -15.082374771117856 -15.07866310801296 0.001239959739553681 0.013820467144597165 4324.035647640228 1.0920289841330655
6 60 0 0 0 15.024900610728736 -1.073471005718397 -0.9966051797471706 -0.9961542582233653 -16.98726374587601 -16.98383964277268 -0.01396964131826531 0.0036189679518615955 150.9697380935037 0.9526256662440923
3 30 0 0 0 15.001592137786009 -1.2257960098566185 -1.062748212739829 -0.8550204122829765 -15.00848796375919 -14.999618638185547 -0.01028050919204491 0.006173358360220385 999.8349007241501 1.0883581194105676
4 40 0 0 0 14.997889983251778 -1.1289994191893593 -0.9642508398011177 -1.0398126863214177 -15.08583591887256 -15.079767864761447 0.005759186277047046 0.012956094094655665 4324.034700184384 1.0938692947429578
7 70 0 0 0 15.017128681454556 -1.0753395306298488 -1.0028599253641755 -0.9916692005170222 -16.982866813137235 -16.99082111414638 -0.01114022261693852 0.00418368523598516 150.96872702749823 0.9520205775029716
4 40 0 0 0 14.995613167170603 -1.2356423401655958 -1.0560037512049227 -0.8535852641700459 -15.001436466999062 -14.991176781054023 -0.013883984617594368 0.009767152171812735 999.8309559003533 1.0852305716826849
8 80 0 0 0 15.023346819988234 -1.070707016966073 -1.0053869456346682 -0.9855309198764637 -16.986221688651884 -16.991681321625325 -0.015490700168323868 -0.0016248617838461425 150.97087267628888 0.9501588089233629
5 50 0 0 0 14.99658295475265 -1.1194495155448545 -0.9691088761171597 -1.0449403124558534 -15.087641026817204 -15.069336388117392 0.009460644991218644 0.009383368442003019 4324.029492843735 1.0949322254808218
9 90 0 0 0 15.027550438107221 -1.0804282553232936 -1.0036674336963503 -0.9750098116785044 -16.983522735817957 -16.9895897132934 -0.0220596574226703 -0.0035988945535492473 150.9692586702959 0.9495029350047632
5 50 0 0 0 15.0001020812089 -1.2345236744334578 -1.0662213498407251 -0.8541379679945136 -15.009149501298582 -14.986702726018166 -0.024902075365166577 0.004796492388772635 999.8359670572976 1.0845882859313232
10 100 0 0 0 15.014759210984169 -1.0776763708003994 -1.0042322546768339 -0.9816839998679824 -16.98888871281965 -16.99498668680853 -0.021196863172264893 -0.0021271277531716144 150.9761287626986 0.9521632904895647
6 60 0 0 0 14.99714113312601 -1.1173465261570246 -0.9666792176143812 -1.037609409320688 -15.088644875055373 -15.077455435502996 0.008822002546411014 0.003379386590112582 4324.036587171986 1.092525347729831
11 110 0 0 0 15.02273012561805 -1.0811066674537155 -1.008668870045676 -0.987930286485268 -16.986153153450413 -16.99937079895897 -0.018575102453224687 -0.001105750638565731 150.96849703356034 0.9513255171452317
6 60 0 0 0 14.993303588207013 -1.2396630038946763 -1.0650289084252416 -0.855212162975387 -15.0139272175788 -14.98816836169955 -0.02457881096490398 0.007997415850990104 999.8431258181033 1.0846767196568412
12 120 0 0 0 15.021647157625829 -1.0839854589618154 -1.0008280742742774 -0.9965568913558842 -16.984857653739606 -17.001638864259995 -0.025632215741479374 -0.0001381309408065403 150.96328817164525 0.9519565094298416
7 70 0 0 0 14.995612821907361 -1.1207024385142217 -0.9742788739571697 -1.034111907884865 -15.085611531138047 -15.077946117430685 0.009990607963163258 -0.002515299851646588 4324.03883487272 1.09134079922857
13 130 0 0 0 15.028262466104435 -1.0776556307399254 -1.0014293190463117 -0.9990597891688685 -16.987269573699056 -17.003091677019338 -0.029382153299276816 0.0006083950397927186 150.9669745294373 0.9508989798405068
7 70 0 0 0 14.994173813147794 -1.2345652807544838 -1.0689594655625076 -0.8572701368113868 -15.012714759027906 -14.984975018129157 -0.029102187288593116 0.01662267397529715 999.8573585817422 1.0859787209715424
8 80 0 0 0 14.99167883204674 -1.125471060358521 -0.9679476307652961 -1.0378228846791477 -15.080705196617997 -15.07992103266416 0.01330765438827869 0.00023766716050630443 4324.036049915369 1.0917499971406204
14 140 0 0 0 15.030428262899184 -1.0778075188580192 -1.0048897513804957 -0.9978325074337148 -16.983803635635688 -17.002105906221676 -0.03209443577984396 0.00022883583925790648 150.9728009957808 0.9509463911621957
15 150 0 0 0 15.025986268003154 -1.078525324720115 -1.0046213536026902 -0.991569674327794 -16.98322273227914 -16.99973047349745 -0.030206576445674278 0.005011789736586777 150.9806390206192 0.9520388326173312
8 80 0 0 0 14.991589391845555 -1.2303162382010642 -1.0610623488890192 -0.8576303561405265 -15.012102905411828 -14.975897975042399 -0.027977840141693733 0.018812322395367353 999.8563443112116 1.0872411062082579
9 90 0 0 0 14.994801949469968 -1.1201544304989295 -0.9707337264142077 -1.0393059109145009 -15.07951171613221 -15.075445316079062 0.01154787860821246 -0.0031292019279043925 4324.03009585 1.0914170785392465
16 160 0 0 0 15.024596435077866 -1.0798482203465367 -1.006479848790269 -0.9891364105135901 -16.97883167636954 -17.001687967787806 -0.031116939253500616 -0.0030022375146779093 150.98248875356015 0.951138703636386
17 170 0 0 0 15.029758245308967 -1.078134142921902 -1.0026994127816633 -0.9847975425208065 -16.980931637255104 -16.995229576122565 -0.032345114049141394 -0.0069979562696319214 150.9860940736902 0.9504840674117088
10 100 0 0 0 14.993201956184459 -1.1190196509188555 -0.9710514782226383 -1.0394591194259977 -15.079893524810348 -15.079219979938904 0.012915828461729431 -0.005859222767958934 4324.031052956541 1.0923687495595371
9 90 0 0 0 14.990508586332874 -1.231840675821989 -1.0602711410736734 -0.8500096459950739 -15.012563184117552 -14.96652892677855 -0.028581485408291623 0.012432224610181123 999.8605920388374 1.0859703652224002
18 180 0 0 0 15.030303191369779 -1.0804967413354196 -0.9983516337149683 -0.9789091965915228 -16.98983130225513 -16.995344463868268 -0.03336536783544188 -0.0059385992349886155 150.98532310703837 0.9506246630081073
11 110 0 0 0 14.994666110592458 -1.1184275955978908 -0.9699857424229713 -1.0379329652023304 -15.082731352329075 -15.077241794384793 0.01872819510231363 -0.009676593630629216 4324.031800470462 1.09184487875591
19 190 0 0 0 15.02955596250816 -1.07883552757514 -0.9957133873942703 -0.9748895325508965 -16.986810521295972 -16.994858270811786 -0.030489135085791513 0.0016773185664224841 150.9813790496254 0.9493789220549305
10 100 0 0 0 14.988659132737082 -1.2320263553191424 -1.0600473764541913 -0.8409321107483758 -15.023161491664387 -14.983989863200334 -0.028287621463578525 0.008007298856139846 999.8544466219761 1.0834647899767564
20 200 0 0 0 15.032587164544644 -1.082398366067278 -0.9888021326195265 -0.9686510495540364 -16.98244983549839 -16.99028673329264 -0.0347018125529233 0.0012031565900169953 150.9809658092857 0.9489700198987528
12 120 0 0 0 15.000034472302705 -1.1199028999536216 -0.9654565616647496 -1.0387649713984146 -15.08277142491911 -15.078968217741926 0.018946818606011415 -0.011811870634809268 4324.028924488542 1.091081990094923
11 110 0 0 0 14.991452705966454 -1.2340681271656708 -1.0545587655876614 -0.8358750072244772 -15.021020124159554 -14.989532999330946 -0.033901802435081715 0.001295473491842945 999.8498717952172 1.0813856874495056
21 210 0 0 0 15.029739340669583 -1.084761730956975 -0.9912163961932985 -0.9683127187706569 -16.98449759774876 -16.9932643388015 -0.030365208071488885 -0.0007082256551068978 150.98483393844 0.9499315773652938
22 220 0 0 0 15.024072875109884 -1.088460610610117 -0.9943629314526566 -0.9692130861031495 -16.981089689296375 -16.99696962618324 -0.030032192382267345 -0.0012937596216459149 150.98372235740243 0.9487923888898958
13 130 0 0 0 15.001304961599894 -1.115866428129775 -0.9680864051889665 -1.0410247111536832 -15.082067441840916 -15.080300971790157 0.019160580604323137 -0.016899492333875398 4324.031075651416 1.0907489414648968
12 120 0 0 0 14.99947110219038 -1.2298470237609143 -1.066199150228651 -0.8366049686263594 -15.027239995963416 -14.994866624924388 -0.03767515456508248 0.0036711360569323345 999.8512858741885 1.081495954979081
23 230 0 0 0 15.024205798664415 -1.0764066556839877 -0.9903812984512773 -0.970515635243188 -16.98069159037671 -16.99172224023495 -0.02665188676298986 -0.004073333554513255 150.98980781140727 0.9485586030243222
24 240 0 0 0 15.03245917173771 -1.0755732840375674 -0.9893035838213484 -0.9725702006818446 -16.979695472847755 -16.991067071230425 -0.027586820815080567 -0.003578381290949609 150.98784479684525 0.9491984763111424
14 140 0 0 0 14.999353536496985 -1.1148480318975889 -0.9691264065521049 -1.042326106550313 -15.081451996283846 -15.074620368490924 0.023146554948896683 -0.020978055532591706 4324.035164594009 1.092488869254892
13 130 0 0 0 15.002195511528086 -1.2324015461456557 -1.074311361946894 -0.8309630229305665 -15.032072842502075 -14.989009445676924 -0.04277726887761709 0.010802363391711032 999.8562416839418 1.0818657122624196
25 250 0 0 0 15.03649127088848 -1.073033790641725 -0.9898711286296904 -0.9754553392229525 -16.985066159039533 -16.991571214693174 -0.030782207688544613 -0.0110210113592426 150.98631300062488 0.9497280185676084
15 150 0 0 0 15.002570968372257 -1.1188003393298511 -0.9726329980569269 -1.0415336543411078 -15.078593298583279 -15.076836308916555 0.020448897955996668 -0.01326911226805175 4324.035968751787 1.0917335218288637
26 260 0 0 0 15.041228740598452 -1.0707364618198802 -0.9872643990360858 -0.9710548551858128 -16.98579177317109 -16.989864726037123 -0.026768500038496672 -0.006096379355390695 150.98382256098216 0.9490540618006733
14 140 0 0 0 15.009857426198469 -1.2364225869648675 -1.0873452724316035 -0.8301035241144074 -15.043283114781138 -14.989324425085806 -0.05202846376686181 0.007681480712110383 999.8669770243266 1.0818602812240092
27 270 0 0 0 15.042558531839394 -1.0636574609453342 -0.9869088768039413 -0.972950732561911 -16.986933759440088 -16.990553788768665 -0.018738246103279284 -0.0048408684915220825 150.98700079153247 0.948888588903848
16 160 0 0 0 15.00565757721979 -1.1234010309302411 -0.9721503959694763 -1.0416248870032372 -15.080154632745051 -15.078261108921591 0.015445274427325085 -0.012787044691109197 4324.036934349576 1.091376412335596
28 280 0 0 0 15.04246928657233 -1.0680555466759973 -0.9900897994133708 -0.977281430093473 -16.983031416374782 -16.992468071628814 -0.024627239873299803 -0.004543713043485491 150.9854090742763 0.9502609936636167
15 150 0 0 0 15.00425070826465 -1.2397217361308577 -1.0821301226920186 -0.8328479188305521 -15.044973022215967 -14.98867363511328 -0.044419487091565145 0.0045226171718417835 999.8712203225468 1.0824706984761012
29 290 0 0 0 15.042799344837329 -1.071707048722927 -0.9884614441229734 -0.975542420776304 -16.981281565352106 -16.992692994427696 -0.025375086360430576 -0.000861824720262788 150.9862876082398 0.9498659680950722
17 170 0 0 0 14.99975187724023 -1.121166590615883 -0.9729729973378979 -1.0420412562349608 -15.07808547477281 -15.077606904127139 0.01922026721935696 -0.012686531633796157 4324.033295542965 1.0926956761914834
30 300 0 0 0 15.044162486301603 -1.0735357008280695 -0.9897135884945988 -0.9718022043643102 -16.97885273140171 -16.99314825026685 -0.023634016083913915 -0.0012195622873053225 150.98451133496772 0.9497996282004664
16 160 0 0 0 14.997500952085222 -1.2429214775701145 -1.0773603306339115 -0.8308748438324597 -15.040754506963081 -14.988545701365283 -0.0393864352570426 0.004887014880220572 999.8596251436287 1.0804956564917794
18 180 0 0 0 14.997649343756809 -1.123162144299706 -0.9734142553443015 -1.0433519348209288 -15.077681441620575 -15.076547964678463 0.018835749872715163 -0.009424154908250264 4324.03244972295 1.0925982632172735
17 170 0 0 0 14.99638852609365 -1.245964219384913 -1.0796514921295075 -0.8289613199387494 -15.039161982757813 -14.994118453827015 -0.036101094337524696 0.0011764408768161396 999.8500902180498 1.0818969162655343
19 190 0 0 0 14.99665992329001 -1.1252363258073355 -0.9711904092222264 -1.0428714882091823 -15.073699061414743 -15.08148833318051 0.018859370656971845 -0.0063076317582564006 4324.034354073602 1.0923864175337454
18 180 0 0 0 15.00257142153397 -1.2487644943489447 -1.0905088543550532 -0.8339876426121702 -15.032882798309341 -14.991115674362202 -0.029134580859166443 0.004949082313254643 999.8556827112941 1.0818045247154324
20 200 0 0 0 14.99593559450235 -1.1243386150253534 -0.9702647022427048 -1.0426899537787777 -15.074800172558302 -15.079650692129391 0.019509392086391464 -0.005339694393461807 4324.035453448405 1.0929932241212206
19 190 0 0 0 15.005362947764677 -1.253543210419884 -1.0942344163615287 -0.8341433950424036 -15.036519399349455 -14.999167186850642 -0.03317675352754093 0.0053076648858493385 999.8564730572124 1.0817608673477452
21 210 0 0 0 14.997020867833404 -1.1254062532813294 -0.9673870668249943 -1.0441266548851353 -15.07683811128079 -15.078356160456918 0.020023044551235956 -0.003095670334735682 4324.037029642237 1.0929242086091422
20 200 0 0 0 15.008488507297804 -1.2476148902376254 -1.0984081009749114 -0.8434830546460191 -15.026468143504735 -15.006135975459719 -0.024905788391816414 0.0060672230896920455 999.8506276112114 1.0831400498757715
22 220 0 0 0 14.997232663510482 -1.12590443382851 -0.9668783900209273 -1.0439472372881469 -15.076698716676885 -15.07996544782749 0.020021307722974915 -0.0030062944799780374 4324.035967090373 1.093090346049403
21 210 0 0 0 15.009762124196804 -1.2459318825371712 -1.1069577805572839 -0.8481683165312187 -15.020892468757257 -15.010391207902412 -0.021575260863396555 0.0017499234778037224 999.8556552078718 1.0840457359893156
23 230 0 0 0 14.998137660328522 -1.1244504486731395 -0.9716676989543381 -1.0434287245032536 -15.076340552604414 -15.081413666997708 0.021062031488186406 -0.0047661319181553545 4324.036903430779 1.0934669529080168
24 240 0 0 0 14.99663319424244 -1.1246100637068264 -0.9719509032184215 -1.0445080847385673 -15.074702280261464 -15.081973953391461 0.02020588309919542 -0.0031231460095723913 4324.037282590451 1.093194748269717
22 220 0 0 0 15.009559035583791 -1.2406314245310095 -1.1061889705056165 -0.8468581688962864 -15.018056340623216 -15.007589261530644 -0.01914098116733472 -0.0018382658684038544 999.8487795176663 1.0831308568454676
25 250 0 0 0 14.997671685466381 -1.1233940670790405 -0.9704053395955897 -1.0429255173068148 -15.075071846586047 -15.081015111596795 0.01880431754016 -0.0026455365311557843 4324.0342080464525 1.092806371589597
23 230 0 0 0 15.006038575619176 -1.2393030269750636 -1.1058982181394357 -0.8521538510020249 -15.019124238086698 -15.017601157270597 -0.020899773689049522 -0.0002277355072205665 999.8498361771593 1.0832585584381578
26 260 0 0 0 14.997982959277795 -1.124008074182066 -0.9683047171327355 -1.0436684532300184 -15.073781255516076 -15.079475039305594 0.02055670041769028 -0.005452821671592397 4324.036121516992 1.0932154695260066
24 240 0 0 0 15.013057486756225 -1.2436860705235016 -1.1113833273342875 -0.8459668633634361 -15.020466006928661 -15.017279096134727 -0.01835170677133394 -0.005296590657028937 999.8458104341851 1.0837649145616521
27 270 0 0 0 14.997904522556514 -1.123560384460484 -0.96731882446518 -1.0449207543769519 -15.074123050021583 -15.07792474892054 0.02380054717672968 -0.0029970862565236586 4324.035549000442 1.0933583280837358
25 250 0 0 0 15.014930473478225 -1.2427362266436754 -1.1069820062838571 -0.8415922596198181 -15.019800031765053 -15.014764672629637 -0.01731232530989245 -0.012137815638276733 999.8489382331384 1.0823066005398916
28 280 0 0 0 14.997115859576915 -1.1238027645234883 -0.9660618806093662 -1.0425229251210364 -15.07397497646681 -15.079485149567944 0.023430266838775835 -0.0006084013018504636 4324.036331446056 1.0930706699355635
26 260 0 0 0 15.01508857419316 -1.2377973196369914 -1.120925115166513 -0.8445827907641729 -15.023733848987115 -15.005877032330332 -0.01907385758013641 -0.018792125908011256 999.8510767037882 1.0833551354305169
29 290 0 0 0 14.998301587647015 -1.1242748757086765 -0.965328788717353 -1.0433887209959603 -15.074666354295182 -15.08022779413604 0.02510835171860799 -0.001245997046746353 4324.03747914117 1.0932187859666573
27 270 0 0 0 15.02366801894604 -1.2322942784312305 -1.1265914809021513 -0.840238569797231 -15.014413185915823 -14.997643993340455 -0.010799090426386621 -0.01824806533029111 999.8473344769117 1.0832196076388176
30 300 0 0 0 14.999910370447347 -1.1231671930432834 -0.9627634671446201 -1.0426363266368273 -15.074214735586319 -15.079843593347377 0.025933471714703355 -0.0004267036647671161 4324.037006973756 1.0932990405625307
28 280 0 0 0 15.015318010956266 -1.2348272086926255 -1.1245430615281162 -0.8372694840905754 -15.020125927707022 -15.006018657688648 -0.009410747830809104 -0.02454804087735137 999.8523159049388 1.0824991481123145
29 290 0 0 0 15.01218219392794 -1.2410702290945375 -1.1216626966339303 -0.8378682455237043 -15.023787062721334 -15.00897710532379 -0.013390049907370492 -0.031322068799224015 999.8595579061142 1.0823179793143753
30 300 0 0 0 15.012381693085649 -1.2440238515455189 -1.132071589166524 -0.8357798126099272 -15.022208935531763 -15.00040952798163 -0.006545834900876361 -0.029540752877893556 999.8639127592528 1.0826364968965838
