-92 | 11 | 6 | 5 | 186 | 27 | 159 | 0
-94 | 13 | 8 | 5 | 182 | 27 | 155 | 1
-103 | 13 | 6 | 7 | 182 | 30 | 152 | 2
-103 | 13 | 6 | 7 | 182 | 30 | 152 | 3
-103 | 13 | 6 | 7 | 182 | 30 | 152 | 4
-103 | 13 | 6 | 7 | 182 | 30 | 152 | 5
-103 | 13 | 6 | 7 | 182 | 30 | 152 | 6
-103 | 13 | 6 | 7 | 182 | 30 | 152 | 7
-103 | 13 | 6 | 7 | 182 | 30 | 152 | 8
-103 | 13 | 6 | 7 | 182 | 30 | 152 | 9
-103 | 13 | 6 | 7 | 182 | 30 | 152 | 10
-103 | 13 | 6 | 7 | 182 | 30 | 152 | 11
-103 | 13 | 6 | 7 | 182 | 30 | 152 | 12
-106 | 13 | 6 | 7 | 182 | 31 | 151 | 13
-106 | 13 | 6 | 7 | 182 | 31 | 151 | 14
-106 | 13 | 6 | 7 | 182 | 31 | 151 | 15
-106 | 13 | 6 | 7 | 182 | 31 | 151 | 16
-106 | 13 | 6 | 7 | 182 | 31 | 151 | 17
-106 | 13 | 6 | 7 | 182 | 31 | 151 | 18
-131 | 14 | 8 | 6 | 180 | 39 | 141 | 19
-132 | 12 | 7 | 5 | 184 | 40 | 144 | 20
-132 | 12 | 7 | 5 | 184 | 40 | 144 | 21
-132 | 12 | 7 | 5 | 184 | 40 | 144 | 22
-132 | 12 | 7 | 5 | 184 | 40 | 144 | 23
-132 | 12 | 7 | 5 | 184 | 40 | 144 | 24
-132 | 12 | 7 | 5 | 184 | 40 | 144 | 25
-132 | 12 | 7 | 5 | 184 | 40 | 144 | 26
-144 | 12 | 7 | 5 | 184 | 44 | 140 | 27
-144 | 12 | 7 | 5 | 184 | 44 | 140 | 28
-144 | 12 | 7 | 5 | 184 | 44 | 140 | 29
-144 | 12 | 7 | 5 | 184 | 44 | 140 | 30
-144 | 12 | 7 | 5 | 184 | 44 | 140 | 31
-146 | 11 | 6 | 5 | 186 | 45 | 141 | 32
-146 | 11 | 6 | 5 | 186 | 45 | 141 | 33
-146 | 11 | 6 | 5 | 186 | 45 | 141 | 34
-146 | 11 | 6 | 5 | 186 | 45 | 141 | 35
-149 | 11 | 6 | 5 | 186 | 46 | 140 | 36
-149 | 11 | 6 | 5 | 186 | 46 | 140 | 37
-149 | 11 | 6 | 5 | 186 | 46 | 140 | 38
-149 | 11 | 6 | 5 | 186 | 46 | 140 | 39
-149 | 11 | 6 | 5 | 186 | 46 | 140 | 40
-149 | 11 | 6 | 5 | 186 | 46 | 140 | 41
-149 | 11 | 6 | 5 | 186 | 46 | 140 | 42
-149 | 11 | 6 | 5 | 186 | 46 | 140 | 43
-149 | 11 | 6 | 5 | 186 | 46 | 140 | 44
-149 | 11 | 6 | 5 | 186 | 46 | 140 | 45
-149 | 11 | 6 | 5 | 186 | 46 | 140 | 46
-149 | 11 | 6 | 5 | 186 | 46 | 140 | 47
-149 | 11 | 6 | 5 | 186 | 46 | 140 | 48
-149 | 11 | 6 | 5 | 186 | 46 | 140 | 49
-149 | 11 | 6 | 5 | 186 | 46 | 140 | 50
-149 | 11 | 6 | 5 | 186 | 46 | 140 | 51
-149 | 11 | 6 | 5 | 186 | 46 | 140 | 52
-149 | 11 | 6 | 5 | 186 | 46 | 140 | 53
-169 | 13 | 9 | 4 | 182 | 52 | 130 | 54
-172 | 10 | 6 | 4 | 188 | 54 | 134 | 55
-172 | 10 | 6 | 4 | 188 | 54 | 134 | 56
-172 | 10 | 6 | 4 | 188 | 54 | 134 | 57
-172 | 10 | 6 | 4 | 188 | 54 | 134 | 58
-172 | 10 | 6 | 4 | 188 | 54 | 134 | 59
-172 | 10 | 6 | 4 | 188 | 54 | 134 | 60
-172 | 10 | 6 | 4 | 188 | 54 | 134 | 61
-178 | 10 | 6 | 4 | 188 | 56 | 132 | 62
-178 | 10 | 6 | 4 | 188 | 56 | 132 | 63
-178 | 10 | 6 | 4 | 188 | 56 | 132 | 64
-178 | 10 | 6 | 4 | 188 | 56 | 132 | 65
-178 | 10 | 6 | 4 | 188 | 56 | 132 | 66
-178 | 10 | 6 | 4 | 188 | 56 | 132 | 67
-178 | 10 | 6 | 4 | 188 | 56 | 132 | 68
-178 | 10 | 6 | 4 | 188 | 56 | 132 | 69
-178 | 10 | 6 | 4 | 188 | 56 | 132 | 70
-178 | 10 | 6 | 4 | 188 | 56 | 132 | 71
-178 | 10 | 6 | 4 | 188 | 56 | 132 | 72
-178 | 10 | 6 | 4 | 188 | 56 | 132 | 73
-178 | 10 | 6 | 4 | 188 | 56 | 132 | 74
-178 | 10 | 6 | 4 | 188 | 56 | 132 | 75
-178 | 10 | 6 | 4 | 188 | 56 | 132 | 76
-178 | 10 | 6 | 4 | 188 | 56 | 132 | 77
-178 | 10 | 6 | 4 | 188 | 56 | 132 | 78
-178 | 10 | 6 | 4 | 188 | 56 | 132 | 79
-178 | 10 | 6 | 4 | 188 | 56 | 132 | 80
-178 | 10 | 6 | 4 | 188 | 56 | 132 | 81
-181 | 10 | 6 | 4 | 188 | 57 | 131 | 82
-181 | 10 | 6 | 4 | 188 | 57 | 131 | 83
-181 | 10 | 6 | 4 | 188 | 57 | 131 | 84
-181 | 10 | 6 | 4 | 188 | 57 | 131 | 85
-181 | 10 | 6 | 4 | 188 | 57 | 131 | 86
-181 | 10 | 6 | 4 | 188 | 57 | 131 | 87
-181 | 10 | 6 | 4 | 188 | 57 | 131 | 88
-181 | 10 | 6 | 4 | 188 | 57 | 131 | 89
-181 | 10 | 6 | 4 | 188 | 57 | 131 | 90
-181 | 10 | 6 | 4 | 188 | 57 | 131 | 91
-181 | 10 | 6 | 4 | 188 | 57 | 131 | 92
-181 | 10 | 6 | 4 | 188 | 57 | 131 | 93
-181 | 10 | 6 | 4 | 188 | 57 | 131 | 94
-181 | 10 | 6 | 4 | 188 | 57 | 131 | 95
-181 | 10 | 6 | 4 | 188 | 57 | 131 | 96
-181 | 10 | 6 | 4 | 188 | 57 | 131 | 97
-181 | 10 | 6 | 4 | 188 | 57 | 131 | 98
-181 | 10 | 6 | 4 | 188 | 57 | 131 | 99
-181 | 10 | 6 | 4 | 188 | 57 | 131 | 100
-181 | 10 | 6 | 4 | 188 | 57 | 131 | 101
-181 | 10 | 6 | 4 | 188 | 57 | 131 | 102
-190 | 10 | 6 | 4 | 188 | 60 | 128 | 103
-190 | 10 | 6 | 4 | 188 | 60 | 128 | 104
-190 | 10 | 6 | 4 | 188 | 60 | 128 | 105
-190 | 10 | 6 | 4 | 188 | 60 | 128 | 106
-190 | 10 | 6 | 4 | 188 | 60 | 128 | 107
-190 | 10 | 6 | 4 | 188 | 60 | 128 | 108
-193 | 10 | 9 | 1 | 188 | 61 | 127 | 109
-193 | 10 | 9 | 1 | 188 | 61 | 127 | 110
-193 | 10 | 9 | 1 | 188 | 61 | 127 | 111
-193 | 10 | 9 | 1 | 188 | 61 | 127 | 112
-193 | 10 | 9 | 1 | 188 | 61 | 127 | 113
-193 | 10 | 9 | 1 | 188 | 61 | 127 | 114
-193 | 10 | 9 | 1 | 188 | 61 | 127 | 115
-193 | 10 | 9 | 1 | 188 | 61 | 127 | 116
-193 | 10 | 9 | 1 | 188 | 61 | 127 | 117
-193 | 10 | 9 | 1 | 188 | 61 | 127 | 118
-193 | 10 | 9 | 1 | 188 | 61 | 127 | 119
-193 | 10 | 9 | 1 | 188 | 61 | 127 | 120
-193 | 10 | 9 | 1 | 188 | 61 | 127 | 121
-193 | 10 | 9 | 1 | 188 | 61 | 127 | 122
-193 | 10 | 9 | 1 | 188 | 61 | 127 | 123
-193 | 10 | 9 | 1 | 188 | 61 | 127 | 124
-193 | 10 | 9 | 1 | 188 | 61 | 127 | 125
-193 | 10 | 9 | 1 | 188 | 61 | 127 | 126
-193 | 10 | 9 | 1 | 188 | 61 | 127 | 127
-193 | 10 | 9 | 1 | 188 | 61 | 127 | 128
-193 | 10 | 9 | 1 | 188 | 61 | 127 | 129
-193 | 10 | 9 | 1 | 188 | 61 | 127 | 130
-193 | 10 | 9 | 1 | 188 | 61 | 127 | 131
-193 | 10 | 9 | 1 | 188 | 61 | 127 | 132
-193 | 10 | 9 | 1 | 188 | 61 | 127 | 133
-197 | 11 | 9 | 2 | 186 | 62 | 124 | 134
-197 | 11 | 9 | 2 | 186 | 62 | 124 | 135
-197 | 11 | 9 | 2 | 186 | 62 | 124 | 136
-197 | 11 | 9 | 2 | 186 | 62 | 124 | 137
-197 | 11 | 9 | 2 | 186 | 62 | 124 | 138
-197 | 11 | 9 | 2 | 186 | 62 | 124 | 139
-197 | 11 | 9 | 2 | 186 | 62 | 124 | 140
-197 | 11 | 9 | 2 | 186 | 62 | 124 | 141
-197 | 11 | 9 | 2 | 186 | 62 | 124 | 142
-197 | 11 | 9 | 2 | 186 | 62 | 124 | 143
-197 | 11 | 9 | 2 | 186 | 62 | 124 | 144
-197 | 11 | 9 | 2 | 186 | 62 | 124 | 145
-197 | 11 | 9 | 2 | 186 | 62 | 124 | 146
-197 | 11 | 9 | 2 | 186 | 62 | 124 | 147
-197 | 11 | 9 | 2 | 186 | 62 | 124 | 148
-197 | 11 | 9 | 2 | 186 | 62 | 124 | 149
-197 | 11 | 9 | 2 | 186 | 62 | 124 | 150
-197 | 11 | 9 | 2 | 186 | 62 | 124 | 151
-197 | 11 | 9 | 2 | 186 | 62 | 124 | 152
-197 | 11 | 9 | 2 | 186 | 62 | 124 | 153
-197 | 11 | 9 | 2 | 186 | 62 | 124 | 154
-197 | 11 | 9 | 2 | 186 | 62 | 124 | 155
-197 | 11 | 9 | 2 | 186 | 62 | 124 | 156
-197 | 11 | 9 | 2 | 186 | 62 | 124 | 157
-203 | 14 | 12 | 2 | 180 | 63 | 117 | 158
-203 | 14 | 12 | 2 | 180 | 63 | 117 | 159
-203 | 14 | 12 | 2 | 180 | 63 | 117 | 160
-203 | 14 | 12 | 2 | 180 | 63 | 117 | 161
-203 | 14 | 12 | 2 | 180 | 63 | 117 | 162
-203 | 14 | 12 | 2 | 180 | 63 | 117 | 163
-203 | 14 | 12 | 2 | 180 | 63 | 117 | 164
-203 | 14 | 12 | 2 | 180 | 63 | 117 | 165
-203 | 14 | 12 | 2 | 180 | 63 | 117 | 166
-203 | 14 | 12 | 2 | 180 | 63 | 117 | 167
-203 | 14 | 12 | 2 | 180 | 63 | 117 | 168
-203 | 14 | 12 | 2 | 180 | 63 | 117 | 169
-203 | 14 | 12 | 2 | 180 | 63 | 117 | 170
-203 | 14 | 12 | 2 | 180 | 63 | 117 | 171
-203 | 14 | 12 | 2 | 180 | 63 | 117 | 172
-205 | 13 | 12 | 1 | 182 | 64 | 118 | 173
-205 | 13 | 12 | 1 | 182 | 64 | 118 | 174
-205 | 13 | 12 | 1 | 182 | 64 | 118 | 175
-205 | 13 | 12 | 1 | 182 | 64 | 118 | 176
-205 | 13 | 12 | 1 | 182 | 64 | 118 | 177
-205 | 13 | 12 | 1 | 182 | 64 | 118 | 178
-205 | 13 | 12 | 1 | 182 | 64 | 118 | 179
-205 | 13 | 12 | 1 | 182 | 64 | 118 | 180
-205 | 13 | 12 | 1 | 182 | 64 | 118 | 181
-205 | 13 | 12 | 1 | 182 | 64 | 118 | 182
-205 | 13 | 12 | 1 | 182 | 64 | 118 | 183
-205 | 13 | 12 | 1 | 182 | 64 | 118 | 184
-205 | 13 | 12 | 1 | 182 | 64 | 118 | 185
-205 | 13 | 12 | 1 | 182 | 64 | 118 | 186
-205 | 13 | 12 | 1 | 182 | 64 | 118 | 187
-205 | 13 | 12 | 1 | 182 | 64 | 118 | 188
-205 | 13 | 12 | 1 | 182 | 64 | 118 | 189
-205 | 13 | 12 | 1 | 182 | 64 | 118 | 190
-205 | 13 | 12 | 1 | 182 | 64 | 118 | 191
-205 | 13 | 12 | 1 | 182 | 64 | 118 | 192
-205 | 13 | 12 | 1 | 182 | 64 | 118 | 193
-205 | 13 | 12 | 1 | 182 | 64 | 118 | 194
-205 | 13 | 12 | 1 | 182 | 64 | 118 | 195
-205 | 13 | 12 | 1 | 182 | 64 | 118 | 196
-205 | 13 | 12 | 1 | 182 | 64 | 118 | 197
-205 | 13 | 12 | 1 | 182 | 64 | 118 | 198
-205 | 13 | 12 | 1 | 182 | 64 | 118 | 199
-205 | 13 | 12 | 1 | 182 | 64 | 118 | 200
-205 | 13 | 12 | 1 | 182 | 64 | 118 | 201
-205 | 13 | 12 | 1 | 182 | 64 | 118 | 202
-205 | 13 | 12 | 1 | 182 | 64 | 118 | 203
-205 | 13 | 12 | 1 | 182 | 64 | 118 | 204
-205 | 13 | 12 | 1 | 182 | 64 | 118 | 205
-205 | 13 | 12 | 1 | 182 | 64 | 118 | 206
-205 | 13 | 12 | 1 | 182 | 64 | 118 | 207
-205 | 13 | 12 | 1 | 182 | 64 | 118 | 208
-205 | 13 | 12 | 1 | 182 | 64 | 118 | 209
-205 | 13 | 12 | 1 | 182 | 64 | 118 | 210
-205 | 13 | 12 | 1 | 182 | 64 | 118 | 211
-205 | 13 | 12 | 1 | 182 | 64 | 118 | 212
-205 | 13 | 12 | 1 | 182 | 64 | 118 | 213
-205 | 13 | 12 | 1 | 182 | 64 | 118 | 214
-205 | 13 | 12 | 1 | 182 | 64 | 118 | 215
-205 | 13 | 12 | 1 | 182 | 64 | 118 | 216
-205 | 13 | 12 | 1 | 182 | 64 | 118 | 217
-205 | 13 | 12 | 1 | 182 | 64 | 118 | 218
-205 | 13 | 12 | 1 | 182 | 64 | 118 | 219
-205 | 13 | 12 | 1 | 182 | 64 | 118 | 220
-205 | 13 | 12 | 1 | 182 | 64 | 118 | 221
-205 | 13 | 12 | 1 | 182 | 64 | 118 | 222
-205 | 13 | 12 | 1 | 182 | 64 | 118 | 223
-205 | 13 | 12 | 1 | 182 | 64 | 118 | 224
-205 | 13 | 12 | 1 | 182 | 64 | 118 | 225
-205 | 13 | 12 | 1 | 182 | 64 | 118 | 226
-205 | 13 | 12 | 1 | 182 | 64 | 118 | 227
-205 | 13 | 12 | 1 | 182 | 64 | 118 | 228
-205 | 13 | 12 | 1 | 182 | 64 | 118 | 229
-205 | 13 | 12 | 1 | 182 | 64 | 118 | 230
-205 | 13 | 12 | 1 | 182 | 64 | 118 | 231
-205 | 13 | 12 | 1 | 182 | 64 | 118 | 232
-205 | 13 | 12 | 1 | 182 | 64 | 118 | 233
-205 | 13 | 12 | 1 | 182 | 64 | 118 | 234
-205 | 13 | 12 | 1 | 182 | 64 | 118 | 235
-205 | 13 | 12 | 1 | 182 | 64 | 118 | 236
-205 | 13 | 12 | 1 | 182 | 64 | 118 | 237
-205 | 13 | 12 | 1 | 182 | 64 | 118 | 238
-205 | 13 | 12 | 1 | 182 | 64 | 118 | 239
-211 | 13 | 12 | 1 | 182 | 66 | 116 | 240
-211 | 13 | 12 | 1 | 182 | 66 | 116 | 241
-211 | 13 | 12 | 1 | 182 | 66 | 116 | 242
-211 | 13 | 12 | 1 | 182 | 66 | 116 | 243
-211 | 13 | 12 | 1 | 182 | 66 | 116 | 244
-211 | 13 | 12 | 1 | 182 | 66 | 116 | 245
-211 | 13 | 12 | 1 | 182 | 66 | 116 | 246
-211 | 13 | 12 | 1 | 182 | 66 | 116 | 247
-211 | 13 | 12 | 1 | 182 | 66 | 116 | 248
-211 | 13 | 12 | 1 | 182 | 66 | 116 | 249
-211 | 13 | 12 | 1 | 182 | 66 | 116 | 250
-211 | 13 | 12 | 1 | 182 | 66 | 116 | 251
-211 | 13 | 12 | 1 | 182 | 66 | 116 | 252
-211 | 13 | 12 | 1 | 182 | 66 | 116 | 253
-211 | 13 | 12 | 1 | 182 | 66 | 116 | 254
-211 | 13 | 12 | 1 | 182 | 66 | 116 | 255
-211 | 13 | 12 | 1 | 182 | 66 | 116 | 256
-211 | 13 | 12 | 1 | 182 | 66 | 116 | 257
-211 | 13 | 12 | 1 | 182 | 66 | 116 | 258
-211 | 13 | 12 | 1 | 182 | 66 | 116 | 259
-211 | 13 | 12 | 1 | 182 | 66 | 116 | 260
-211 | 13 | 12 | 1 | 182 | 66 | 116 | 261
-211 | 13 | 12 | 1 | 182 | 66 | 116 | 262
-211 | 13 | 12 | 1 | 182 | 66 | 116 | 263
-211 | 13 | 12 | 1 | 182 | 66 | 116 | 264
-211 | 13 | 12 | 1 | 182 | 66 | 116 | 265
-211 | 13 | 12 | 1 | 182 | 66 | 116 | 266
-211 | 13 | 12 | 1 | 182 | 66 | 116 | 267
-211 | 13 | 12 | 1 | 182 | 66 | 116 | 268
-211 | 13 | 12 | 1 | 182 | 66 | 116 | 269
-211 | 13 | 12 | 1 | 182 | 66 | 116 | 270
-211 | 13 | 12 | 1 | 182 | 66 | 116 | 271
-211 | 13 | 12 | 1 | 182 | 66 | 116 | 272
-211 | 13 | 12 | 1 | 182 | 66 | 116 | 273
-211 | 13 | 12 | 1 | 182 | 66 | 116 | 274
-211 | 13 | 12 | 1 | 182 | 66 | 116 | 275
-211 | 13 | 12 | 1 | 182 | 66 | 116 | 276
-211 | 13 | 12 | 1 | 182 | 66 | 116 | 277
-211 | 13 | 12 | 1 | 182 | 66 | 116 | 278
-217 | 13 | 12 | 1 | 182 | 68 | 114 | 279
-217 | 13 | 12 | 1 | 182 | 68 | 114 | 280
-217 | 13 | 12 | 1 | 182 | 68 | 114 | 281
-217 | 13 | 12 | 1 | 182 | 68 | 114 | 282
-217 | 13 | 12 | 1 | 182 | 68 | 114 | 283
-217 | 13 | 12 | 1 | 182 | 68 | 114 | 284
-217 | 13 | 12 | 1 | 182 | 68 | 114 | 285
-217 | 13 | 12 | 1 | 182 | 68 | 114 | 286
-217 | 13 | 12 | 1 | 182 | 68 | 114 | 287
-217 | 13 | 12 | 1 | 182 | 68 | 114 | 288
-217 | 13 | 12 | 1 | 182 | 68 | 114 | 289
-217 | 13 | 12 | 1 | 182 | 68 | 114 | 290
-217 | 13 | 12 | 1 | 182 | 68 | 114 | 291
-217 | 13 | 12 | 1 | 182 | 68 | 114 | 292
-217 | 13 | 12 | 1 | 182 | 68 | 114 | 293
-217 | 13 | 12 | 1 | 182 | 68 | 114 | 294
-217 | 13 | 12 | 1 | 182 | 68 | 114 | 295
-217 | 13 | 12 | 1 | 182 | 68 | 114 | 296
-217 | 13 | 12 | 1 | 182 | 68 | 114 | 297
-217 | 13 | 12 | 1 | 182 | 68 | 114 | 298
-217 | 13 | 12 | 1 | 182 | 68 | 114 | 299
-217 | 13 | 12 | 1 | 182 | 68 | 114 | 300
-217 | 13 | 12 | 1 | 182 | 68 | 114 | 301
-220 | 13 | 12 | 1 | 182 | 69 | 113 | 302
-220 | 13 | 12 | 1 | 182 | 69 | 113 | 303
-220 | 13 | 12 | 1 | 182 | 69 | 113 | 304
-220 | 13 | 12 | 1 | 182 | 69 | 113 | 305
-220 | 13 | 12 | 1 | 182 | 69 | 113 | 306
-220 | 13 | 12 | 1 | 182 | 69 | 113 | 307
-220 | 13 | 12 | 1 | 182 | 69 | 113 | 308
-220 | 13 | 12 | 1 | 182 | 69 | 113 | 309
-220 | 13 | 12 | 1 | 182 | 69 | 113 | 310
-220 | 13 | 12 | 1 | 182 | 69 | 113 | 311
-220 | 13 | 12 | 1 | 182 | 69 | 113 | 312
-220 | 13 | 12 | 1 | 182 | 69 | 113 | 313
-223 | 13 | 12 | 1 | 182 | 70 | 112 | 314
-223 | 13 | 12 | 1 | 182 | 70 | 112 | 315
-223 | 13 | 12 | 1 | 182 | 70 | 112 | 316
-223 | 13 | 12 | 1 | 182 | 70 | 112 | 317
-223 | 13 | 12 | 1 | 182 | 70 | 112 | 318
-223 | 13 | 12 | 1 | 182 | 70 | 112 | 319
-229 | 13 | 12 | 1 | 182 | 72 | 110 | 320
-229 | 13 | 12 | 1 | 182 | 72 | 110 | 321
-229 | 13 | 12 | 1 | 182 | 72 | 110 | 322
-229 | 13 | 12 | 1 | 182 | 72 | 110 | 323
-229 | 13 | 12 | 1 | 182 | 72 | 110 | 324
-229 | 13 | 12 | 1 | 182 | 72 | 110 | 325
-229 | 13 | 12 | 1 | 182 | 72 | 110 | 326
-229 | 13 | 12 | 1 | 182 | 72 | 110 | 327
-229 | 13 | 12 | 1 | 182 | 72 | 110 | 328
-229 | 13 | 12 | 1 | 182 | 72 | 110 | 329
-229 | 13 | 12 | 1 | 182 | 72 | 110 | 330
-229 | 13 | 12 | 1 | 182 | 72 | 110 | 331
-229 | 13 | 12 | 1 | 182 | 72 | 110 | 332
-229 | 13 | 12 | 1 | 182 | 72 | 110 | 333
-229 | 13 | 12 | 1 | 182 | 72 | 110 | 334
-229 | 13 | 12 | 1 | 182 | 72 | 110 | 335
-229 | 13 | 12 | 1 | 182 | 72 | 110 | 336
-229 | 13 | 12 | 1 | 182 | 72 | 110 | 337
-229 | 13 | 12 | 1 | 182 | 72 | 110 | 338
-229 | 13 | 12 | 1 | 182 | 72 | 110 | 339
-229 | 13 | 12 | 1 | 182 | 72 | 110 | 340
-229 | 13 | 12 | 1 | 182 | 72 | 110 | 341
-229 | 13 | 12 | 1 | 182 | 72 | 110 | 342
-229 | 13 | 12 | 1 | 182 | 72 | 110 | 343
-229 | 13 | 12 | 1 | 182 | 72 | 110 | 344
-229 | 13 | 12 | 1 | 182 | 72 | 110 | 345
-229 | 13 | 12 | 1 | 182 | 72 | 110 | 346
-229 | 13 | 12 | 1 | 182 | 72 | 110 | 347
-229 | 13 | 12 | 1 | 182 | 72 | 110 | 348
-229 | 13 | 12 | 1 | 182 | 72 | 110 | 349
-229 | 13 | 12 | 1 | 182 | 72 | 110 | 350
-229 | 13 | 12 | 1 | 182 | 72 | 110 | 351
-229 | 13 | 12 | 1 | 182 | 72 | 110 | 352
-229 | 13 | 12 | 1 | 182 | 72 | 110 | 353
-229 | 13 | 12 | 1 | 182 | 72 | 110 | 354
-229 | 13 | 12 | 1 | 182 | 72 | 110 | 355
-229 | 13 | 12 | 1 | 182 | 72 | 110 | 356
-229 | 13 | 12 | 1 | 182 | 72 | 110 | 357
-229 | 13 | 12 | 1 | 182 | 72 | 110 | 358
-229 | 13 | 12 | 1 | 182 | 72 | 110 | 359
-229 | 13 | 12 | 1 | 182 | 72 | 110 | 360
-229 | 13 | 12 | 1 | 182 | 72 | 110 | 361
-229 | 13 | 12 | 1 | 182 | 72 | 110 | 362
-229 | 13 | 12 | 1 | 182 | 72 | 110 | 363
-229 | 13 | 12 | 1 | 182 | 72 | 110 | 364
-229 | 13 | 12 | 1 | 182 | 72 | 110 | 365
-229 | 13 | 12 | 1 | 182 | 72 | 110 | 366
-229 | 13 | 12 | 1 | 182 | 72 | 110 | 367
-229 | 13 | 12 | 1 | 182 | 72 | 110 | 368
-232 | 13 | 12 | 1 | 182 | 73 | 109 | 369
-232 | 13 | 12 | 1 | 182 | 73 | 109 | 370
-232 | 13 | 12 | 1 | 182 | 73 | 109 | 371
-232 | 13 | 12 | 1 | 182 | 73 | 109 | 372
-232 | 13 | 12 | 1 | 182 | 73 | 109 | 373
-232 | 13 | 12 | 1 | 182 | 73 | 109 | 374
-232 | 13 | 12 | 1 | 182 | 73 | 109 | 375
-232 | 13 | 12 | 1 | 182 | 73 | 109 | 376
-232 | 13 | 12 | 1 | 182 | 73 | 109 | 377
-232 | 13 | 12 | 1 | 182 | 73 | 109 | 378
-232 | 13 | 12 | 1 | 182 | 73 | 109 | 379
-232 | 13 | 12 | 1 | 182 | 73 | 109 | 380
-232 | 13 | 12 | 1 | 182 | 73 | 109 | 381
-232 | 13 | 12 | 1 | 182 | 73 | 109 | 382
-232 | 13 | 12 | 1 | 182 | 73 | 109 | 383
-232 | 13 | 12 | 1 | 182 | 73 | 109 | 384
-232 | 13 | 12 | 1 | 182 | 73 | 109 | 385
-232 | 13 | 12 | 1 | 182 | 73 | 109 | 386
-232 | 13 | 12 | 1 | 182 | 73 | 109 | 387
-232 | 13 | 12 | 1 | 182 | 73 | 109 | 388
-232 | 13 | 12 | 1 | 182 | 73 | 109 | 389
-232 | 13 | 12 | 1 | 182 | 73 | 109 | 390
-232 | 13 | 12 | 1 | 182 | 73 | 109 | 391
-232 | 13 | 12 | 1 | 182 | 73 | 109 | 392
-232 | 13 | 12 | 1 | 182 | 73 | 109 | 393
-232 | 13 | 12 | 1 | 182 | 73 | 109 | 394
-232 | 13 | 12 | 1 | 182 | 73 | 109 | 395
-232 | 13 | 12 | 1 | 182 | 73 | 109 | 396
-232 | 13 | 12 | 1 | 182 | 73 | 109 | 397
-232 | 13 | 12 | 1 | 182 | 73 | 109 | 398
-232 | 13 | 12 | 1 | 182 | 73 | 109 | 399
-232 | 13 | 12 | 1 | 182 | 73 | 109 | 400
-232 | 13 | 12 | 1 | 182 | 73 | 109 | 401
-232 | 13 | 12 | 1 | 182 | 73 | 109 | 402
-232 | 13 | 12 | 1 | 182 | 73 | 109 | 403
-232 | 13 | 12 | 1 | 182 | 73 | 109 | 404
-232 | 13 | 12 | 1 | 182 | 73 | 109 | 405
-232 | 13 | 12 | 1 | 182 | 73 | 109 | 406
-232 | 13 | 12 | 1 | 182 | 73 | 109 | 407
-232 | 13 | 12 | 1 | 182 | 73 | 109 | 408
-232 | 13 | 12 | 1 | 182 | 73 | 109 | 409
-232 | 13 | 12 | 1 | 182 | 73 | 109 | 410
-232 | 13 | 12 | 1 | 182 | 73 | 109 | 411
-232 | 13 | 12 | 1 | 182 | 73 | 109 | 412
-232 | 13 | 12 | 1 | 182 | 73 | 109 | 413
-232 | 13 | 12 | 1 | 182 | 73 | 109 | 414
-232 | 13 | 12 | 1 | 182 | 73 | 109 | 415
-232 | 13 | 12 | 1 | 182 | 73 | 109 | 416
-232 | 13 | 12 | 1 | 182 | 73 | 109 | 417
-232 | 13 | 12 | 1 | 182 | 73 | 109 | 418
-232 | 13 | 12 | 1 | 182 | 73 | 109 | 419
-232 | 13 | 12 | 1 | 182 | 73 | 109 | 420
-232 | 13 | 12 | 1 | 182 | 73 | 109 | 421
-232 | 13 | 12 | 1 | 182 | 73 | 109 | 422
-232 | 13 | 12 | 1 | 182 | 73 | 109 | 423
-232 | 13 | 12 | 1 | 182 | 73 | 109 | 424
-232 | 13 | 12 | 1 | 182 | 73 | 109 | 425
-232 | 13 | 12 | 1 | 182 | 73 | 109 | 426
-232 | 13 | 12 | 1 | 182 | 73 | 109 | 427
-232 | 13 | 12 | 1 | 182 | 73 | 109 | 428
-232 | 13 | 12 | 1 | 182 | 73 | 109 | 429
-232 | 13 | 12 | 1 | 182 | 73 | 109 | 430
-232 | 13 | 12 | 1 | 182 | 73 | 109 | 431
-232 | 13 | 12 | 1 | 182 | 73 | 109 | 432
-232 | 13 | 12 | 1 | 182 | 73 | 109 | 433
-232 | 13 | 12 | 1 | 182 | 73 | 109 | 434
-232 | 13 | 12 | 1 | 182 | 73 | 109 | 435
-232 | 13 | 12 | 1 | 182 | 73 | 109 | 436
-232 | 13 | 12 | 1 | 182 | 73 | 109 | 437
-232 | 13 | 12 | 1 | 182 | 73 | 109 | 438
-232 | 13 | 12 | 1 | 182 | 73 | 109 | 439
-232 | 13 | 12 | 1 | 182 | 73 | 109 | 440
-232 | 13 | 12 | 1 | 182 | 73 | 109 | 441
-232 | 13 | 12 | 1 | 182 | 73 | 109 | 442
-232 | 13 | 12 | 1 | 182 | 73 | 109 | 443
-232 | 13 | 12 | 1 | 182 | 73 | 109 | 444
-232 | 13 | 12 | 1 | 182 | 73 | 109 | 445
-232 | 13 | 12 | 1 | 182 | 73 | 109 | 446
-232 | 13 | 12 | 1 | 182 | 73 | 109 | 447
-232 | 13 | 12 | 1 | 182 | 73 | 109 | 448
-232 | 13 | 12 | 1 | 182 | 73 | 109 | 449
-232 | 13 | 12 | 1 | 182 | 73 | 109 | 450
-232 | 13 | 12 | 1 | 182 | 73 | 109 | 451
-232 | 13 | 12 | 1 | 182 | 73 | 109 | 452
-232 | 13 | 12 | 1 | 182 | 73 | 109 | 453
-232 | 13 | 12 | 1 | 182 | 73 | 109 | 454
-232 | 13 | 12 | 1 | 182 | 73 | 109 | 455
-232 | 13 | 12 | 1 | 182 | 73 | 109 | 456
-232 | 13 | 12 | 1 | 182 | 73 | 109 | 457
-232 | 13 | 12 | 1 | 182 | 73 | 109 | 458
-232 | 13 | 12 | 1 | 182 | 73 | 109 | 459
-232 | 13 | 12 | 1 | 182 | 73 | 109 | 460
-232 | 13 | 12 | 1 | 182 | 73 | 109 | 461
-232 | 13 | 12 | 1 | 182 | 73 | 109 | 462
-232 | 13 | 12 | 1 | 182 | 73 | 109 | 463
-232 | 13 | 12 | 1 | 182 | 73 | 109 | 464
-232 | 13 | 12 | 1 | 182 | 73 | 109 | 465
-232 | 13 | 12 | 1 | 182 | 73 | 109 | 466
-232 | 13 | 12 | 1 | 182 | 73 | 109 | 467
-232 | 13 | 12 | 1 | 182 | 73 | 109 | 468
-232 | 13 | 12 | 1 | 182 | 73 | 109 | 469
-232 | 13 | 12 | 1 | 182 | 73 | 109 | 470
-235 | 13 | 12 | 1 | 182 | 74 | 108 | 471
-235 | 13 | 12 | 1 | 182 | 74 | 108 | 472
-235 | 13 | 12 | 1 | 182 | 74 | 108 | 473
-235 | 13 | 12 | 1 | 182 | 74 | 108 | 474
-235 | 13 | 12 | 1 | 182 | 74 | 108 | 475
-235 | 13 | 12 | 1 | 182 | 74 | 108 | 476
-235 | 13 | 12 | 1 | 182 | 74 | 108 | 477
-235 | 13 | 12 | 1 | 182 | 74 | 108 | 478
-235 | 13 | 12 | 1 | 182 | 74 | 108 | 479
-235 | 13 | 12 | 1 | 182 | 74 | 108 | 480
-235 | 13 | 12 | 1 | 182 | 74 | 108 | 481
-235 | 13 | 12 | 1 | 182 | 74 | 108 | 482
-235 | 13 | 12 | 1 | 182 | 74 | 108 | 483
-235 | 13 | 12 | 1 | 182 | 74 | 108 | 484
-235 | 13 | 12 | 1 | 182 | 74 | 108 | 485
-235 | 13 | 12 | 1 | 182 | 74 | 108 | 486
-235 | 13 | 12 | 1 | 182 | 74 | 108 | 487
-235 | 13 | 12 | 1 | 182 | 74 | 108 | 488
-235 | 13 | 12 | 1 | 182 | 74 | 108 | 489
-235 | 13 | 12 | 1 | 182 | 74 | 108 | 490
-235 | 13 | 12 | 1 | 182 | 74 | 108 | 491
-235 | 13 | 12 | 1 | 182 | 74 | 108 | 492
-235 | 13 | 12 | 1 | 182 | 74 | 108 | 493
-235 | 13 | 12 | 1 | 182 | 74 | 108 | 494
-235 | 13 | 12 | 1 | 182 | 74 | 108 | 495
-235 | 13 | 12 | 1 | 182 | 74 | 108 | 496
-235 | 13 | 12 | 1 | 182 | 74 | 108 | 497
-235 | 13 | 12 | 1 | 182 | 74 | 108 | 498
-235 | 13 | 12 | 1 | 182 | 74 | 108 | 499
-235 | 13 | 12 | 1 | 182 | 74 | 108 | 500
-235 | 13 | 12 | 1 | 182 | 74 | 108 | 501
-235 | 13 | 12 | 1 | 182 | 74 | 108 | 502
-235 | 13 | 12 | 1 | 182 | 74 | 108 | 503
-235 | 13 | 12 | 1 | 182 | 74 | 108 | 504
-235 | 13 | 12 | 1 | 182 | 74 | 108 | 505
-235 | 13 | 12 | 1 | 182 | 74 | 108 | 506
-235 | 13 | 12 | 1 | 182 | 74 | 108 | 507
-235 | 13 | 12 | 1 | 182 | 74 | 108 | 508
-235 | 13 | 12 | 1 | 182 | 74 | 108 | 509
-235 | 13 | 12 | 1 | 182 | 74 | 108 | 510
-235 | 13 | 12 | 1 | 182 | 74 | 108 | 511
-235 | 13 | 12 | 1 | 182 | 74 | 108 | 512
-235 | 13 | 12 | 1 | 182 | 74 | 108 | 513
-235 | 13 | 12 | 1 | 182 | 74 | 108 | 514
-235 | 13 | 12 | 1 | 182 | 74 | 108 | 515
-235 | 13 | 12 | 1 | 182 | 74 | 108 | 516
-235 | 13 | 12 | 1 | 182 | 74 | 108 | 517
-235 | 13 | 12 | 1 | 182 | 74 | 108 | 518
-235 | 13 | 12 | 1 | 182 | 74 | 108 | 519
-235 | 13 | 12 | 1 | 182 | 74 | 108 | 520
-235 | 13 | 12 | 1 | 182 | 74 | 108 | 521
-235 | 13 | 12 | 1 | 182 | 74 | 108 | 522
-235 | 13 | 12 | 1 | 182 | 74 | 108 | 523
-235 | 13 | 12 | 1 | 182 | 74 | 108 | 524
-235 | 13 | 12 | 1 | 182 | 74 | 108 | 525
-235 | 13 | 12 | 1 | 182 | 74 | 108 | 526
-235 | 13 | 12 | 1 | 182 | 74 | 108 | 527
-235 | 13 | 12 | 1 | 182 | 74 | 108 | 528
-235 | 13 | 12 | 1 | 182 | 74 | 108 | 529
-244 | 13 | 12 | 1 | 182 | 77 | 105 | 530
-244 | 13 | 12 | 1 | 182 | 77 | 105 | 531
-244 | 13 | 12 | 1 | 182 | 77 | 105 | 532
-244 | 13 | 12 | 1 | 182 | 77 | 105 | 533
-244 | 13 | 12 | 1 | 182 | 77 | 105 | 534
-244 | 13 | 12 | 1 | 182 | 77 | 105 | 535
-244 | 13 | 12 | 1 | 182 | 77 | 105 | 536
-244 | 13 | 12 | 1 | 182 | 77 | 105 | 537
-244 | 13 | 12 | 1 | 182 | 77 | 105 | 538
-244 | 13 | 12 | 1 | 182 | 77 | 105 | 539
-244 | 13 | 12 | 1 | 182 | 77 | 105 | 540
-244 | 13 | 12 | 1 | 182 | 77 | 105 | 541
-244 | 13 | 12 | 1 | 182 | 77 | 105 | 542
-244 | 13 | 12 | 1 | 182 | 77 | 105 | 543
-244 | 13 | 12 | 1 | 182 | 77 | 105 | 544
-244 | 13 | 12 | 1 | 182 | 77 | 105 | 545
-244 | 13 | 12 | 1 | 182 | 77 | 105 | 546
-244 | 13 | 12 | 1 | 182 | 77 | 105 | 547
-244 | 13 | 12 | 1 | 182 | 77 | 105 | 548
-244 | 13 | 12 | 1 | 182 | 77 | 105 | 549
-244 | 13 | 12 | 1 | 182 | 77 | 105 | 550
-244 | 13 | 12 | 1 | 182 | 77 | 105 | 551
-244 | 13 | 12 | 1 | 182 | 77 | 105 | 552
-244 | 13 | 12 | 1 | 182 | 77 | 105 | 553
-244 | 13 | 12 | 1 | 182 | 77 | 105 | 554
-244 | 13 | 12 | 1 | 182 | 77 | 105 | 555
-244 | 13 | 12 | 1 | 182 | 77 | 105 | 556
-244 | 13 | 12 | 1 | 182 | 77 | 105 | 557
-244 | 13 | 12 | 1 | 182 | 77 | 105 | 558
-244 | 13 | 12 | 1 | 182 | 77 | 105 | 559
-244 | 13 | 12 | 1 | 182 | 77 | 105 | 560
-244 | 13 | 12 | 1 | 182 | 77 | 105 | 561
-244 | 13 | 12 | 1 | 182 | 77 | 105 | 562
-244 | 13 | 12 | 1 | 182 | 77 | 105 | 563
-244 | 13 | 12 | 1 | 182 | 77 | 105 | 564
-244 | 13 | 12 | 1 | 182 | 77 | 105 | 565
-244 | 13 | 12 | 1 | 182 | 77 | 105 | 566
-244 | 13 | 12 | 1 | 182 | 77 | 105 | 567
-244 | 13 | 12 | 1 | 182 | 77 | 105 | 568
-244 | 13 | 12 | 1 | 182 | 77 | 105 | 569
-253 | 13 | 12 | 1 | 182 | 80 | 102 | 570
-253 | 13 | 12 | 1 | 182 | 80 | 102 | 571
-253 | 13 | 12 | 1 | 182 | 80 | 102 | 572
-253 | 13 | 12 | 1 | 182 | 80 | 102 | 573
-253 | 13 | 12 | 1 | 182 | 80 | 102 | 574
-253 | 13 | 12 | 1 | 182 | 80 | 102 | 575
-253 | 13 | 12 | 1 | 182 | 80 | 102 | 576
-253 | 13 | 12 | 1 | 182 | 80 | 102 | 577
-253 | 13 | 12 | 1 | 182 | 80 | 102 | 578
-253 | 13 | 12 | 1 | 182 | 80 | 102 | 579
-253 | 13 | 12 | 1 | 182 | 80 | 102 | 580
-253 | 13 | 12 | 1 | 182 | 80 | 102 | 581
-253 | 13 | 12 | 1 | 182 | 80 | 102 | 582
-253 | 13 | 12 | 1 | 182 | 80 | 102 | 583
-253 | 13 | 12 | 1 | 182 | 80 | 102 | 584
-253 | 13 | 12 | 1 | 182 | 80 | 102 | 585
-253 | 13 | 12 | 1 | 182 | 80 | 102 | 586
-253 | 13 | 12 | 1 | 182 | 80 | 102 | 587
-253 | 13 | 12 | 1 | 182 | 80 | 102 | 588
-253 | 13 | 12 | 1 | 182 | 80 | 102 | 589
-253 | 13 | 12 | 1 | 182 | 80 | 102 | 590
-253 | 13 | 12 | 1 | 182 | 80 | 102 | 591
-253 | 13 | 12 | 1 | 182 | 80 | 102 | 592
-253 | 13 | 12 | 1 | 182 | 80 | 102 | 593
-253 | 13 | 12 | 1 | 182 | 80 | 102 | 594
-253 | 13 | 12 | 1 | 182 | 80 | 102 | 595
-253 | 13 | 12 | 1 | 182 | 80 | 102 | 596
-253 | 13 | 12 | 1 | 182 | 80 | 102 | 597
-253 | 13 | 12 | 1 | 182 | 80 | 102 | 598
-253 | 13 | 12 | 1 | 182 | 80 | 102 | 599
-253 | 13 | 12 | 1 | 182 | 80 | 102 | 600
-253 | 13 | 12 | 1 | 182 | 80 | 102 | 601
-253 | 13 | 12 | 1 | 182 | 80 | 102 | 602
-253 | 13 | 12 | 1 | 182 | 80 | 102 | 603
-253 | 13 | 12 | 1 | 182 | 80 | 102 | 604
-253 | 13 | 12 | 1 | 182 | 80 | 102 | 605
-253 | 13 | 12 | 1 | 182 | 80 | 102 | 606
-253 | 13 | 12 | 1 | 182 | 80 | 102 | 607
-253 | 13 | 12 | 1 | 182 | 80 | 102 | 608
-253 | 13 | 12 | 1 | 182 | 80 | 102 | 609
-253 | 13 | 12 | 1 | 182 | 80 | 102 | 610
-253 | 13 | 12 | 1 | 182 | 80 | 102 | 611
-253 | 13 | 12 | 1 | 182 | 80 | 102 | 612
-253 | 13 | 12 | 1 | 182 | 80 | 102 | 613
-253 | 13 | 12 | 1 | 182 | 80 | 102 | 614
-253 | 13 | 12 | 1 | 182 | 80 | 102 | 615
-253 | 13 | 12 | 1 | 182 | 80 | 102 | 616
-253 | 13 | 12 | 1 | 182 | 80 | 102 | 617
-253 | 13 | 12 | 1 | 182 | 80 | 102 | 618
-253 | 13 | 12 | 1 | 182 | 80 | 102 | 619
-253 | 13 | 12 | 1 | 182 | 80 | 102 | 620
-253 | 13 | 12 | 1 | 182 | 80 | 102 | 621
-253 | 13 | 12 | 1 | 182 | 80 | 102 | 622
-253 | 13 | 12 | 1 | 182 | 80 | 102 | 623
-253 | 13 | 12 | 1 | 182 | 80 | 102 | 624
-253 | 13 | 12 | 1 | 182 | 80 | 102 | 625
-253 | 13 | 12 | 1 | 182 | 80 | 102 | 626
-253 | 13 | 12 | 1 | 182 | 80 | 102 | 627
-253 | 13 | 12 | 1 | 182 | 80 | 102 | 628
-253 | 13 | 12 | 1 | 182 | 80 | 102 | 629
-253 | 13 | 12 | 1 | 182 | 80 | 102 | 630
-253 | 13 | 12 | 1 | 182 | 80 | 102 | 631
-253 | 13 | 12 | 1 | 182 | 80 | 102 | 632
-253 | 13 | 12 | 1 | 182 | 80 | 102 | 633
-253 | 13 | 12 | 1 | 182 | 80 | 102 | 634
-253 | 13 | 12 | 1 | 182 | 80 | 102 | 635
-253 | 13 | 12 | 1 | 182 | 80 | 102 | 636
-253 | 13 | 12 | 1 | 182 | 80 | 102 | 637
-253 | 13 | 12 | 1 | 182 | 80 | 102 | 638
-253 | 13 | 12 | 1 | 182 | 80 | 102 | 639
-253 | 13 | 12 | 1 | 182 | 80 | 102 | 640
-253 | 13 | 12 | 1 | 182 | 80 | 102 | 641
-253 | 13 | 12 | 1 | 182 | 80 | 102 | 642
-253 | 13 | 12 | 1 | 182 | 80 | 102 | 643
-253 | 13 | 12 | 1 | 182 | 80 | 102 | 644
-253 | 13 | 12 | 1 | 182 | 80 | 102 | 645
-253 | 13 | 12 | 1 | 182 | 80 | 102 | 646
-253 | 13 | 12 | 1 | 182 | 80 | 102 | 647
-253 | 13 | 12 | 1 | 182 | 80 | 102 | 648
-253 | 13 | 12 | 1 | 182 | 80 | 102 | 649
-253 | 13 | 12 | 1 | 182 | 80 | 102 | 650
-253 | 13 | 12 | 1 | 182 | 80 | 102 | 651
-253 | 13 | 12 | 1 | 182 | 80 | 102 | 652
-253 | 13 | 12 | 1 | 182 | 80 | 102 | 653
-253 | 13 | 12 | 1 | 182 | 80 | 102 | 654
-253 | 13 | 12 | 1 | 182 | 80 | 102 | 655
-253 | 13 | 12 | 1 | 182 | 80 | 102 | 656
-253 | 13 | 12 | 1 | 182 | 80 | 102 | 657
-253 | 13 | 12 | 1 | 182 | 80 | 102 | 658
-253 | 13 | 12 | 1 | 182 | 80 | 102 | 659
-253 | 13 | 12 | 1 | 182 | 80 | 102 | 660
-253 | 13 | 12 | 1 | 182 | 80 | 102 | 661
-253 | 13 | 12 | 1 | 182 | 80 | 102 | 662
-253 | 13 | 12 | 1 | 182 | 80 | 102 | 663
-253 | 13 | 12 | 1 | 182 | 80 | 102 | 664
-253 | 13 | 12 | 1 | 182 | 80 | 102 | 665
-253 | 13 | 12 | 1 | 182 | 80 | 102 | 666
-253 | 13 | 12 | 1 | 182 | 80 | 102 | 667
-253 | 13 | 12 | 1 | 182 | 80 | 102 | 668
-253 | 13 | 12 | 1 | 182 | 80 | 102 | 669
-253 | 13 | 12 | 1 | 182 | 80 | 102 | 670
-253 | 13 | 12 | 1 | 182 | 80 | 102 | 671
-253 | 13 | 12 | 1 | 182 | 80 | 102 | 672
-253 | 13 | 12 | 1 | 182 | 80 | 102 | 673
-253 | 13 | 12 | 1 | 182 | 80 | 102 | 674
-253 | 13 | 12 | 1 | 182 | 80 | 102 | 675
-253 | 13 | 12 | 1 | 182 | 80 | 102 | 676
-253 | 13 | 12 | 1 | 182 | 80 | 102 | 677
-253 | 13 | 12 | 1 | 182 | 80 | 102 | 678
-253 | 13 | 12 | 1 | 182 | 80 | 102 | 679
-253 | 13 | 12 | 1 | 182 | 80 | 102 | 680
-253 | 13 | 12 | 1 | 182 | 80 | 102 | 681
-253 | 13 | 12 | 1 | 182 | 80 | 102 | 682
-253 | 13 | 12 | 1 | 182 | 80 | 102 | 683
-253 | 13 | 12 | 1 | 182 | 80 | 102 | 684
-253 | 13 | 12 | 1 | 182 | 80 | 102 | 685
-253 | 13 | 12 | 1 | 182 | 80 | 102 | 686
-253 | 13 | 12 | 1 | 182 | 80 | 102 | 687
-253 | 13 | 12 | 1 | 182 | 80 | 102 | 688
-253 | 13 | 12 | 1 | 182 | 80 | 102 | 689
-253 | 13 | 12 | 1 | 182 | 80 | 102 | 690
-253 | 13 | 12 | 1 | 182 | 80 | 102 | 691
-253 | 13 | 12 | 1 | 182 | 80 | 102 | 692
-253 | 13 | 12 | 1 | 182 | 80 | 102 | 693
-253 | 13 | 12 | 1 | 182 | 80 | 102 | 694
-253 | 13 | 12 | 1 | 182 | 80 | 102 | 695
-253 | 13 | 12 | 1 | 182 | 80 | 102 | 696
-253 | 13 | 12 | 1 | 182 | 80 | 102 | 697
-253 | 13 | 12 | 1 | 182 | 80 | 102 | 698
-253 | 13 | 12 | 1 | 182 | 80 | 102 | 699
-253 | 13 | 12 | 1 | 182 | 80 | 102 | 700
-253 | 13 | 12 | 1 | 182 | 80 | 102 | 701
-253 | 13 | 12 | 1 | 182 | 80 | 102 | 702
-253 | 13 | 12 | 1 | 182 | 80 | 102 | 703
-253 | 13 | 12 | 1 | 182 | 80 | 102 | 704
-253 | 13 | 12 | 1 | 182 | 80 | 102 | 705
-253 | 13 | 12 | 1 | 182 | 80 | 102 | 706
-253 | 13 | 12 | 1 | 182 | 80 | 102 | 707
-253 | 13 | 12 | 1 | 182 | 80 | 102 | 708
-253 | 13 | 12 | 1 | 182 | 80 | 102 | 709
-253 | 13 | 12 | 1 | 182 | 80 | 102 | 710
-253 | 13 | 12 | 1 | 182 | 80 | 102 | 711
-253 | 13 | 12 | 1 | 182 | 80 | 102 | 712
-253 | 13 | 12 | 1 | 182 | 80 | 102 | 713
-253 | 13 | 12 | 1 | 182 | 80 | 102 | 714
-253 | 13 | 12 | 1 | 182 | 80 | 102 | 715
-253 | 13 | 12 | 1 | 182 | 80 | 102 | 716
-253 | 13 | 12 | 1 | 182 | 80 | 102 | 717
-253 | 13 | 12 | 1 | 182 | 80 | 102 | 718
-253 | 13 | 12 | 1 | 182 | 80 | 102 | 719
-253 | 13 | 12 | 1 | 182 | 80 | 102 | 720
-253 | 13 | 12 | 1 | 182 | 80 | 102 | 721
-253 | 13 | 12 | 1 | 182 | 80 | 102 | 722
-253 | 13 | 12 | 1 | 182 | 80 | 102 | 723
-253 | 13 | 12 | 1 | 182 | 80 | 102 | 724
-253 | 13 | 12 | 1 | 182 | 80 | 102 | 725
-253 | 13 | 12 | 1 | 182 | 80 | 102 | 726
-253 | 13 | 12 | 1 | 182 | 80 | 102 | 727
-253 | 13 | 12 | 1 | 182 | 80 | 102 | 728
-253 | 13 | 12 | 1 | 182 | 80 | 102 | 729
-253 | 13 | 12 | 1 | 182 | 80 | 102 | 730
-253 | 13 | 12 | 1 | 182 | 80 | 102 | 731
-253 | 13 | 12 | 1 | 182 | 80 | 102 | 732
-253 | 13 | 12 | 1 | 182 | 80 | 102 | 733
-253 | 13 | 12 | 1 | 182 | 80 | 102 | 734
-253 | 13 | 12 | 1 | 182 | 80 | 102 | 735
-253 | 13 | 12 | 1 | 182 | 80 | 102 | 736
-253 | 13 | 12 | 1 | 182 | 80 | 102 | 737
-253 | 13 | 12 | 1 | 182 | 80 | 102 | 738
-253 | 13 | 12 | 1 | 182 | 80 | 102 | 739
-253 | 13 | 12 | 1 | 182 | 80 | 102 | 740
-253 | 13 | 12 | 1 | 182 | 80 | 102 | 741
-253 | 13 | 12 | 1 | 182 | 80 | 102 | 742
-253 | 13 | 12 | 1 | 182 | 80 | 102 | 743
-253 | 13 | 12 | 1 | 182 | 80 | 102 | 744
-253 | 13 | 12 | 1 | 182 | 80 | 102 | 745
-253 | 13 | 12 | 1 | 182 | 80 | 102 | 746
-253 | 13 | 12 | 1 | 182 | 80 | 102 | 747
-253 | 13 | 12 | 1 | 182 | 80 | 102 | 748
-253 | 13 | 12 | 1 | 182 | 80 | 102 | 749
-253 | 13 | 12 | 1 | 182 | 80 | 102 | 750
-253 | 13 | 12 | 1 | 182 | 80 | 102 | 751
-253 | 13 | 12 | 1 | 182 | 80 | 102 | 752
-253 | 13 | 12 | 1 | 182 | 80 | 102 | 753
-253 | 13 | 12 | 1 | 182 | 80 | 102 | 754
-253 | 13 | 12 | 1 | 182 | 80 | 102 | 755
-253 | 13 | 12 | 1 | 182 | 80 | 102 | 756
-253 | 13 | 12 | 1 | 182 | 80 | 102 | 757
-253 | 13 | 12 | 1 | 182 | 80 | 102 | 758
-253 | 13 | 12 | 1 | 182 | 80 | 102 | 759
-253 | 13 | 12 | 1 | 182 | 80 | 102 | 760
-253 | 13 | 12 | 1 | 182 | 80 | 102 | 761
-253 | 13 | 12 | 1 | 182 | 80 | 102 | 762
-253 | 13 | 12 | 1 | 182 | 80 | 102 | 763
-253 | 13 | 12 | 1 | 182 | 80 | 102 | 764
-253 | 13 | 12 | 1 | 182 | 80 | 102 | 765
-253 | 13 | 12 | 1 | 182 | 80 | 102 | 766
-253 | 13 | 12 | 1 | 182 | 80 | 102 | 767
-253 | 13 | 12 | 1 | 182 | 80 | 102 | 768
-253 | 13 | 12 | 1 | 182 | 80 | 102 | 769
-262 | 13 | 12 | 1 | 182 | 83 | 99 | 770
-262 | 13 | 12 | 1 | 182 | 83 | 99 | 771
-262 | 13 | 12 | 1 | 182 | 83 | 99 | 772
-262 | 13 | 12 | 1 | 182 | 83 | 99 | 773
-262 | 13 | 12 | 1 | 182 | 83 | 99 | 774
-262 | 13 | 12 | 1 | 182 | 83 | 99 | 775
-262 | 13 | 12 | 1 | 182 | 83 | 99 | 776
-262 | 13 | 12 | 1 | 182 | 83 | 99 | 777
-262 | 13 | 12 | 1 | 182 | 83 | 99 | 778
-262 | 13 | 12 | 1 | 182 | 83 | 99 | 779
-262 | 13 | 12 | 1 | 182 | 83 | 99 | 780
-262 | 13 | 12 | 1 | 182 | 83 | 99 | 781
-262 | 13 | 12 | 1 | 182 | 83 | 99 | 782
-262 | 13 | 12 | 1 | 182 | 83 | 99 | 783
-262 | 13 | 12 | 1 | 182 | 83 | 99 | 784
-262 | 13 | 12 | 1 | 182 | 83 | 99 | 785
-262 | 13 | 12 | 1 | 182 | 83 | 99 | 786
-262 | 13 | 12 | 1 | 182 | 83 | 99 | 787
-262 | 13 | 12 | 1 | 182 | 83 | 99 | 788
-262 | 13 | 12 | 1 | 182 | 83 | 99 | 789
-262 | 13 | 12 | 1 | 182 | 83 | 99 | 790
-262 | 13 | 12 | 1 | 182 | 83 | 99 | 791
-262 | 13 | 12 | 1 | 182 | 83 | 99 | 792
-262 | 13 | 12 | 1 | 182 | 83 | 99 | 793
-262 | 13 | 12 | 1 | 182 | 83 | 99 | 794
-262 | 13 | 12 | 1 | 182 | 83 | 99 | 795
-262 | 13 | 12 | 1 | 182 | 83 | 99 | 796
-262 | 13 | 12 | 1 | 182 | 83 | 99 | 797
-262 | 13 | 12 | 1 | 182 | 83 | 99 | 798
-262 | 13 | 12 | 1 | 182 | 83 | 99 | 799
-262 | 13 | 12 | 1 | 182 | 83 | 99 | 800
-262 | 13 | 12 | 1 | 182 | 83 | 99 | 801
-262 | 13 | 12 | 1 | 182 | 83 | 99 | 802
-262 | 13 | 12 | 1 | 182 | 83 | 99 | 803
-262 | 13 | 12 | 1 | 182 | 83 | 99 | 804
-262 | 13 | 12 | 1 | 182 | 83 | 99 | 805
-262 | 13 | 12 | 1 | 182 | 83 | 99 | 806
-262 | 13 | 12 | 1 | 182 | 83 | 99 | 807
-262 | 13 | 12 | 1 | 182 | 83 | 99 | 808
-262 | 13 | 12 | 1 | 182 | 83 | 99 | 809
-262 | 13 | 12 | 1 | 182 | 83 | 99 | 810
-262 | 13 | 12 | 1 | 182 | 83 | 99 | 811
-262 | 13 | 12 | 1 | 182 | 83 | 99 | 812
-262 | 13 | 12 | 1 | 182 | 83 | 99 | 813
-262 | 13 | 12 | 1 | 182 | 83 | 99 | 814
-262 | 13 | 12 | 1 | 182 | 83 | 99 | 815
-262 | 13 | 12 | 1 | 182 | 83 | 99 | 816
-262 | 13 | 12 | 1 | 182 | 83 | 99 | 817
-262 | 13 | 12 | 1 | 182 | 83 | 99 | 818
-262 | 13 | 12 | 1 | 182 | 83 | 99 | 819
-262 | 13 | 12 | 1 | 182 | 83 | 99 | 820
-262 | 13 | 12 | 1 | 182 | 83 | 99 | 821
-262 | 13 | 12 | 1 | 182 | 83 | 99 | 822
-262 | 13 | 12 | 1 | 182 | 83 | 99 | 823
-262 | 13 | 12 | 1 | 182 | 83 | 99 | 824
-262 | 13 | 12 | 1 | 182 | 83 | 99 | 825
-262 | 13 | 12 | 1 | 182 | 83 | 99 | 826
-262 | 13 | 12 | 1 | 182 | 83 | 99 | 827
-262 | 13 | 12 | 1 | 182 | 83 | 99 | 828
-262 | 13 | 12 | 1 | 182 | 83 | 99 | 829
-262 | 13 | 12 | 1 | 182 | 83 | 99 | 830
-262 | 13 | 12 | 1 | 182 | 83 | 99 | 831
-262 | 13 | 12 | 1 | 182 | 83 | 99 | 832
-262 | 13 | 12 | 1 | 182 | 83 | 99 | 833
-262 | 13 | 12 | 1 | 182 | 83 | 99 | 834
-262 | 13 | 12 | 1 | 182 | 83 | 99 | 835
-262 | 13 | 12 | 1 | 182 | 83 | 99 | 836
-262 | 13 | 12 | 1 | 182 | 83 | 99 | 837
-262 | 13 | 12 | 1 | 182 | 83 | 99 | 838
-262 | 13 | 12 | 1 | 182 | 83 | 99 | 839
-262 | 13 | 12 | 1 | 182 | 83 | 99 | 840
-262 | 13 | 12 | 1 | 182 | 83 | 99 | 841
-262 | 13 | 12 | 1 | 182 | 83 | 99 | 842
-262 | 13 | 12 | 1 | 182 | 83 | 99 | 843
-262 | 13 | 12 | 1 | 182 | 83 | 99 | 844
-262 | 13 | 12 | 1 | 182 | 83 | 99 | 845
-262 | 13 | 12 | 1 | 182 | 83 | 99 | 846
-262 | 13 | 12 | 1 | 182 | 83 | 99 | 847
-262 | 13 | 12 | 1 | 182 | 83 | 99 | 848
-262 | 13 | 12 | 1 | 182 | 83 | 99 | 849
-262 | 13 | 12 | 1 | 182 | 83 | 99 | 850
-262 | 13 | 12 | 1 | 182 | 83 | 99 | 851
-262 | 13 | 12 | 1 | 182 | 83 | 99 | 852
-262 | 13 | 12 | 1 | 182 | 83 | 99 | 853
-262 | 13 | 12 | 1 | 182 | 83 | 99 | 854
-262 | 13 | 12 | 1 | 182 | 83 | 99 | 855
-262 | 13 | 12 | 1 | 182 | 83 | 99 | 856
-262 | 13 | 12 | 1 | 182 | 83 | 99 | 857
-262 | 13 | 12 | 1 | 182 | 83 | 99 | 858
-262 | 13 | 12 | 1 | 182 | 83 | 99 | 859
-262 | 13 | 12 | 1 | 182 | 83 | 99 | 860
-262 | 13 | 12 | 1 | 182 | 83 | 99 | 861
-262 | 13 | 12 | 1 | 182 | 83 | 99 | 862
-262 | 13 | 12 | 1 | 182 | 83 | 99 | 863
-262 | 13 | 12 | 1 | 182 | 83 | 99 | 864
-262 | 13 | 12 | 1 | 182 | 83 | 99 | 865
-262 | 13 | 12 | 1 | 182 | 83 | 99 | 866
-262 | 13 | 12 | 1 | 182 | 83 | 99 | 867
-262 | 13 | 12 | 1 | 182 | 83 | 99 | 868
-262 | 13 | 12 | 1 | 182 | 83 | 99 | 869
-262 | 13 | 12 | 1 | 182 | 83 | 99 | 870
-262 | 13 | 12 | 1 | 182 | 83 | 99 | 871
-262 | 13 | 12 | 1 | 182 | 83 | 99 | 872
-262 | 13 | 12 | 1 | 182 | 83 | 99 | 873
-262 | 13 | 12 | 1 | 182 | 83 | 99 | 874
-262 | 13 | 12 | 1 | 182 | 83 | 99 | 875
-262 | 13 | 12 | 1 | 182 | 83 | 99 | 876
-262 | 13 | 12 | 1 | 182 | 83 | 99 | 877
-262 | 13 | 12 | 1 | 182 | 83 | 99 | 878
-262 | 13 | 12 | 1 | 182 | 83 | 99 | 879
-262 | 13 | 12 | 1 | 182 | 83 | 99 | 880
-262 | 13 | 12 | 1 | 182 | 83 | 99 | 881
-262 | 13 | 12 | 1 | 182 | 83 | 99 | 882
-262 | 13 | 12 | 1 | 182 | 83 | 99 | 883
-262 | 13 | 12 | 1 | 182 | 83 | 99 | 884
-262 | 13 | 12 | 1 | 182 | 83 | 99 | 885
-262 | 13 | 12 | 1 | 182 | 83 | 99 | 886
-271 | 13 | 12 | 1 | 182 | 86 | 96 | 887
-271 | 13 | 12 | 1 | 182 | 86 | 96 | 888
-271 | 13 | 12 | 1 | 182 | 86 | 96 | 889
-271 | 13 | 12 | 1 | 182 | 86 | 96 | 890
-271 | 13 | 12 | 1 | 182 | 86 | 96 | 891
-271 | 13 | 12 | 1 | 182 | 86 | 96 | 892
-271 | 13 | 12 | 1 | 182 | 86 | 96 | 893
-271 | 13 | 12 | 1 | 182 | 86 | 96 | 894
-271 | 13 | 12 | 1 | 182 | 86 | 96 | 895
-271 | 13 | 12 | 1 | 182 | 86 | 96 | 896
-271 | 13 | 12 | 1 | 182 | 86 | 96 | 897
-271 | 13 | 12 | 1 | 182 | 86 | 96 | 898
-271 | 13 | 12 | 1 | 182 | 86 | 96 | 899
-271 | 13 | 12 | 1 | 182 | 86 | 96 | 900
-271 | 13 | 12 | 1 | 182 | 86 | 96 | 901
-271 | 13 | 12 | 1 | 182 | 86 | 96 | 902
-271 | 13 | 12 | 1 | 182 | 86 | 96 | 903
-271 | 13 | 12 | 1 | 182 | 86 | 96 | 904
-271 | 13 | 12 | 1 | 182 | 86 | 96 | 905
-271 | 13 | 12 | 1 | 182 | 86 | 96 | 906
-271 | 13 | 12 | 1 | 182 | 86 | 96 | 907
-271 | 13 | 12 | 1 | 182 | 86 | 96 | 908
-271 | 13 | 12 | 1 | 182 | 86 | 96 | 909
-271 | 13 | 12 | 1 | 182 | 86 | 96 | 910
-271 | 13 | 12 | 1 | 182 | 86 | 96 | 911
-271 | 13 | 12 | 1 | 182 | 86 | 96 | 912
-271 | 13 | 12 | 1 | 182 | 86 | 96 | 913
-271 | 13 | 12 | 1 | 182 | 86 | 96 | 914
-271 | 13 | 12 | 1 | 182 | 86 | 96 | 915
-271 | 13 | 12 | 1 | 182 | 86 | 96 | 916
-271 | 13 | 12 | 1 | 182 | 86 | 96 | 917
-271 | 13 | 12 | 1 | 182 | 86 | 96 | 918
-271 | 13 | 12 | 1 | 182 | 86 | 96 | 919
-271 | 13 | 12 | 1 | 182 | 86 | 96 | 920
-271 | 13 | 12 | 1 | 182 | 86 | 96 | 921
-271 | 13 | 12 | 1 | 182 | 86 | 96 | 922
-271 | 13 | 12 | 1 | 182 | 86 | 96 | 923
-271 | 13 | 12 | 1 | 182 | 86 | 96 | 924
-271 | 13 | 12 | 1 | 182 | 86 | 96 | 925
-271 | 13 | 12 | 1 | 182 | 86 | 96 | 926
-271 | 13 | 12 | 1 | 182 | 86 | 96 | 927
-271 | 13 | 12 | 1 | 182 | 86 | 96 | 928
-271 | 13 | 12 | 1 | 182 | 86 | 96 | 929
-271 | 13 | 12 | 1 | 182 | 86 | 96 | 930
-271 | 13 | 12 | 1 | 182 | 86 | 96 | 931
-271 | 13 | 12 | 1 | 182 | 86 | 96 | 932
-271 | 13 | 12 | 1 | 182 | 86 | 96 | 933
-271 | 13 | 12 | 1 | 182 | 86 | 96 | 934
-271 | 13 | 12 | 1 | 182 | 86 | 96 | 935
-271 | 13 | 12 | 1 | 182 | 86 | 96 | 936
-271 | 13 | 12 | 1 | 182 | 86 | 96 | 937
-271 | 13 | 12 | 1 | 182 | 86 | 96 | 938
-271 | 13 | 12 | 1 | 182 | 86 | 96 | 939
-271 | 13 | 12 | 1 | 182 | 86 | 96 | 940
-271 | 13 | 12 | 1 | 182 | 86 | 96 | 941
-271 | 13 | 12 | 1 | 182 | 86 | 96 | 942
-271 | 13 | 12 | 1 | 182 | 86 | 96 | 943
-271 | 13 | 12 | 1 | 182 | 86 | 96 | 944
-271 | 13 | 12 | 1 | 182 | 86 | 96 | 945
-271 | 13 | 12 | 1 | 182 | 86 | 96 | 946
-271 | 13 | 12 | 1 | 182 | 86 | 96 | 947
-271 | 13 | 12 | 1 | 182 | 86 | 96 | 948
-271 | 13 | 12 | 1 | 182 | 86 | 96 | 949
-271 | 13 | 12 | 1 | 182 | 86 | 96 | 950
-271 | 13 | 12 | 1 | 182 | 86 | 96 | 951
-271 | 13 | 12 | 1 | 182 | 86 | 96 | 952
-274 | 13 | 12 | 1 | 182 | 87 | 95 | 953
-274 | 13 | 12 | 1 | 182 | 87 | 95 | 954
-274 | 13 | 12 | 1 | 182 | 87 | 95 | 955
-274 | 13 | 12 | 1 | 182 | 87 | 95 | 956
-274 | 13 | 12 | 1 | 182 | 87 | 95 | 957
-274 | 13 | 12 | 1 | 182 | 87 | 95 | 958
-280 | 13 | 12 | 1 | 182 | 89 | 93 | 959
-280 | 13 | 12 | 1 | 182 | 89 | 93 | 960
-280 | 13 | 12 | 1 | 182 | 89 | 93 | 961
-283 | 13 | 12 | 1 | 182 | 90 | 92 | 962
-283 | 13 | 12 | 1 | 182 | 90 | 92 | 963
-283 | 13 | 12 | 1 | 182 | 90 | 92 | 964
-283 | 13 | 12 | 1 | 182 | 90 | 92 | 965
-283 | 13 | 12 | 1 | 182 | 90 | 92 | 966
-283 | 13 | 12 | 1 | 182 | 90 | 92 | 967
-283 | 13 | 12 | 1 | 182 | 90 | 92 | 968
-283 | 13 | 12 | 1 | 182 | 90 | 92 | 969
-283 | 13 | 12 | 1 | 182 | 90 | 92 | 970
-283 | 13 | 12 | 1 | 182 | 90 | 92 | 971
-283 | 13 | 12 | 1 | 182 | 90 | 92 | 972
-283 | 13 | 12 | 1 | 182 | 90 | 92 | 973
-283 | 13 | 12 | 1 | 182 | 90 | 92 | 974
-283 | 13 | 12 | 1 | 182 | 90 | 92 | 975
-283 | 13 | 12 | 1 | 182 | 90 | 92 | 976
-283 | 13 | 12 | 1 | 182 | 90 | 92 | 977
-283 | 13 | 12 | 1 | 182 | 90 | 92 | 978
-283 | 13 | 12 | 1 | 182 | 90 | 92 | 979
-283 | 13 | 12 | 1 | 182 | 90 | 92 | 980
-283 | 13 | 12 | 1 | 182 | 90 | 92 | 981
-283 | 13 | 12 | 1 | 182 | 90 | 92 | 982
-283 | 13 | 12 | 1 | 182 | 90 | 92 | 983
-283 | 13 | 12 | 1 | 182 | 90 | 92 | 984
-283 | 13 | 12 | 1 | 182 | 90 | 92 | 985
-283 | 13 | 12 | 1 | 182 | 90 | 92 | 986
-283 | 13 | 12 | 1 | 182 | 90 | 92 | 987
-283 | 13 | 12 | 1 | 182 | 90 | 92 | 988
-283 | 13 | 12 | 1 | 182 | 90 | 92 | 989
-283 | 13 | 12 | 1 | 182 | 90 | 92 | 990
-283 | 13 | 12 | 1 | 182 | 90 | 92 | 991
-283 | 13 | 12 | 1 | 182 | 90 | 92 | 992
-283 | 13 | 12 | 1 | 182 | 90 | 92 | 993
-283 | 13 | 12 | 1 | 182 | 90 | 92 | 994
-283 | 13 | 12 | 1 | 182 | 90 | 92 | 995
-283 | 13 | 12 | 1 | 182 | 90 | 92 | 996
-283 | 13 | 12 | 1 | 182 | 90 | 92 | 997
-283 | 13 | 12 | 1 | 182 | 90 | 92 | 998
-283 | 13 | 12 | 1 | 182 | 90 | 92 | 999
-283 | 13 | 12 | 1 | 182 | 90 | 92 | 1000
