% # columns="iteration, evaluation, sigma, void, void,  stds==sigma*sigma_vec.scaling*sqrt(diag(C))", seed=832244, Sat Feb 24 11:10:46 2024, <python>{}</python>
1 10 0.008958456485213914 0 0 0.008871477402151261 0.008817958941626737 0.008659645674757811 0.00894894846205641 0.008656669084848785 0.009074452562233938 0.008984113756125274 0.008723668888935322 0.008858165484786169 0.008949367514645047
3 30 0.009005574335323153 0 0 0.009089672664378838 0.008831507002198095 0.00905808743567034 0.008826081164060352 0.009479966567696596 0.00899825134859956 0.008718320902230835 0.007827178205377964 0.009194793050672813 0.009003779132845778
2 20 0.008911261810039263 0 0 0.008659868082904672 0.008707792322659221 0.009012524377469293 0.008833531526582932 0.008572266845546222 0.009029483081554915 0.00892933833615393 0.00830548342128959 0.00899385994696285 0.008901132624133758
4 40 0.008431332885966376 0 0 0.00838599841096072 0.008232034408214607 0.008480935838198336 0.008303731153774216 0.008850653662194898 0.00828887996221185 0.007996203199513722 0.00705113655251653 0.008697731386459682 0.008387787638117006
5 50 0.008439409702007485 0 0 0.008769007571437242 0.007924743065781092 0.008547873696268337 0.008606135074400488 0.008930698862949903 0.00847360043227367 0.00802958758918855 0.006764757992571045 0.008696555358810865 0.008323486202745261
3 30 0.008195079044324736 0 0 0.007902288838984308 0.008141999708691044 0.008206307793080694 0.008045557943308886 0.007849678496442443 0.008159901762778568 0.008087735158278205 0.0073964979529843045 0.008370122083817516 0.008139988744578724
6 60 0.008605992378458818 0 0 0.008814927771598194 0.008130039673198954 0.008722733648818823 0.009051862655185747 0.009184365631257041 0.008776848627779053 0.00816208785913229 0.006704608266171154 0.008738694268055737 0.00845070995611133
7 70 0.008320989700325783 0 0 0.008657258567858116 0.007907756867658107 0.008513230671881793 0.008781910195507623 0.008879585471971931 0.008812611334197243 0.007785001154475646 0.005967756236023316 0.008536622064852352 0.008066905614730599
4 40 0.0074539441989312895 0 0 0.00721775989345283 0.007247534462876598 0.0074821663156121 0.007294193414017586 0.007292100140359245 0.007398521739072123 0.0073693366206278674 0.006476234952735685 0.007598433797069291 0.0071355420095990255
8 80 0.008342961199107768 0 0 0.008355615291321485 0.007918421620420413 0.008597446782786861 0.008678389150921164 0.008883901604547302 0.008984480656322595 0.00833345583399488 0.00562349719682343 0.008499032036840543 0.008036564301568688
9 90 0.008857403193215136 0 0 0.00875693867330894 0.008373282875108625 0.009066828182882245 0.009141813708745205 0.009550998596930585 0.009252716781608328 0.009384786587701234 0.005864989651028967 0.009165891320695287 0.00834586273971792
5 50 0.007122030577061334 0 0 0.006998054275016899 0.00704863498676163 0.007241502150091535 0.0067664062711192095 0.006785009127714493 0.007033866050518597 0.006985008366332833 0.006114638031099421 0.007313706082592318 0.0069666286865451114
10 100 0.008588789206466965 0 0 0.00852711522964831 0.00806557084779388 0.009006825582168788 0.008724543192198399 0.009148911066265778 0.008992428545754098 0.00901594415790903 0.0056000980478775175 0.008878666837792834 0.007962374843095855
11 110 0.008908474583263954 0 0 0.008656268871356313 0.00843809217400208 0.009518574012624475 0.009346990157099834 0.009725094392275615 0.009175788467976276 0.009346054597743876 0.005592083766361083 0.009227515843378838 0.00834512247698987
6 60 0.006495254270289915 0 0 0.006288175779687057 0.0064884654057289996 0.00647307699552622 0.006063962567855612 0.006128715596463253 0.006353346255027283 0.006501143731270108 0.0055577564138373945 0.006661921174972753 0.0063162395774244125
12 120 0.009059991245565146 0 0 0.008618386414796538 0.008646252014822836 0.01007676084582109 0.009350324485654987 0.009828748699495004 0.009133961325594447 0.009466609755243773 0.005454617142414271 0.009360876454674762 0.008541317633251826
13 130 0.009025501042464409 0 0 0.00850387637331174 0.008431642450697857 0.010333529041037971 0.009177653265527188 0.009797687406181324 0.009123793345395214 0.009350868999545677 0.005130261802939155 0.009364871054681307 0.008426834420328117
7 70 0.006178511221411365 0 0 0.0059213968929863955 0.006214093585873709 0.0061478407562753825 0.005768490333559724 0.005747716219068772 0.006025670876498532 0.006226564619188646 0.005089372262401304 0.006430843925920438 0.005941723681222288
14 140 0.00882826224215555 0 0 0.008323526203736668 0.008284504366379859 0.01019425190680329 0.00886039074800772 0.009399268721150753 0.00905208348549538 0.009185110572623003 0.0047934254097406264 0.009025005922170818 0.008164094215067558
15 150 0.009132893695892168 0 0 0.008540603218236718 0.008784675335819721 0.01086040038832419 0.009210784645984613 0.009931270258506668 0.009652703022131379 0.00936208471109965 0.004648986423245352 0.009333957874905475 0.008253407643157417
8 80 0.00600107783364506 0 0 0.005806434303900739 0.005905163918563658 0.005725354243086656 0.005581846545962527 0.005490775311091725 0.005824892297063852 0.006002878932574735 0.00492491490567327 0.006400517363381599 0.005763141541837684
16 160 0.008868978865713379 0 0 0.008208666764793262 0.008443107534881908 0.011027506729567557 0.008972642124405048 0.009886126131898106 0.009358510106438329 0.0088431488974362 0.004384430935240785 0.008945662844109295 0.007925232349362685
17 170 0.008472102494069905 0 0 0.007878335756228505 0.008064038074263554 0.010446447323333021 0.008585410579166241 0.009378371988454568 0.009118914266555493 0.00844666651817298 0.004051579784605369 0.008457096467432233 0.007550624719485734
9 90 0.006014852885328776 0 0 0.006009611837965494 0.0059266350297543235 0.005697318640514128 0.005734692969751432 0.005565858573259946 0.00574307184677811 0.0058053016989272725 0.004891189606518523 0.0064562574536668835 0.005865663380373929
18 180 0.00796761286893731 0 0 0.007628182946977968 0.007636946886544285 0.009629005675480314 0.008125759249081758 0.008860042500060145 0.008531360820793903 0.007932644532369526 0.003665724442941777 0.0082543424138532 0.006853438094109125
19 190 0.007296385428321478 0 0 0.006676755668140602 0.006956864018674157 0.008765304764184308 0.007402241908819697 0.008163583575957081 0.00778628164192887 0.007239802593465652 0.003244724490672566 0.007642865784902432 0.00624715667719522
10 100 0.005904858978429737 0 0 0.005803870538236093 0.0057833392025057285 0.00551113784997988 0.005630962155997389 0.005474978192749649 0.005496504516091419 0.005660637529258832 0.004653080370484906 0.00652311338078449 0.0057080092518300325
20 200 0.00686336987865738 0 0 0.006328710597338537 0.006599198958363703 0.008242418102328085 0.006824811272261678 0.007635479385562297 0.007210890057883921 0.006810658602874957 0.0029704874486137707 0.007031133728253318 0.005876433986422922
11 110 0.005842916732569888 0 0 0.005695236964221804 0.005592778145055676 0.005387985631421213 0.005554217064645101 0.005361219353867069 0.005558505496723034 0.005557836743871464 0.004483559866387075 0.006430852621418744 0.00578779019425677
21 210 0.006026269255539316 0 0 0.005563908136999735 0.00578159995175274 0.007363388570139121 0.005897082414853727 0.006667789705523296 0.006318128006863746 0.005797025804331796 0.0025055529290150375 0.00603385801542669 0.00501436794245745
22 220 0.00534362034216347 0 0 0.00490849720030532 0.0050514627327415285 0.0064782710983791476 0.00516206524284405 0.005796759992314764 0.005442496892531797 0.005123060389777574 0.002121123529158131 0.005356469645928462 0.004435594211940036
12 120 0.0055195680495043736 0 0 0.005299629970137711 0.005197498791211977 0.0050575200033964145 0.0052796736997037285 0.005079974175395577 0.00526034469233162 0.005008231097412715 0.004214043135868115 0.00607498074028113 0.005481430993497484
23 230 0.004908901129901365 0 0 0.004482138835499794 0.004595447655513144 0.005958417823210952 0.004716987860319594 0.005288142799289459 0.004957747145505578 0.004776304221578576 0.001901537339174891 0.0048934728850257075 0.0040159460656321025
24 240 0.005016202521613861 0 0 0.004580477114213915 0.004738679775849566 0.006092722787765942 0.004904597426703273 0.005395196353403889 0.00505003517373186 0.004855517811730925 0.0018831961947537847 0.004955974054972174 0.004142466424348845
13 130 0.0055314592133724975 0 0 0.005321030118476865 0.005332290866526847 0.005071644523525042 0.005310992877688537 0.0050749437858494464 0.005181672722304465 0.0050507823037759855 0.004047929099131091 0.00624817990374729 0.0054965151236489726
25 250 0.0053141685740872744 0 0 0.004793892793348239 0.004908568039028681 0.0063909917566072755 0.005753739469705029 0.005694373076456393 0.0052166193965553845 0.0050168895046536965 0.001905005642845766 0.005254326534141874 0.0043698400663234145
26 260 0.005394862811725247 0 0 0.004742637961302093 0.004938364567816532 0.006332693955801107 0.006076975717991944 0.0056774523834185915 0.005237461269115128 0.005075847262129609 0.0019091625795195034 0.005401851950864702 0.004602927981072265
14 140 0.005951817851201394 0 0 0.005767474001771303 0.005708152716477432 0.005356146385025045 0.005568918786388501 0.005401619832002205 0.005672304048300316 0.005795056631732709 0.00432823009565968 0.006791604672745708 0.006285653241725536
27 270 0.005249268267268263 0 0 0.004649214732940956 0.004719845199313774 0.0062043617475748495 0.005973045495699149 0.005521687794358726 0.005113728450327013 0.0050381426038316815 0.0018369487916871628 0.005191746039832707 0.004472206075222401
28 280 0.004890456983576636 0 0 0.004306787617297598 0.004550439336901985 0.005739821457379 0.00560558719451601 0.004905378317765933 0.004698981231445777 0.004654629189724737 0.0016933308396539582 0.004823618643296945 0.0041692231884950595
15 150 0.005998728888135167 0 0 0.006074041474662154 0.005840986456454401 0.00530380016494038 0.005524292813872107 0.005416701689679461 0.005718734933435437 0.005628145848927814 0.004255026955416937 0.006849515995451769 0.006375397375190542
29 290 0.004345096221852753 0 0 0.0037490121014261747 0.0040445197348580675 0.005105648516851783 0.005059077351536055 0.004343062305167891 0.004174266578509493 0.0041456159565475175 0.0014216051003226725 0.004127472960188011 0.003723732036749735
30 300 0.004259602298955122 0 0 0.0035970933683897926 0.004092966644518629 0.0050958127452263155 0.005156054267909173 0.004263993413089008 0.004218067830179614 0.00396571952650807 0.0013544817342183424 0.003966439560779156 0.003577515643605271
16 160 0.006188756296516012 0 0 0.006264921392386639 0.00601708628622774 0.0054558052551409416 0.005747190937170088 0.005412327606341587 0.0058664335353476715 0.005880079224463585 0.004320534490929678 0.0070264263677006925 0.006710547665736249
31 310 0.004675714755307272 0 0 0.00403802633252855 0.004582358649672643 0.005782874895377558 0.005893439347861102 0.0048200811190173155 0.004512579420690731 0.004284358424953491 0.0014756388619207414 0.004362792374155926 0.003972221511736877
32 320 0.004818291930616253 0 0 0.004143698015308817 0.004782586856531961 0.006210651292643268 0.006155679458498076 0.005035862247313179 0.004530916638243245 0.004335795345534806 0.0014814584828156804 0.004420005493455234 0.004144626265631131
17 170 0.006338537152647761 0 0 0.006359154460934549 0.006164677898090665 0.0056185545624499135 0.0058772335393986515 0.005553248262208038 0.00603837504600082 0.00598993835434541 0.004299507040431993 0.007273244054377497 0.006767113274551368
33 330 0.004979038804328124 0 0 0.004261271145612382 0.0049864961805938905 0.006513523707269359 0.0065169710438148535 0.005442398845670226 0.0047616031126738075 0.0044412373601015204 0.0015229620271450352 0.0045634073137786075 0.004145408157133777
34 340 0.0051017052563637885 0 0 0.00418001887958224 0.005125722297491451 0.006807127538189035 0.006833078066578898 0.005706121509825131 0.004916821305511907 0.0047030925872516135 0.0015254332337805876 0.004615135636746467 0.004265827877340921
18 180 0.006122519381747531 0 0 0.006071184172326792 0.00593651780098064 0.00547263568443979 0.005820721284126035 0.005379715887088957 0.005866240084208084 0.005841787907063065 0.003956005987345078 0.006982353101613006 0.006559033217768736
35 350 0.004883954342299664 0 0 0.004022366427426465 0.004869771577573712 0.006698124759005346 0.006622328707579213 0.005455824623378085 0.004685988586192273 0.0044234225498222075 0.001437316518154085 0.0043928131385118285 0.003968671246663116
36 360 0.004942383398692963 0 0 0.004082043922900803 0.004831576895639853 0.006822045328244772 0.006742237263286349 0.005524402687343414 0.004691964267000493 0.004481703623228662 0.0014062794472652963 0.004475027390920953 0.004169988151897313
19 190 0.005605681289878286 0 0 0.005566962475225075 0.005409272962094392 0.005013176182250057 0.005220907411086307 0.004850141104275802 0.005423672981438752 0.005012889281595287 0.0035200729334238473 0.0064232001608286945 0.006151399562646761
37 370 0.004960234252644031 0 0 0.004095754976510656 0.004736372474606849 0.006882932231303926 0.006761444953501657 0.005527996175770449 0.004734517933976012 0.004483276867579548 0.0013668023809556289 0.004624139953634611 0.004174944853515699
38 380 0.0053289287588553 0 0 0.004502142734388299 0.005270080738043369 0.007364876888571762 0.0071826293278862766 0.006033633061827079 0.005287190776927581 0.004808202565643471 0.0013924238922527674 0.005295570824544219 0.0044973081770577576
20 200 0.0054753230452768255 0 0 0.005448223425812686 0.005340618843508016 0.004907510864807005 0.0050720474552011 0.0049257062341436526 0.005288855765733319 0.004893131563841701 0.0032218155631082933 0.006112674357723155 0.006020703644942644
39 390 0.005397587661909998 0 0 0.004480105044344141 0.0053730643431808 0.007358129958042442 0.007162624801541445 0.006082879611497409 0.005564068754340909 0.004786314201491598 0.0013564334803911158 0.005507087804914078 0.004546456467719993
40 400 0.004946803136509268 0 0 0.004054939909874234 0.004889646027815692 0.006716410149297028 0.0065447833089006145 0.005577172043356927 0.00495737544176029 0.004425815722269476 0.001203548452724786 0.00505097656772763 0.004128804643965612
21 210 0.005275858031009105 0 0 0.005262901768524912 0.004996211589638838 0.00466193049951822 0.004927594156499245 0.004743174255683043 0.005218935313842233 0.004727385592512651 0.003025311847511073 0.0059088656739640175 0.005815314260984631
41 410 0.004613283883270936 0 0 0.003667729752168895 0.004554088350869741 0.006223752079821061 0.00602955825939163 0.005212726972470814 0.004532475257063048 0.004076205642701813 0.0011074824959792008 0.004634013814739027 0.003884776776498007
42 420 0.004334259142112213 0 0 0.0034374926097794343 0.004270838895350919 0.005754960208324906 0.005683502081191221 0.004760582737000646 0.004252915004411931 0.0038049424962799472 0.0010067113044179958 0.004348213721381529 0.0036477813045522746
22 220 0.005555383059359327 0 0 0.005673374841579567 0.005182499556915532 0.004914864738016436 0.005409664358881028 0.004971709000270428 0.0054716385866334285 0.004860241489153589 0.00309416836346774 0.0062894427834510975 0.006125502382898732
43 430 0.003910122904854504 0 0 0.003100992538634068 0.0037910836186168264 0.0052635135462871865 0.005066342888049718 0.004360807792890551 0.0038597659108497388 0.0033755650899984393 0.0008800546847894971 0.0038929129808815623 0.003296300045990232
44 440 0.0035015632218295093 0 0 0.002775672191805027 0.0033495324535079522 0.00473461510014358 0.004429583041798929 0.003973012829201999 0.003445294843447819 0.0030032623543173233 0.0007857999354561997 0.0034555602428549734 0.0029507664311698963
23 230 0.006305262827136107 0 0 0.0066197836845613665 0.005951987633557045 0.005777089794253479 0.006380589180858479 0.0056518171176454975 0.006138815651032417 0.005752406419041428 0.0033601536563027602 0.0075097020760655315 0.007082672078524713
45 450 0.0032049993977314546 0 0 0.0025470422944138546 0.003042730649690451 0.004322510846077996 0.004065193529192296 0.003651699654061275 0.0031605165543833603 0.0026555175558820275 0.0007028193724511557 0.003156567079371125 0.0027463349129308798
46 460 0.0030499909441362824 0 0 0.0024257050350733576 0.002772880990242801 0.004098773817577602 0.0038943815510700188 0.0034903430570062217 0.003114943150438583 0.0024422080713932246 0.0006452556946431035 0.0029905975069203583 0.002635932609626055
24 240 0.007091490173560288 0 0 0.007800499549346332 0.006511661773030926 0.006499821027861217 0.0074666232493989055 0.006363057980047661 0.0072693180410509295 0.006430300895477219 0.0035800199537363467 0.008476451744237591 0.007937360124208643
47 470 0.0029432712719839596 0 0 0.0023094908486377286 0.0026498501923570444 0.0039554131100428625 0.003820736977854814 0.003401103978445442 0.003001363428838346 0.0023456809059059333 0.0006116100219877584 0.0029286887275110766 0.002521652759719319
25 250 0.007160915542429799 0 0 0.007968557820547164 0.006657284175903193 0.006403213049305149 0.007647385477981087 0.00625735672398251 0.007422170333302657 0.006380751202889068 0.003509146554369581 0.008501103753225438 0.007871429839700466
48 480 0.0027093137014175105 0 0 0.0021421454789418994 0.002451469227591502 0.0036229837999454152 0.003524270475367844 0.0031338929841083405 0.0027593578449505653 0.002129335544592111 0.0005525104297785392 0.0026475874691910943 0.002299241337314479
49 490 0.002501805524879194 0 0 0.001950908246913893 0.002218010941221947 0.0033017185944420207 0.003218993890368188 0.0028952904754958224 0.0025883003521944828 0.0019325979102402194 0.0005023705845874674 0.0024262374364075593 0.002082619556684909
26 260 0.0072552712388254306 0 0 0.007930102696686208 0.006774525821209194 0.006486581599655985 0.007769787128414598 0.006288409555127612 0.007773562603889653 0.0066558001398174275 0.003328066141102062 0.008654216581236315 0.00805573396547604
50 500 0.0024751138847422904 0 0 0.0019133031748660297 0.0021845516010546157 0.0032128897253510236 0.0032122783267699417 0.002845396992450533 0.0025034987284985274 0.001935898891953516 0.0004941427874824841 0.002511911607727082 0.00211307668850646
51 510 0.0023329531932143885 0 0 0.0017542714520404 0.0020429139478349402 0.003037034803633496 0.0030673272577551756 0.0026834250462078684 0.002384487356117009 0.0018251247791843102 0.00046006172555335074 0.0023956387308661656 0.0019470950599779807
27 270 0.0074101361191859895 0 0 0.00801276535459616 0.006986552281618658 0.006435450278178391 0.00776597550286478 0.006476962440663259 0.00809483646849956 0.006845383560151922 0.0032509625215299664 0.0087982941489123 0.0081427532650312
52 520 0.0023664731149184207 0 0 0.0017341340495031332 0.0020806465430438454 0.0031149476073863798 0.0030789174758349136 0.0027666796406496086 0.002406828438846614 0.0018303502642223787 0.00045234198471327244 0.002474600421183048 0.0019485111041726874
53 530 0.0027081486025396207 0 0 0.0019432300007469238 0.0026132187239271713 0.0035632951847164103 0.0035627488025217024 0.003190567791500012 0.0027411298027411376 0.0021072498453371183 0.0005210946920184354 0.00272701388355613 0.0023076599263601267
28 280 0.0072436670193610705 0 0 0.007806998711480027 0.006866720622617448 0.0061974484398598425 0.007575442468216912 0.0065748258612326515 0.00812605689449742 0.006764856908953795 0.002999140289836221 0.008495527326824376 0.007819699956948648
54 540 0.002892012942375821 0 0 0.0020890471377344668 0.0029238057092607268 0.00386455947416477 0.003848304510108761 0.0035243597830928023 0.003078221867874469 0.002262241643765324 0.0005353893998553832 0.0029729261704650022 0.002464073945280132
55 550 0.002869787178169311 0 0 0.0020484342018364512 0.0029144587141070343 0.003943344223108981 0.0038101388886658573 0.0035770811334582347 0.003016371817426791 0.002230304561455143 0.0005254535630931338 0.0029337930300831045 0.002465783687271695
29 290 0.007348779095526845 0 0 0.0077238540291364975 0.006902567435685475 0.006374797433302262 0.00771605047897428 0.0066817236749600484 0.008340366534072004 0.007009170978433276 0.0029539135643064512 0.008530212054739384 0.007879516109712572
56 560 0.0029663307358135074 0 0 0.002139846872425691 0.003037799942681779 0.004071504791553599 0.0038661381291871123 0.0037229804943855953 0.0032067275012602338 0.00230109016275265 0.0005116804353044535 0.003127917326200104 0.002562231176655023
57 570 0.0027328031762526043 0 0 0.0019809275627369334 0.0028185541525155193 0.0038235891103627242 0.0035517325544468913 0.003525968430417516 0.003020382319253794 0.002087750554031275 0.0004406798360343975 0.0029326510506263387 0.002405707272526536
30 300 0.00799558264180131 0 0 0.008539536915995318 0.007541395228903314 0.007172864220526997 0.00841179837952469 0.007300016832752062 0.00900488087717104 0.00782747057024943 0.0031476335665096876 0.009411163466240212 0.008316491363549047
58 580 0.0026114273594923746 0 0 0.0018690586713889703 0.0026669810782593995 0.0035696151469276423 0.0033740245892289523 0.0033198311827414718 0.002936638348660681 0.0019938053131283457 0.00042432219069850016 0.0027893748366006115 0.00228414962269571
59 590 0.0024048157104329363 0 0 0.0017060781129771597 0.002408461793577541 0.00325571466484742 0.0030624836348262345 0.0030041067115319873 0.0027130780601539043 0.0018539974317551174 0.00038074328869491743 0.00250785672341019 0.0020869429382505402
31 310 0.007832528120991191 0 0 0.008463169603988966 0.0074062982176032 0.006948575217552278 0.008142857511461408 0.006973122680842963 0.008913075391250247 0.007694020017386284 0.0029557989940821095 0.009263702426889875 0.008138987747227842
60 600 0.0021700639316976026 0 0 0.0015438497780810127 0.0021940642862440466 0.002905798470585986 0.002667834822299894 0.0026739011430649824 0.0024035938633167426 0.0016191817487017214 0.00034280907306490874 0.0022240072005854815 0.0018667720987321982
61 610 0.002009161172584876 0 0 0.0014290818389260272 0.0019955359355752914 0.0026719812622557964 0.0024407997633899966 0.0024617202619226924 0.002171028954871051 0.001483805884706141 0.00031631432572243106 0.0020874731186716275 0.001710290439293918
32 320 0.007659663876314875 0 0 0.00827767772932627 0.00712491252480513 0.006799263305117432 0.007982507081581455 0.0067737821399532555 0.008431181372760695 0.0073029353418115955 0.002803015471826234 0.009266245573210352 0.007948725490969404
62 620 0.002013878098393861 0 0 0.0014239615428839635 0.0019414409644103081 0.002653507593730828 0.002439029677647145 0.0024632237797185927 0.0022175670966624286 0.0014979636137693662 0.0003057994235670286 0.0019937499894151587 0.0017266964306633542
63 630 0.002247699307045174 0 0 0.0015671915802912082 0.0021677811596955195 0.00299906754589823 0.002696094292488952 0.0027223186387097943 0.0025048081419874716 0.0016677309627977127 0.00033680702396115094 0.0022345260867470485 0.002000944811593123
33 330 0.0073323036678918565 0 0 0.007932439250520663 0.00667922935976831 0.0066030301373948925 0.007595788322288934 0.006293112410240231 0.007986462099234952 0.00704631205042873 0.0026242704297759606 0.00889402641029168 0.007716898004664117
64 640 0.002368920257469047 0 0 0.0016476951893867814 0.0022935715594668495 0.0032932069004164757 0.0028547307284001373 0.0029479573154890834 0.0026233443654185133 0.0017224298150486806 0.00034884215165459863 0.002305053491608937 0.0020835725728957383
65 650 0.0026803042426581233 0 0 0.001795640834914456 0.0026188891405313068 0.004032621803123446 0.003188353434939243 0.0032860974944487024 0.0029090387493965705 0.0019629865039303635 0.0003927880416053229 0.002740459413120535 0.002363326047163092
34 340 0.0077438400016314555 0 0 0.008358218247621799 0.007434169259781318 0.00700327410372238 0.008237351235475159 0.006607959833715696 0.008440250559875552 0.007671314099944636 0.00265197611751346 0.009478436281380252 0.008289721499750314
66 660 0.003116707432784243 0 0 0.002204783789554739 0.0030104047318768156 0.00477667477633253 0.0037095417757982392 0.0037382108370357095 0.0034015171873242587 0.00231028601571552 0.0004558691916365005 0.003271002183049524 0.0027706918360423834
35 350 0.00809225106013897 0 0 0.00882719669899401 0.007995551840557577 0.007455010690708842 0.008719633097485949 0.006872728075481471 0.008788267390744398 0.007986697432900442 0.002699324491929999 0.00960663078574002 0.008890562268202715
67 670 0.003171737810999893 0 0 0.0021755837113592766 0.0030850056462689134 0.004867894734941995 0.0037683057399681094 0.003878381712693038 0.003378693340072059 0.002367990856106869 0.0004578247632270351 0.0032341468052666748 0.0027981647022255157
68 680 0.0031005249015656493 0 0 0.0021024133753039568 0.002947087471477284 0.004664409630184705 0.003714869251192346 0.003841067103035609 0.003392471156527619 0.0023055557735497585 0.0004393848840572398 0.003314743662721161 0.002812694814573756
36 360 0.008260935284248747 0 0 0.008793867655488105 0.008301717243213791 0.00770499490853279 0.009112283750174864 0.00697838129756091 0.008817931857866182 0.008288557196946074 0.0027043739646496474 0.009748079188747205 0.009276350744582532
69 690 0.0032073237335712834 0 0 0.0021841160516463585 0.0029494093496673264 0.004787821178437708 0.003890222701671489 0.004001423052114595 0.003594511408832227 0.002284848720131192 0.00044990084408885387 0.003444311903942028 0.002978195271043674
70 700 0.0031581187423817417 0 0 0.0021356196536216287 0.0029791225831811985 0.004541465621498881 0.0037636507902540656 0.003792404101980893 0.0035059226124542204 0.0022495518717558717 0.00044153747196562954 0.0033900569428660025 0.0029349845510183163
37 370 0.0073050206046893235 0 0 0.007855373392704944 0.0074026448831196094 0.006963794921835497 0.007659330734849619 0.006251368524929804 0.007802403470016244 0.007298541608622056 0.002308406935357296 0.008578281555096188 0.008310513891668482
71 710 0.003106224190794826 0 0 0.0020747544158906204 0.002967897081444873 0.004472716309468838 0.003723037478286187 0.0037075670864185452 0.003487871283609263 0.0022618134215843665 0.0004053297112987627 0.003290106534409339 0.002835109129175702
72 720 0.00275921281965566 0 0 0.0018166413061013755 0.002633511392601006 0.003926980182768407 0.003253460747831116 0.003302147512963709 0.0031117415583900277 0.0020145898346421217 0.0003428681776538595 0.002953405312992451 0.002532279402442621
38 380 0.007197374402509011 0 0 0.007732096463756082 0.0072198887741286655 0.006806786232853456 0.007738825453548694 0.006039882815143303 0.007620154661088451 0.0070804766388933744 0.0022440429170604436 0.008427153407312862 0.008095983104687616
73 730 0.002634532774867556 0 0 0.0017209937767691643 0.0025061134823734046 0.003791783315597398 0.003162823494685437 0.003192201078628044 0.0028888749691606047 0.0019738371356580516 0.00031280388093235463 0.0027818633895312487 0.0024951199905378332
74 740 0.002453999343528016 0 0 0.0016101587918412688 0.0022943481116488623 0.0035026410922955518 0.0029102618550955546 0.0028488954923039543 0.0026646901819426905 0.0019174553294069821 0.00029192388436733954 0.002581779639180366 0.0022285572488744414
39 390 0.006746319199879805 0 0 0.007050633383989104 0.0067139182886361976 0.006343143617683162 0.007287051329577431 0.005641226078387825 0.0070856137171345715 0.006654545827127303 0.001968791520172998 0.007774721568108769 0.007556528739535403
75 750 0.00231302976565898 0 0 0.001517834911624143 0.0022284190740103397 0.00328007608938211 0.002787812776880708 0.0026513697349787187 0.0025025846419379967 0.0018012143612668122 0.0002638629660569668 0.0024315786415070252 0.002112008877815248
76 760 0.002125571372277235 0 0 0.0013575599932647122 0.002055737304837265 0.0030347053053592396 0.0025452302622157824 0.002401132472319992 0.0022944274815749725 0.0016458265172214345 0.00024225197588340186 0.002243832937349781 0.0019531602371142976
40 400 0.006613715711639208 0 0 0.006886444985718101 0.00653012951814769 0.006430450394700349 0.006930839590869209 0.005550594760333654 0.006959709557865818 0.00652807134129533 0.0018513287754737715 0.007796552919948882 0.007302551421664304
77 770 0.00197329700879961 0 0 0.00123033687538766 0.0019088789737593556 0.002833331718883342 0.0023775732246373933 0.00223567274834874 0.0021518081634149346 0.001475112660112528 0.00022355754198690895 0.0020697606064204073 0.0017951292688520091
78 780 0.0018109146919224248 0 0 0.0011056026986834542 0.0017415385296095686 0.002625846012528563 0.002175398143093744 0.0020503368645123045 0.001988996190068679 0.0013554680182739426 0.00019821367656077264 0.0018939098559153866 0.0016687587228907403
41 410 0.006691665352525414 0 0 0.0070206691874235595 0.006717822464967116 0.006586556388120917 0.00685962541957793 0.005746566648668913 0.0072551827435722365 0.00675941679860511 0.0018363931522836971 0.007870053375367739 0.007044269930255027
79 790 0.0016220615235875598 0 0 0.0009861587619193566 0.0015815057702871452 0.0022752600481540566 0.001923339735569928 0.0018212930464617102 0.0017824762623320017 0.001201443182784122 0.00017648850745349343 0.001699974510937291 0.0015086533245554134
80 800 0.0014788690577890728 0 0 0.0009091589205563022 0.001426116957951876 0.0020378901156281803 0.0017113929519767665 0.0016206080558888517 0.0016449536240575502 0.0010860691673452044 0.0001568214813132843 0.0015592656903371776 0.001351808425118066
42 420 0.006323263036642102 0 0 0.006828509837476082 0.0063178558718041695 0.006191992843930898 0.006445988802769953 0.00529379183413052 0.006731733925272041 0.0063486869231351864 0.0017178380013451427 0.007382644816047093 0.006633641056641504
81 810 0.0013424460203626488 0 0 0.0008114577929277866 0.0013019646680397067 0.001818785841841656 0.0015176218990876247 0.001450378618756619 0.0014736411892857658 0.0009984942785590289 0.00013925961899409202 0.0013986667978145271 0.0012004395218282473
82 820 0.0013711118222662574 0 0 0.0008542836675143819 0.0013599793988973363 0.001835318258455827 0.0015411336351004372 0.001496023606623413 0.0015179855084795548 0.001023469297924979 0.0001400403561439317 0.001417612587903936 0.0012204817269770214
43 430 0.006202029436174958 0 0 0.006525458145155388 0.006156214121148455 0.006103700196683166 0.006281083261739152 0.005312489902747723 0.006517819118759971 0.006362807080467227 0.001631621665125576 0.007238279179201385 0.006532178686285348
83 830 0.0013501519425486693 0 0 0.0008411443649720023 0.0013671592239018007 0.0017617682752721216 0.0015331403931820983 0.001476870298786398 0.0014698913957542038 0.0009695266289601978 0.0001357922964907238 0.0014372490483274892 0.0012056405710320927
44 440 0.006732705902336402 0 0 0.007055606928784912 0.006566912231829296 0.0070484084516401705 0.006833227519238349 0.005835602154743302 0.0069382451843600194 0.007491183218578761 0.0017032679985856212 0.007995527177912262 0.007055639429510797
84 840 0.0013943939578596304 0 0 0.0008617206671763048 0.0013894796663257746 0.0018237996976103448 0.0015769137332176416 0.0015567859962171372 0.0015945145485796422 0.0009999803121217088 0.00013905370035286792 0.0015859851964811337 0.001214059890447205
85 850 0.0013599601537105808 0 0 0.0008247389364100558 0.0013569987386297896 0.0017576675747978186 0.0014992869511672219 0.0014904967912653109 0.00154341212609388 0.00097979053380669 0.00013529128104216234 0.0015513896707511693 0.0011758756480214811
45 450 0.0071884700796190915 0 0 0.007303430197743422 0.00702204603465513 0.007652977555598811 0.007628361940397709 0.0062376988339885725 0.00717520982377587 0.008113061254899826 0.0017524334798103074 0.008609082825325534 0.007820377570881764
86 860 0.001391738008694514 0 0 0.0008416090487878938 0.0013830243948751261 0.0018150416060092258 0.0015597224109962287 0.0015158417655680959 0.0015588190790760091 0.001004204816794603 0.00014136549958202097 0.0015905807338979614 0.001203596209358959
87 870 0.0014338830588893764 0 0 0.0008615357559651832 0.00144485817815406 0.001875360168891009 0.0015910663362999785 0.0015248122629894102 0.0015971680585488322 0.0010508495965418528 0.00014588038208784203 0.001628021776107787 0.0012618473015913881
46 460 0.007664726043410428 0 0 0.007848265477583122 0.007492637003070758 0.008198587665323888 0.008160838552842943 0.0068221004393503905 0.007516814389816827 0.008469095364236474 0.0018047247934808266 0.009190617066161061 0.0084678942323061
88 880 0.001340515668266601 0 0 0.000796906873096844 0.0013471258799644737 0.0016931423590322418 0.0015069374901437445 0.0014307770315483178 0.001432446827427697 0.0009799885322103617 0.0001362685842459564 0.0014960996457090744 0.00119960427080989
89 890 0.0012852500612483436 0 0 0.0007639573166465436 0.001254166252841994 0.0015650327447751643 0.0014752795823616302 0.0013428072174017256 0.001388288739292651 0.0009701560241980296 0.00013026268037671292 0.0014152813154097485 0.0011272118375310258
47 470 0.007922728081969019 0 0 0.008131698676564821 0.0077892327356505475 0.00878333574541255 0.00838479229613368 0.006999944453427387 0.007380620373450287 0.008808829157059418 0.0018142025231272733 0.00956630090898687 0.008781468066041834
90 900 0.0012909897711890488 0 0 0.0007348687896176793 0.0012800021857451696 0.0015661553787888682 0.001508614222092662 0.0012938240570033288 0.0013835022925450004 0.000974566346883326 0.00013215884241032 0.001435444058832306 0.001111208742377079
91 910 0.0013077470486368352 0 0 0.0007596054935757356 0.0013118847354362014 0.0015957599656679724 0.0015167115993805756 0.001273095718686401 0.0013760039698058775 0.0009921078217163615 0.00013361045397853455 0.0014338671649466604 0.0010914405721303478
48 480 0.00797958444408271 0 0 0.008090912991361979 0.007878935980074416 0.008903140642344804 0.008457469429931573 0.007104157094225953 0.007497875187968491 0.009044711870407937 0.0017657334780122197 0.010139472833052892 0.008755285959358407
92 920 0.0012323999258021061 0 0 0.000721010920629935 0.0011856325319587197 0.0015446311919891432 0.001444868848710769 0.0011843886841953703 0.0012951457200186304 0.0009878679890179083 0.00012268702691479186 0.0013325928362556562 0.0010122515713245556
93 930 0.0010986781833311138 0 0 0.0006402847903474727 0.0010362565485061213 0.0013813860275524023 0.0012806618917715251 0.0010465860928078822 0.001151982389842146 0.0008587135895253108 0.0001059484359275238 0.00119229805222009 0.0009034414628141884
49 490 0.007799777385446632 0 0 0.00814805596659565 0.007722581040036928 0.008679562713034368 0.00889783215993344 0.006687106271702261 0.007278239542119742 0.008880019665371481 0.0016248425809028144 0.01007371594651961 0.00864189444306225
94 940 0.0011096068700973069 0 0 0.0006461462983295248 0.0010404526914470687 0.0014074418905607156 0.001222830616530192 0.00107416756416182 0.0011295990871707292 0.0008756317963528707 0.00010857244852717228 0.0011510826338336985 0.0009272121809770141
95 950 0.001100973405601162 0 0 0.0006308364985612084 0.0010042134327707772 0.0014005816032936504 0.0011983358332756148 0.0010732624037106879 0.001128951695735882 0.0008818226595280835 0.00010456559376710888 0.0011663318491424352 0.0009131404598632073
50 500 0.008004339634463373 0 0 0.008278616492430673 0.007781467262136321 0.00863327403608608 0.009173114026247476 0.00698601510541364 0.007498387579871734 0.009178897803858782 0.00164367746061626 0.010487051237740375 0.008682970706822004
96 960 0.0010781899432923503 0 0 0.0006203333468263231 0.0009785126165469025 0.0013662919575086272 0.0011433105863148572 0.0010552358783749453 0.0010838109343683229 0.0008667143097050707 0.00010336525351331411 0.0011133534753971688 0.0008940072581102747
97 970 0.0010960481748704413 0 0 0.0006229084595645313 0.0010006628895846872 0.00140490729185437 0.0011770235410912936 0.0011034970608565454 0.001078944484484297 0.0008995117869981659 0.00010532096412531341 0.0010964516508374788 0.000922793248234233
51 510 0.00867155952377683 0 0 0.009138381552765603 0.008450700126766249 0.009346765946335156 0.009648701810208861 0.007727499707049177 0.008251867383264075 0.009869771498251419 0.0017381083598296872 0.011184595252562855 0.009118615895324707
98 980 0.001117069363647111 0 0 0.0006435406850838128 0.0010220779804050778 0.0014647526675454475 0.001230420183560541 0.001126032868660464 0.0010384655080931725 0.0009371194596174131 0.00010624742510113073 0.001111847027685392 0.0009314213662236843
99 990 0.0011379201672613226 0 0 0.0006646805392131627 0.0010457200817263327 0.0014987996388733287 0.0012549952313772586 0.0011833677902637041 0.001055569401976592 0.0009682514191837556 0.00010674696535793179 0.0010943079564823947 0.000953995851088722
52 520 0.009592392349720142 0 0 0.01055503120406434 0.009528898478520459 0.010206610572509715 0.010799061262087123 0.008503400599398343 0.00920649589167113 0.010863327377280557 0.0018753120168819451 0.012610885050710315 0.009985998155761905
100 1000 0.0011227942709201846 0 0 0.0006543814741978289 0.0010539789589057397 0.0014468677607100567 0.0012770857654797612 0.001167147229168921 0.0010176511395157478 0.0009495201063229588 0.00010477438619576533 0.0010513259574027383 0.0009380304748170153
101 1010 0.0012271040135861373 0 0 0.0006849669050698723 0.0011713092050604473 0.001555912871278092 0.0013975241736626626 0.0012608525976632598 0.0011389962154951575 0.0010323635634601578 0.0001137662254179585 0.0011554200416755832 0.0010154142381488204
53 530 0.009739607728855397 0 0 0.010977082690051574 0.009674754006051263 0.010305209985923502 0.010925843142599067 0.008661695170833308 0.00948593873037929 0.011182763443798293 0.0018785698211084673 0.012758967238522148 0.009884730353544853
102 1020 0.0012681976455042165 0 0 0.0007128974185226063 0.0012199321777252043 0.001611906999573051 0.0013920700906582114 0.0012829874786037716 0.001183952718070218 0.0010606593750324676 0.00012031634226339713 0.0011716048485680669 0.0010335869167712
103 1030 0.0012605165169174335 0 0 0.000709698604630752 0.001222079914830666 0.0016142644684131794 0.001449945417605446 0.0012869949941119732 0.00118243321932781 0.0010445616944908037 0.00011700452009728393 0.0011597534652342237 0.0010242591667732302
54 540 0.010162414403735777 0 0 0.011892127929142763 0.010068064850502774 0.010740061036538089 0.011424881158874174 0.008840924141115095 0.010016880071062818 0.011775799004570878 0.00189120810599884 0.013178326873300531 0.010582119808018278
104 1040 0.0013079699773605735 0 0 0.0007422038334646903 0.0012542592741063927 0.0016843701841507482 0.0015786641440594992 0.0013340375340644098 0.0012312834717947898 0.0010782652401214459 0.00012246741721969685 0.0012078277350031626 0.0010547486399164498
105 1050 0.0012960052174865843 0 0 0.0007095165631502767 0.0012648540491090204 0.001646075779256765 0.0016027950966475716 0.0013122956996272778 0.0012145084601076588 0.0010772316556080354 0.0001224270995755066 0.0011844805194086243 0.0010198432857998175
55 550 0.010909116401861315 0 0 0.013144726552843041 0.01085694314374467 0.011040840877758525 0.012075059374725342 0.009404030158200013 0.010955227960655288 0.012500659548134936 0.0019666176563918458 0.014203913015599144 0.011601326219029432
106 1060 0.0013239734002350376 0 0 0.0007601883735754064 0.0012940640800445024 0.0016611246722545807 0.0016769421909595475 0.001360117736838086 0.0012717198813216128 0.0011132893877157488 0.00012461293890212038 0.0012051078859763257 0.0009988794445705738
56 560 0.011324091254798104 0 0 0.01348933994962081 0.010922690421297962 0.01157680328770939 0.012933853470181379 0.009904600257241105 0.011601474397806328 0.012899870016426241 0.0019613612648945187 0.01454406510432796 0.012465611507737222
107 1070 0.0012985713486635786 0 0 0.0007541347591500839 0.0012842611586246508 0.0016069168857788059 0.0016342086613187381 0.0013909289134801433 0.0012514833494802274 0.0010968768622103386 0.00012063042259058102 0.0011993290398059487 0.000976056534156949
108 1080 0.001360630133531334 0 0 0.00078028114030068 0.0013388597431503307 0.0016867791003726742 0.001823430074678052 0.0014575187234586425 0.0013199768975053884 0.001162805535814416 0.0001264679927679691 0.00124895180938365 0.0010368583551707158
57 570 0.010688256311026977 0 0 0.012748751676662376 0.010361039303541385 0.011037211663620459 0.011951912274687395 0.009347815739183148 0.011100152224526339 0.01233863446157573 0.001760458997670123 0.013810866906423774 0.011804985212483491
109 1090 0.0013987261936368402 0 0 0.000821109919426012 0.0014408486998805574 0.0017438360270863968 0.001842690068696184 0.0014859737194849382 0.0012953870312341301 0.0011894809192762687 0.00012942389218776256 0.0012724463427016483 0.0010681880845780257
110 1100 0.001446828321618195 0 0 0.0008532028633167901 0.0014789782586211201 0.0018305744417772875 0.0019122932999514767 0.0015383528697448384 0.0013422486572991683 0.0012356905893898874 0.00013306749857621125 0.0013124205418011531 0.0011211363521585313
58 580 0.01021170058734119 0 0 0.011964807661715959 0.009587649844413952 0.010909237077708538 0.011504988947094582 0.008998359274291262 0.010499188657459028 0.011969995018414396 0.0016273864727189748 0.013296265901143673 0.011222269192306582
111 1110 0.0016085285426999556 0 0 0.0009429876514001497 0.0016877875590457436 0.002003283669711977 0.0021070168421923954 0.0017343807367762693 0.001609133956487122 0.0013701896483420003 0.0001469273008480745 0.0015329016401427664 0.0012745255523147763
112 1120 0.0016858810842493856 0 0 0.0009916042441323457 0.0017672170348046483 0.0020806080081451914 0.0021884885385981706 0.0018197346267469303 0.0017774890522177652 0.0014192876179292665 0.0001511957975578242 0.0016719874043850766 0.001350849143903393
59 590 0.010236226888148204 0 0 0.012615676200238067 0.00958908496310113 0.011064403145121623 0.011317433324555476 0.00900572346819142 0.010523398704030426 0.012119059450954388 0.00152362605595512 0.013348880064563277 0.011322396568820108
113 1130 0.0017470094523488828 0 0 0.0010209273506828333 0.001776743035777357 0.0020971188355259594 0.002203202561880172 0.0018659425983638287 0.0019252067704244372 0.0015049043208425518 0.00015726505675993287 0.0017358952732710548 0.001397357768092872
114 1140 0.0018462932261382452 0 0 0.0010844158822399777 0.0019030168441488897 0.0022586720635885404 0.0023216432379065733 0.0019706371160875505 0.0020891965445370346 0.001562814369544573 0.0001658954207592083 0.0018332598618951003 0.0015170760392564154
60 600 0.010009940919438284 0 0 0.01252054528592767 0.009392440136659958 0.011148712949922208 0.010884314958495157 0.008685446856874756 0.010146895649800211 0.011929278883672094 0.001430710352874037 0.013137385755785887 0.011054641990705185
115 1150 0.0018276862180573378 0 0 0.001076969724607807 0.0018573114544442988 0.0022796032943748225 0.002254593756510061 0.0019862668374770543 0.002084084458076602 0.001542944921922009 0.00016255924481825478 0.001803527243774699 0.0014875499227708267
116 1160 0.0018012953328552682 0 0 0.0010634750329535673 0.0018257705817341084 0.002243227282404298 0.002218132491821219 0.0018851471836763443 0.0019835870353437034 0.0014883202566992998 0.0001596706418686239 0.0017734453938557005 0.0014358781884658896
61 610 0.011569150205392802 0 0 0.01449064761564795 0.010800727779045559 0.013640452749019363 0.012660996607071836 0.01009242983422039 0.011684159152254991 0.013709373901080107 0.0016025795806078368 0.01520137490129363 0.012654950242937637
117 1170 0.0018619916340980654 0 0 0.0011190120244115472 0.0018086202150920533 0.0022729033914494533 0.002329795206024604 0.001915341589358077 0.0020594048381175523 0.0015361390196892432 0.00016829107910023373 0.0018388735999997341 0.0014904045177998575
118 1180 0.0018055756764657816 0 0 0.0010703405513817065 0.0017620181597249845 0.002173782508544867 0.002181104832630031 0.0018501969753911024 0.0019814638708046156 0.0014862146209694308 0.00016437205202446834 0.0017557780897528687 0.0014436199613187999
62 620 0.01296573044451089 0 0 0.01599314587460363 0.012349973879488097 0.015679674218315863 0.014471107592796186 0.011753430409170542 0.013095339527437933 0.01584514429917335 0.0017182856043133322 0.016357727163435608 0.014119428869402522
119 1190 0.0019016272884967765 0 0 0.001101294329647417 0.001861654123559273 0.0023183845905225915 0.002266340845813138 0.002037517222456796 0.002143136825115586 0.0015897949329289108 0.0001693081882168248 0.0018508818782204998 0.0015395110255529629
120 1200 0.0018824002709359917 0 0 0.001088721956136645 0.00187767724828314 0.0023151754525630626 0.0022915643579531405 0.0020612486803919584 0.0021569812175257783 0.001582300994623664 0.00016534373781746276 0.0018340658804591218 0.001537979687138625
63 630 0.015020368024942084 0 0 0.018688007128179425 0.014331210325241135 0.018682371964758717 0.01749021404667528 0.013908851301625337 0.015160770762405589 0.018905225199323538 0.0019230440188272042 0.01928414740584078 0.016827635203797094
121 1210 0.0019497461089116905 0 0 0.001114674248640747 0.002002723975655597 0.0024040145189012764 0.0024107067038222924 0.002128650528151671 0.0022518164399079545 0.0016347151945155394 0.0001710107972316429 0.0019831031661942536 0.0015964997405660192
122 1220 0.002005158988578962 0 0 0.001152125121046161 0.0020455384168328195 0.002448236038171576 0.002618321205442446 0.0021295005728932644 0.0023619648609814786 0.001679925184710092 0.00017780456719959835 0.0021064629701658894 0.0016402537922222708
64 640 0.016574659183342715 0 0 0.020823088039711817 0.015455972177358782 0.020869613884019367 0.018512807822897742 0.01542571726354331 0.01707395561277588 0.021050745912390468 0.0020181039128406007 0.021085718158765844 0.018313331359774185
123 1230 0.00207675549102607 0 0 0.0011938533661613193 0.002189629712285717 0.002449596591976463 0.0026865417614303513 0.002178644093900269 0.0024047579522828533 0.0017340098389031992 0.00018356291105362977 0.0021202990490825613 0.001680026432192041
124 1240 0.0020557340087722243 0 0 0.0011762566312543009 0.002264192145190248 0.002338462337064946 0.0026363807752999425 0.0021689537126036527 0.002391517636269573 0.001656746563896291 0.00017639732231336224 0.0020957979799306743 0.0016320297898228895
65 650 0.016628758815651134 0 0 0.02074730818121455 0.015456889916443754 0.020939726605023162 0.01865461836813568 0.015525286064489907 0.016483440810052756 0.020786360249952365 0.001989224633233599 0.021312504003022703 0.01839984672291301
125 1250 0.002172841039539528 0 0 0.001226286642808607 0.0023663714679206457 0.0024010970931892806 0.00277135588621721 0.0022897049459383095 0.002533647662200663 0.0017993506477352516 0.0001848582054337275 0.002220252872865611 0.0017072974393712666
126 1260 0.0021868522259291833 0 0 0.0012348619366777118 0.002404292975688664 0.002413125168478451 0.0027732999368431654 0.0023097095978299883 0.002475662032769659 0.0017791592355685469 0.00018523551493687443 0.0022014485759272195 0.0016945656648298829
66 660 0.01685209827877183 0 0 0.020752618813454374 0.01570481083497377 0.02116724082895152 0.019855736893670144 0.015893457855251873 0.01679043435407474 0.021428970737491775 0.001975272068133135 0.02212399259096296 0.01855316751854767
127 1270 0.0022278964351364365 0 0 0.0012683164412280903 0.0024108274308229953 0.0024981779364140846 0.002726145675574328 0.0023102423174774928 0.002536254163986586 0.0016729861992677052 0.00018915742112429225 0.0022261026463547312 0.0017707788810981094
67 670 0.016839873670376322 0 0 0.02061234978245364 0.015841402132250857 0.02080149099127824 0.02027271628753171 0.015427329871544417 0.016860410346834477 0.021164632081644215 0.0019170759483909897 0.022103449509637593 0.01853118291074939
128 1280 0.0020800512901375944 0 0 0.001175261167567144 0.0022718046733589286 0.002354651279926606 0.0024851912103837936 0.002176671455177533 0.002327916216106271 0.0015651433210628755 0.0001802623728651558 0.0020275082323869802 0.0016491515611762129
129 1290 0.0022485105826487942 0 0 0.0013247208966187768 0.0025192091796124153 0.0026775923347063515 0.002614933751585322 0.002420397875334474 0.002514686085500313 0.0016760376991769878 0.0001906913242353825 0.002210193815537735 0.0017466476105652154
68 680 0.01754497350947553 0 0 0.02166904546030255 0.017244190981754066 0.021777051988858813 0.021338118292127416 0.015980623036405763 0.017479043529070794 0.022458945834108193 0.001956622528669537 0.0232166513521104 0.020096979615072737
130 1300 0.0022495378213327724 0 0 0.0013399978118954433 0.002489870019904542 0.002690312668096464 0.0025978089080609806 0.0024247622923371467 0.002523461319885505 0.001669884609472643 0.00019326624166289837 0.0022103845436160807 0.001679761264348635
131 1310 0.0023130990927730842 0 0 0.0013572396920809584 0.0025852020108775428 0.002807785286680395 0.0027882796209346694 0.0025253407778775103 0.0026600692157876045 0.0016751345153619434 0.0001965507369738645 0.0022989975151171353 0.001719717781250966
69 690 0.018663076780879022 0 0 0.02319958100444658 0.019739908134573082 0.022951021570381234 0.022881481236895606 0.01701561504457034 0.01876582582882663 0.02452157395078856 0.0020024841851875954 0.024745914326499426 0.022179445370337274
132 1320 0.0021671800760611447 0 0 0.0012966891143392741 0.0024075012221229626 0.002606933495677661 0.0026943095625781535 0.0024165723877560235 0.00253438456545268 0.001557219418789664 0.00017950108018620852 0.0021517703662644995 0.0015763230510653704
133 1330 0.0022534105535778476 0 0 0.0013587226921084714 0.002503437400206768 0.0028339664909235282 0.00278457318055988 0.0025143944666878655 0.0025745321733288084 0.0016557338329137921 0.00018612441481263581 0.0022176493235025766 0.0015404053535957093
70 700 0.020242492999344434 0 0 0.02513737126870929 0.022975005545291187 0.02443518165375812 0.025565481653669155 0.01946025266263964 0.02047765405712755 0.026655327753968453 0.0021333480244618225 0.02652392897038543 0.024587557352490866
134 1340 0.0023567118488162547 0 0 0.0014329699351838903 0.002632359897374689 0.0030955596438299563 0.0028802405963542555 0.0026800197445956907 0.0026641621796930294 0.0017228646368798858 0.00018913825761582086 0.002288873114200994 0.0015253388602505923
135 1350 0.0023931671875093057 0 0 0.0014075750444994812 0.0026759500341688907 0.0031876987830451895 0.0028465919987840016 0.0027789884720001586 0.0026764781363130164 0.0017392017748704962 0.00018805070838191754 0.0023452271151613063 0.0015481044109729527
71 710 0.020987872035887634 0 0 0.026337383711030407 0.025039461884000854 0.0252113515246333 0.02635326880278612 0.02043118558563163 0.020923259904772257 0.027596830870698395 0.002132451956467077 0.0272833869389607 0.025429474522543783
136 1360 0.0023093838494059548 0 0 0.0013650560632936426 0.0025981466992895576 0.0029617601245844737 0.002746672121817674 0.002620393522716397 0.0025639020239356736 0.001668845975601504 0.00018137416385625085 0.0022717707871394077 0.001491293777490224
137 1370 0.002247723229444085 0 0 0.0013214195105138707 0.0024510442621982773 0.002985303165690492 0.002586656968588355 0.002602109179052318 0.0025792268917346948 0.0016324487939564701 0.00017239787822257417 0.002185173042801767 0.0014820041679933908
72 720 0.021183078817523723 0 0 0.026364369577507426 0.02557311736261326 0.025130775688768998 0.026831905382789418 0.02027057783747417 0.021189636510627198 0.028017821373593974 0.0020936168155252363 0.027733584311432163 0.025199197164632977
138 1380 0.0021474128718253003 0 0 0.0012439337255415325 0.002381298256419179 0.0028555315270578103 0.002464724654151326 0.00247195350975475 0.0024052815070948084 0.0015937978560807376 0.00016407844447551272 0.002035321988170758 0.0014086972364863203
139 1390 0.0020883622065950244 0 0 0.0012043808392906128 0.002321194395930345 0.002776619486512849 0.0023684886640688517 0.0023982126321460575 0.0023482798194632113 0.0015499842798079846 0.00015885171772963294 0.001995478453595447 0.0013825706943161968
73 730 0.02046366902827715 0 0 0.025409629883485215 0.024133833421767052 0.023963910466285685 0.02552161028899493 0.018908325618383855 0.020039331843943693 0.026717762618465514 0.001988349384330837 0.026397464307717784 0.023204864086227843
140 1400 0.002064034981773363 0 0 0.0012077023664369307 0.0022967003450121183 0.002755201233030189 0.0023413374238133106 0.002411353481715064 0.0023607701529380545 0.0015238514129714553 0.0001527585639423227 0.001994618943495663 0.0013831370057690025
141 1410 0.0019250872849782212 0 0 0.0011318097393455268 0.0020927478028456904 0.002543289571762046 0.002197287255401568 0.002276308400425175 0.0022021858442770248 0.0014249036442463522 0.00014237201662730496 0.001824671113844252 0.001274859176169594
74 740 0.019389721893761574 0 0 0.024102594754097227 0.022052584164916473 0.022573404324466396 0.023980013226950057 0.01760522293336536 0.01897578069391062 0.02576153976961703 0.0018649299108542319 0.025119120509440707 0.021981103090606264
142 1420 0.0017969259896501537 0 0 0.0010552867168566553 0.0019729286089550965 0.002375860625741419 0.0019909491581065887 0.0020927663372931685 0.002016652063899175 0.0013058862010182015 0.00013359249712123085 0.0016608147259895305 0.0012037794548685446
143 1430 0.0017981786031480125 0 0 0.0011041234251289594 0.002032619754288697 0.0023459602873120624 0.0020108828523610492 0.002150431298986862 0.002012872039692683 0.0012772773923719638 0.00013375895761045327 0.0016506477129460632 0.0012034357110284268
75 750 0.020212770032580322 0 0 0.0247134229534782 0.02304583255241817 0.023342367551257105 0.025319963482615844 0.018320835487794028 0.019799662925421783 0.027968069505054705 0.0018727590338823185 0.026203845355788697 0.02309724141002407
144 1440 0.0019119926515336959 0 0 0.0011980462660014784 0.0021559715005306213 0.0026888433377590883 0.002257822401026588 0.0023787062108633675 0.002165730114855645 0.001375415830504579 0.00013668152118297432 0.001767492288547792 0.0012519757013648074
145 1450 0.002094071675206904 0 0 0.0013799283166613906 0.0022830862740543917 0.0031057630686498012 0.0026069665603050077 0.002574440774596887 0.002335510155425846 0.0014752354372028979 0.00014874289485319571 0.0019218669204975377 0.0013743952103716815
76 760 0.01953803152419831 0 0 0.02398874253048311 0.022336623844579764 0.022380322244309952 0.024625692522427765 0.017682024117898664 0.019035181656976864 0.027146650245373372 0.001726034635496486 0.025802636430131417 0.022370911174130922
146 1460 0.0024252603212501556 0 0 0.001642352174054118 0.0027355105603810363 0.0037014124939543287 0.00305228290028078 0.003026127482621485 0.002691995075433502 0.0016830971097674628 0.00017328615165167614 0.0022173490711663315 0.0016456840962460685
77 770 0.019573963423337695 0 0 0.023624037836976898 0.022181051944821693 0.022153666845820725 0.025043692853490254 0.01769109958747286 0.019479798373113272 0.026842493868505304 0.0016672476724712733 0.02492371366854837 0.02277611849311337
147 1470 0.0027784428658667805 0 0 0.0019023571954810308 0.0031203874128991763 0.004167528393986665 0.003369845243103995 0.0034333874492934657 0.003065438960625557 0.001917561947316197 0.00019211250780194167 0.0025230192322303405 0.0018516470486394326
148 1480 0.0031440017319158144 0 0 0.002256687307628996 0.003567250503956533 0.004874222949337162 0.0036785190358037093 0.004032857058740526 0.0034492009359363917 0.002167259103028425 0.00021927053478923179 0.0028892827344498585 0.0020213432354252983
78 780 0.018963432698316095 0 0 0.022657240769931798 0.020888858870768443 0.021253511143795957 0.024112471737505983 0.017007186966122478 0.018864374984219518 0.025964216344102217 0.001577938163672031 0.024202932290763177 0.02164316348166847
149 1490 0.003404063301324464 0 0 0.0024588632803509564 0.0037723396250249237 0.005220748088351925 0.003904220730957649 0.004273225545634679 0.003740656096851674 0.0023838997100387267 0.0002370731808466498 0.0031426794836194325 0.0022144074292439445
150 1500 0.003224305618234634 0 0 0.0023616895824400165 0.0035658675883234628 0.004921367297706371 0.003658070277803348 0.004046529514153491 0.0034590979856704515 0.002195199864775026 0.0002231047747379442 0.003026540768332494 0.002105771985189283
79 790 0.01828723601873834 0 0 0.021533012965252247 0.020622119691089572 0.020291682195017906 0.023647132740895572 0.016603395182873147 0.018290640612319393 0.024931596176794798 0.0014321655806161717 0.023482236640333512 0.02122584151150907
80 800 0.018191884966150273 0 0 0.02146961490535826 0.02127887210445528 0.019841126260381287 0.023577281493596638 0.016775807126285968 0.018462637281912483 0.02468425261204027 0.0013785196167988086 0.023505986031139382 0.020954409064819258
81 810 0.01867235220633873 0 0 0.02184709733979792 0.021970446116268857 0.020043057957460104 0.024378642644582012 0.017888345136521638 0.018857749988705513 0.025165087248858402 0.0013600649648286092 0.024780134379383666 0.02192307255942809
82 820 0.01876086164653348 0 0 0.021932415217238488 0.021906454066736143 0.020053194830885832 0.02413849625778025 0.01801182679263247 0.018901196851272336 0.02518589274338135 0.0013276278339366238 0.024892272095035094 0.021784463125752416
83 830 0.018454897471634226 0 0 0.022546608738613715 0.022596988499592043 0.019870960034937792 0.023549482075917512 0.017664051356223318 0.019059951419953283 0.025014661036360804 0.0012456915418638124 0.024674717871806116 0.021946682219470062
84 840 0.020402301110046334 0 0 0.0247114738156431 0.024995674759543587 0.022746279196749965 0.026076155369811446 0.019724178067726944 0.020844095191287573 0.028655991137347698 0.001322318017779777 0.029010632351967616 0.025817807276390957
85 850 0.022418598863362255 0 0 0.02674992131079874 0.026817045069213685 0.024308101177812343 0.027038385405261742 0.02191136818579805 0.023304782580336813 0.03105460090333167 0.0014397323997251811 0.03180190637872004 0.027206669930948873
86 860 0.02284772493568917 0 0 0.02738335217391506 0.027706120276406808 0.024650851194149857 0.02748670146946652 0.02192646325914777 0.023312458096509073 0.03051984140510033 0.0014436072511116885 0.033279824076756157 0.02860518903240048
87 870 0.022186179725015735 0 0 0.026152161590276557 0.027802551946119938 0.02375975602466659 0.02710932554581442 0.022450077766998106 0.022774140972873946 0.029340405135377272 0.001301872711069729 0.03222943877755758 0.028787929269913335
88 880 0.02051096073635727 0 0 0.024095998178297617 0.026717588947957175 0.0218385065559061 0.025373646990334824 0.02081384189119571 0.02127607913226251 0.027318725162628586 0.0011689723438677547 0.029700558191166907 0.027011467915199483
89 890 0.020778891347889482 0 0 0.02541900595727641 0.026994760990780776 0.021835409717658946 0.025754489251136565 0.020562673202782496 0.022383886217055057 0.028855212793588752 0.0011663965225740167 0.030729043338024058 0.02741184158044013
90 900 0.022166062035547707 0 0 0.026270909240361604 0.02799817613553836 0.023497766129215454 0.027587010289014818 0.021922918147335213 0.023981491304166935 0.03071257392977148 0.0012272642558895316 0.03286667936828293 0.029187819624507918
91 910 0.023510524323892484 0 0 0.027196167385605048 0.029620351201204678 0.02477295933770058 0.029143967292088145 0.023012052189360296 0.025525621433770452 0.03253500652399062 0.0012671298329643785 0.034343447905686386 0.03049737576184427
92 920 0.023376062120679095 0 0 0.02715576953381977 0.028134872494112513 0.024774887451687863 0.02889993122010585 0.02222188937788887 0.02460871002098493 0.0321978789578891 0.0012373128253693917 0.03442666587438227 0.029479514118141634
93 930 0.022943523075044804 0 0 0.026715598045295167 0.0279216996815263 0.024183184954108938 0.02824376329970174 0.021894717775609 0.024065290910231785 0.031611097109324734 0.001208475453634751 0.033353073498677624 0.02880830006634571
94 940 0.02160903283150266 0 0 0.024861863145751475 0.02624658026034387 0.02264932023794697 0.026408073320001484 0.020175499762442744 0.022392005298161738 0.029134292064681832 0.0011294749630571762 0.03155526401663141 0.026985242319784147
95 950 0.019979458102063787 0 0 0.023237044899569237 0.02389052596905453 0.02073765799442129 0.02428376946666695 0.018670829615746648 0.020511730751659525 0.02678412649013989 0.0010046687313468535 0.028767875232654148 0.024848067928797155
96 960 0.020589663182169857 0 0 0.025501810714446977 0.025245838953077013 0.021154782827677344 0.024144594893838627 0.019398443253705714 0.021206789092487743 0.02750890338047347 0.0009699568035357912 0.03119321982023755 0.02523893520498913
97 970 0.018627929757797427 0 0 0.023675085052136613 0.022970432986092724 0.0191062097135066 0.021548092320354283 0.017359682937705036 0.018393219215140606 0.024808655682040947 0.000868900864943744 0.02881461861145508 0.02266460068612286
98 980 0.018013193670647652 0 0 0.02217924696033106 0.02188836779443421 0.0184285289101571 0.021240163996180707 0.016469840294533116 0.017582279434932943 0.023880177674930687 0.0008207648125082317 0.027498580605959562 0.021642074353463624
99 990 0.01724376929745125 0 0 0.02091840778499598 0.021042696712505558 0.017500597262255092 0.020571441471802916 0.015439270249989642 0.016789216668607814 0.022455869163612724 0.0007532651391198186 0.026624095248668055 0.02050316884047902
100 1000 0.017470124009264825 0 0 0.02154607996360929 0.021736058952575677 0.018337458509286364 0.021060076539272467 0.015743243110866015 0.016998065586776148 0.023828227973299247 0.0007329616455078666 0.02700342714706659 0.020757919770195157
101 1010 0.016884119044258673 0 0 0.02052063325384212 0.02161535033253611 0.017928928984247167 0.020656296891504694 0.014867761357341846 0.016448380460050486 0.023076478648852372 0.0007075150105065678 0.026244956817963034 0.02039795492738009
102 1020 0.015665053796498685 0 0 0.01900491207873242 0.020050300500545043 0.01676569771161851 0.019278656808920887 0.013838598922392125 0.01537208359688369 0.021682328383785112 0.0006526002886961675 0.02405259918879446 0.01880916532286185
103 1030 0.016046782448120592 0 0 0.01925821616129077 0.019797663550532824 0.017550127467287013 0.01999321196577858 0.014432098138009965 0.015817501528848425 0.022890174033870447 0.0006488448847123605 0.024761562911256065 0.019295802171037595
104 1040 0.017122422024828617 0 0 0.020346446522362366 0.021167581698299555 0.018689231275271754 0.0208632180078681 0.015890319783855977 0.016813432363124655 0.02446839238075488 0.000688971946668077 0.025961740270617335 0.0207672870334866
105 1050 0.017878936992483524 0 0 0.02116040749542279 0.022045181808609034 0.01936416520144411 0.021870013105123032 0.016677209547477596 0.016918467772090596 0.02538203743527194 0.0007155777830844369 0.027050011401887706 0.021903045596011365
106 1060 0.017784013660702876 0 0 0.020998992500298647 0.0217967369091638 0.019404095500647756 0.021538559303316496 0.016764952909995665 0.016781985063488297 0.025076381364219132 0.00070675648748168 0.02694916372317257 0.02148362177572392
107 1070 0.017240352225845655 0 0 0.02057414167035441 0.02119032726224503 0.018541506451958 0.02046388660122101 0.016244026449180292 0.01631058610535121 0.024316415352705005 0.0006746570451256661 0.02595640004085712 0.02037047588043615
108 1080 0.016791041009127126 0 0 0.019893203267397803 0.02068892417553418 0.017935825663707067 0.019662620900454262 0.015973072393789773 0.01576668283883211 0.023615078011291146 0.0006449956175501805 0.02522256354615652 0.019998529380474053
109 1090 0.016286035586047683 0 0 0.019236797520102097 0.02014147399353646 0.01768915284370424 0.019524248417196872 0.015253031614160025 0.015107964418281073 0.023079339450560243 0.000607872654517943 0.02424043084088064 0.01931139580772107
110 1100 0.017537201926088482 0 0 0.020645816538181296 0.022682480674640664 0.01957053434533613 0.021774223334288797 0.016417684364659967 0.01676894500622172 0.025116009189101833 0.0006344405823044896 0.025966584586624063 0.01995632199908123
111 1110 0.01777014836414162 0 0 0.021137819032778137 0.023685728972109424 0.01912738120858925 0.022186190876529975 0.01681914449345327 0.01696119933111055 0.025181698019429367 0.0006407444560694497 0.02679721762052037 0.0195954732558985
112 1120 0.0166364277077391 0 0 0.01969557252282462 0.02264888177387315 0.017781575621464117 0.02067480979420228 0.015971255975846768 0.015708838810128686 0.023620786256279325 0.0005887529424179798 0.02507677489426785 0.01843049879862551
113 1130 0.016787969144638808 0 0 0.02051218138561509 0.022557900038162663 0.018136207894842434 0.02108960274221972 0.01581824337615331 0.016197541793170976 0.02430938104074947 0.0005842798176867042 0.025966691935404365 0.01907245211559148
114 1140 0.01712286845524331 0 0 0.02116794074823623 0.022272172574113163 0.018162210236526755 0.020900438329770767 0.015829690807489732 0.016432027221200296 0.024472022476254657 0.0005959035749556097 0.026309692618977733 0.019464877541642396
115 1150 0.01741402145695987 0 0 0.021440057845418917 0.021934288578790737 0.019017923548614722 0.020664849865320616 0.015415743153595646 0.01657719728371844 0.024990085675072285 0.0005929701166413439 0.02729033137428868 0.019653823064419807
116 1160 0.016923746857788337 0 0 0.020548926567621528 0.021277118048767373 0.018736345955847063 0.01971102136457225 0.015066265087623534 0.016307263361642604 0.02456096167656274 0.0005586919630245115 0.026756362509123596 0.01871886110070673
117 1170 0.017042834483056185 0 0 0.020992751344572964 0.021478594395145816 0.019512642529175485 0.019919089511047795 0.015360541073050264 0.016634755782333515 0.02482083788484895 0.0005538495666217125 0.02693757657152478 0.018818033739544254
118 1180 0.016558306997807505 0 0 0.020345602828738936 0.021135274293641232 0.01867061261697152 0.019359838581608953 0.01505700452770151 0.016493315112419287 0.024142492829412946 0.000527080886568425 0.025985233034934448 0.018140489128630408
119 1190 0.015646607335114943 0 0 0.0195676575819296 0.01982812904892831 0.017403073172801715 0.01834465713538745 0.014171513790595551 0.015846149104693338 0.022710866458258108 0.0004799744382215186 0.02513233284946285 0.017047531380342856
120 1200 0.015409683857623611 0 0 0.01907779725269884 0.019010002611812873 0.016880589892881208 0.018420103477749708 0.01374536413450187 0.01566411057240943 0.021869012758912548 0.00047292644350406543 0.02460879922902457 0.016789203558407764
121 1210 0.01485585852598419 0 0 0.01829244404353683 0.018444797122178294 0.015988983005907734 0.018031673495774007 0.013224378727217075 0.015128941915186562 0.021137441327584792 0.0004557283697782031 0.023777475709029158 0.0163125627940025
122 1220 0.013691878827082647 0 0 0.016473241200685135 0.017114952132519675 0.014628231002680866 0.016690797091000062 0.012060050205956964 0.013781298459127815 0.01909985708179958 0.00041687611780884926 0.02164030326388042 0.0148382626849024
123 1230 0.012913131050358644 0 0 0.015033337712567391 0.01580772984228778 0.013783116610216826 0.015676232476418344 0.011371977543265849 0.012835183426836611 0.01769696567393905 0.00037309705266777733 0.020066674509223406 0.013428258983422472
124 1240 0.011682953008248885 0 0 0.013421653663746437 0.014219457358765116 0.01226082317952226 0.014132786286422441 0.010253429336841681 0.011564078223984378 0.015909970511007995 0.0003351602859365796 0.018088480812225926 0.011949432512727409
125 1250 0.011225736024129854 0 0 0.01259764517185441 0.01364047908889319 0.011803249474456434 0.013521099096627173 0.00979423367387082 0.0109209352986188 0.015216867773255125 0.00031157587245413034 0.01731777633788832 0.011139549713895268
126 1260 0.010461673891000011 0 0 0.011834593936668225 0.01242343817438274 0.010701369473305624 0.012623219135576501 0.008982402135144608 0.010058999761477847 0.013854631569156811 0.00028299378817318556 0.016349245464006238 0.010364420442408505
127 1270 0.010457798948696792 0 0 0.011795000209304655 0.0122333167163839 0.011071809657614437 0.012430715939201396 0.009261149099406613 0.009877967419435675 0.01475295041867355 0.00027733491773937523 0.017075725900147047 0.010114098054816075
128 1280 0.01103650884356532 0 0 0.01256340934444795 0.01282875417358369 0.011765221886413836 0.013692221121178906 0.009889984021351798 0.01043123737545618 0.015836549308537246 0.00029124731863165417 0.017991070484605434 0.01159660646214727
129 1290 0.010690643953390677 0 0 0.011736069320027407 0.012348701082425837 0.011326092053119134 0.013488849627278393 0.009603583030471867 0.010041846910934498 0.014826945307258033 0.000272630615334266 0.017015405381336585 0.011465282075167262
130 1300 0.011236895939721561 0 0 0.012408492952358819 0.012972572238868713 0.012198516323799537 0.014735207827169776 0.009839220012712407 0.010462888231418875 0.0159566050211867 0.0002818605197726145 0.018149841430059026 0.012724640702419143
131 1310 0.01089196852698537 0 0 0.012009516734814917 0.012628814473645463 0.01173367530730228 0.014496926969466908 0.009502846802735502 0.009650049601788663 0.015274714788275507 0.00027627430408733774 0.01715892976169621 0.012507408144229137
132 1320 0.010532702204376214 0 0 0.011543943575931094 0.012254370120034044 0.011302565277814113 0.013740380173036443 0.009248199341853516 0.009309775342310738 0.014520549834665147 0.0002671208420463586 0.0166049320616358 0.012360272882970884
133 1330 0.010645557590563038 0 0 0.011651742877919063 0.012346615347677715 0.011094619285067542 0.013954860836412921 0.009202006147961636 0.009470638489128907 0.014344206034250167 0.00026394613720085456 0.016599682393089083 0.013379242642049769
134 1340 0.010395128726134049 0 0 0.011236980024009496 0.01197926042064748 0.011044908580997694 0.013765093557664762 0.008780496406942501 0.00910646006511058 0.01391152853987102 0.00024900223155596793 0.016145485568996313 0.01323526745816159
135 1350 0.009932286350926264 0 0 0.011050732220679616 0.011445872255896989 0.010557977956361904 0.01330046564703953 0.008327267398144975 0.008603497470552217 0.013326515645665038 0.00023474291470017828 0.01565884222741157 0.012871281891261665
136 1360 0.010293335515719825 0 0 0.011587306229776516 0.011784517993781789 0.011331837635246023 0.01397947524031016 0.008399921780996805 0.008800670730096919 0.014098980809941939 0.00023918418035442384 0.016574172567928796 0.01397818227030645
137 1370 0.010860394077973633 0 0 0.012325541092763966 0.012433236887268209 0.012009773788731502 0.015025631937352034 0.008831778201311858 0.009313058631366418 0.014849563771965573 0.00025018314416136277 0.017517872731959004 0.015245181297400578
138 1380 0.011387694337438609 0 0 0.012789472771421838 0.013190699168901863 0.012975493242752118 0.016229160395352132 0.009597481951544027 0.009977722807792938 0.015215372819164696 0.0002636998723747639 0.018407984605062676 0.016527434171137074
139 1390 0.011716730005009614 0 0 0.013314456220491464 0.013825225294389072 0.013731802600819656 0.017602158719342464 0.009991186799707168 0.01022025674366221 0.01603134980620219 0.0002705186386983005 0.0192128801718538 0.017800940506231305
140 1400 0.01084872946132689 0 0 0.012133746864902742 0.012979266836499623 0.012775934417362581 0.01656888232181645 0.009267507010029466 0.009545645607805454 0.014274220529033576 0.0002565092177651433 0.0174794782547283 0.0169161958236082
141 1410 0.010116147492603209 0 0 0.011305095495029234 0.01178776873603048 0.011769928334660824 0.014895634116318002 0.008520045093347268 0.008532743189920235 0.013350537105545143 0.00023827031341189773 0.016293156793287272 0.01528874489321813
142 1420 0.01025562176375783 0 0 0.011236293498556295 0.012517382033898133 0.012299211234168909 0.015384957150905437 0.008746993298102471 0.008271735736670933 0.013874644106309616 0.0002479589687307667 0.016656019498415404 0.016260228409801746
143 1430 0.011048441516633365 0 0 0.012141774358364643 0.013774418640093938 0.013556483009567135 0.01661032158864312 0.009070711431984714 0.008733852402658403 0.015125247459031311 0.0002797204175906514 0.01810571078347614 0.01815433792393672
144 1440 0.010756357345382406 0 0 0.011645532149272763 0.013409085954107764 0.013156728531266459 0.01651090695972425 0.008960834055196916 0.00846620019285102 0.01463774212430779 0.00026927080848174304 0.017297138805322115 0.01846251402773503
145 1450 0.010221177905557034 0 0 0.01152421246125867 0.012868388774913553 0.012308131105279686 0.015688519566934303 0.00845773617807326 0.008354142324334938 0.014223042022261226 0.00025944083404361314 0.01729522540419941 0.01768268037114908
146 1460 0.009312157010285243 0 0 0.010401233505318748 0.01164587446867377 0.011070311172668094 0.014130382018850068 0.007537547144554406 0.007596997615960385 0.012332280960613609 0.00023680167810076632 0.01565392800227657 0.01601953760538758
147 1470 0.008805700420693308 0 0 0.009771779336822056 0.010868570860290232 0.01051939781755025 0.013387745454320643 0.006979884805082434 0.007166471345161815 0.011730782138192722 0.00021417553929878067 0.014624148135422257 0.015310471944096475
148 1480 0.008723224451331653 0 0 0.009764265764158366 0.010940903198331194 0.010329398509609471 0.013277053936988054 0.006949317628833077 0.007124230426206111 0.011650077158500553 0.00021244224420245502 0.014692588040316248 0.015244945321944505
149 1490 0.008179237290349521 0 0 0.008941221650453666 0.010299600024069938 0.009697923010487993 0.012363087051644212 0.006421936743821572 0.006642659643360713 0.010942735149773421 0.00019936126885058318 0.013633019462290426 0.014255236251645655
150 1500 0.007877455280583928 0 0 0.008563732433941358 0.009777372290235951 0.009414276993962174 0.011794204065754052 0.006125609914613551 0.00646687921008181 0.010446585156652376 0.00019302789625891018 0.01290441597241414 0.013606513188924384
