% # columns="iteration, evaluation, void, void, void, xmean", seed=832244, Sat Feb 24 11:10:46 2024, <python>{}</python> # scaling_of_variables: 1, typical_x: 0
1 10 0 0 0 9.498595126799449 -720.2102197646839 -141.90885877021458 -1167.3210805165206 -130.92694400257957 -118.32494009810863 -13.885180452562764 -0.5396888024269673 156.13507186570794 6.191581787964948
3 30 0 0 0 9.51020168807242 -720.2097170349883 -141.9080265612133 -1167.3282912664865 -130.94786285070145 -118.33435178667175 -13.886334612747673 -0.5430212215733072 156.14952685981794 6.194105209403376
2 20 0 0 0 9.496154294584201 -720.2127445255783 -141.91842019184975 -1167.323461285362 -130.9230581166901 -118.32008302961155 -13.882238476252168 -0.5422503621375115 156.12557622234087 6.185576243291566
4 40 0 0 0 9.511192636714844 -720.2146893190826 -141.90894220717075 -1167.3304269786083 -130.94352855979358 -118.33317837104674 -13.881239044981013 -0.5412950434980504 156.1508075069408 6.190485208313714
5 50 0 0 0 9.499627264049572 -720.21615584293 -141.90537469769436 -1167.3423010882289 -130.93395164333282 -118.34187744593186 -13.87852344236636 -0.5421599054987392 156.1475297430903 6.1913210558089125
3 30 0 0 0 9.49570531422989 -720.2049559479517 -141.91775129569731 -1167.3222930321913 -130.92032421827983 -118.32129280746221 -13.87853075472735 -0.5433111323878727 156.13280930831408 6.189534099506526
6 60 0 0 0 9.49354166625558 -720.2121603243401 -141.90178858942386 -1167.3482454539096 -130.935475363194 -118.34476826454116 -13.877459348631644 -0.5411291340135616 156.14289135940336 6.188324099997684
7 70 0 0 0 9.492021123782198 -720.2102054531393 -141.90924306171857 -1167.3414703264289 -130.9331782669702 -118.34535405906192 -13.883837285745049 -0.5412555887194912 156.1511668426535 6.185612049831687
4 40 0 0 0 9.499773378542413 -720.2062172164677 -141.91824468811953 -1167.3280265830042 -130.92187733216153 -118.32207716119451 -13.876550003390653 -0.5423328570677055 156.12738806721535 6.194202965964814
8 80 0 0 0 9.495154609371953 -720.2086063975678 -141.91209939729384 -1167.3423581112122 -130.93162391465668 -118.34616119874201 -13.895925348818732 -0.5411038188853158 156.1500407603911 6.186896948651029
9 90 0 0 0 9.496936099951704 -720.2111875864789 -141.9165641678414 -1167.3408938945936 -130.93252409200778 -118.34279999632682 -13.90378675092337 -0.5401045923268242 156.14259357585536 6.179350812304621
5 50 0 0 0 9.506460839807342 -720.2112893264474 -141.91461350338673 -1167.325383727192 -130.91819984242656 -118.32204745555737 -13.875921740634128 -0.5467953879301672 156.13336442270742 6.187127326190556
10 100 0 0 0 9.49443989971153 -720.2082133419548 -141.91019182630737 -1167.3368167915405 -130.9367413413447 -118.34193959944896 -13.902997426674254 -0.5394466654048536 156.15093907352806 6.177309889025455
11 110 0 0 0 9.498746314800355 -720.2019257907766 -141.92009562841142 -1167.327970184092 -130.9465108632183 -118.34255853704026 -13.899304566287437 -0.5398489533679269 156.14857145367154 6.174663999482392
6 60 0 0 0 9.499512327900092 -720.2023409331929 -141.91693136784738 -1167.3284256382456 -130.92147170563308 -118.32270510981041 -13.882955591602343 -0.5408633916207465 156.130346456273 6.188980761043111
12 120 0 0 0 9.4988930143464 -720.2001573805704 -141.9291472503379 -1167.3272671697548 -130.94095634376728 -118.34598231112687 -13.89736353283059 -0.5405668876571639 156.14808017989662 6.173050012222909
13 130 0 0 0 9.49788207533143 -720.1976595545926 -141.93394791729054 -1167.326464654718 -130.93772692792012 -118.3398042461411 -13.900091310739596 -0.5407635871242291 156.14295005515018 6.172175731236627
7 70 0 0 0 9.4988212022444 -720.2019353442781 -141.91585468963393 -1167.3323461830887 -130.92357780342985 -118.32053218449613 -13.887723498486832 -0.5404357369053926 156.12904300830516 6.1925105113576135
14 140 0 0 0 9.490666841266123 -720.202161381045 -141.9334861270906 -1167.3315055904777 -130.94152611452319 -118.33394103048833 -13.90197866916538 -0.5421217907254122 156.13860537901712 6.176812959656231
15 150 0 0 0 9.488638824638958 -720.1918242994968 -141.94310050142388 -1167.3317519314346 -130.94847377024246 -118.34437402329733 -13.90352463121658 -0.5421797056582536 156.1386167054084 6.176519483773015
8 80 0 0 0 9.501103377018769 -720.2013680600018 -141.9133559638124 -1167.3312129768217 -130.92615002692352 -118.31553870459864 -13.885817799242746 -0.5403036680974124 156.136282990437 6.190702941715402
16 160 0 0 0 9.489339078170037 -720.1980920942422 -141.94907933423113 -1167.3308707200574 -130.93708753585216 -118.34105820692952 -13.905031111562788 -0.5425029352290192 156.1406545592705 6.1740752347678995
17 170 0 0 0 9.486243308408387 -720.2051735313156 -141.94376324769436 -1167.3291110371304 -130.9325401913414 -118.34883729867784 -13.901611230952264 -0.5407096420773572 156.1460136416919 6.178127295276504
9 90 0 0 0 9.49351449125261 -720.198274570585 -141.91635878213262 -1167.3339765568542 -130.93041830337629 -118.31700575765157 -13.885561388731142 -0.5397301545880554 156.13782751330297 6.19395574196026
18 180 0 0 0 9.4934898147909 -720.2023813539843 -141.93782941668104 -1167.3231277898901 -130.9374496562767 -118.34854647098335 -13.901477004047523 -0.5399882292649977 156.1552353955844 6.17602696975513
19 190 0 0 0 9.491324640598878 -720.1968042116453 -141.9426001124602 -1167.3249571498495 -130.94183053708375 -118.34639075385064 -13.904614367207976 -0.540115044906751 156.1570410258232 6.1763114047919325
10 100 0 0 0 9.492695861962574 -720.1983318050038 -141.91646753723796 -1167.334829728474 -130.92880571136658 -118.31863050907172 -13.886358058224126 -0.539948816977128 156.14335694478675 6.190390851234597
20 200 0 0 0 9.491347890898894 -720.2030518783919 -141.942681943866 -1167.3221411603645 -130.93735510497237 -118.34957060630192 -13.902079495741924 -0.5408088813202993 156.15676916320047 6.183418527060034
11 110 0 0 0 9.497210177470475 -720.1927936561063 -141.91868011545048 -1167.3352084804749 -130.92557672172458 -118.31331629317899 -13.885322556392612 -0.5395359878370938 156.14128256293662 6.196900740096851
21 210 0 0 0 9.491618469603596 -720.2000629414084 -141.93540254196273 -1167.3217966259385 -130.93857305928145 -118.34804510344611 -13.901289729261046 -0.540557808109624 156.15397567591728 6.18255098625801
22 220 0 0 0 9.494717150971027 -720.2033993015073 -141.93760943925892 -1167.3219042443723 -130.94130218995673 -118.344944358694 -13.901442141182606 -0.5412871283433437 156.15515802902718 6.17794691402983
12 120 0 0 0 9.49456959560124 -720.1941716380466 -141.91498483130215 -1167.332475809171 -130.9280217408669 -118.3095483423894 -13.885806585943664 -0.5403313274577795 156.14167519262523 6.193269300798097
23 230 0 0 0 9.493591305217494 -720.2043124866728 -141.9432800932109 -1167.3218967454857 -130.93990829624965 -118.3465894319586 -13.897639941318578 -0.5416654621322058 156.1526781046944 6.177744033100145
24 240 0 0 0 9.490498679491786 -720.2075440128539 -141.94459079396978 -1167.31701485181 -130.94277150612007 -118.34957002221009 -13.90060109738455 -0.5400383027530328 156.15509073966953 6.174224752853207
13 130 0 0 0 9.496127729647068 -720.1902588211626 -141.91790171291913 -1167.3373433304332 -130.92517283424132 -118.30795052747821 -13.882772065712032 -0.5394746122596943 156.14684348482635 6.195040871262194
25 250 0 0 0 9.490885239595563 -720.2072964533022 -141.94516188104708 -1167.308815964699 -130.94238952225908 -118.3465509136528 -13.89714695295054 -0.5403451797037987 156.15268727776322 6.177511569173165
26 260 0 0 0 9.490023535761628 -720.2040524683053 -141.94432426214115 -1167.307153044602 -130.93978088247974 -118.34439721391081 -13.89810396869407 -0.5401110041708591 156.15647247915092 6.182121930923588
14 140 0 0 0 9.499176680033061 -720.1921506818248 -141.91800884070366 -1167.3386204766998 -130.92595569216093 -118.3061175921286 -13.875847693226216 -0.5412198226702591 156.14507049431452 6.204618091329154
27 270 0 0 0 9.495749866335002 -720.2019302977245 -141.94293926463888 -1167.3087246400285 -130.94417249582312 -118.34089197058049 -13.898916916183014 -0.5396806125881486 156.15728683020222 6.183822174854174
28 280 0 0 0 9.496221928206444 -720.19929933972 -141.94479549418452 -1167.3073254881988 -130.942425909109 -118.34440359628132 -13.899860708801539 -0.540592073173144 156.15847997026898 6.182252923404874
15 150 0 0 0 9.505738324157146 -720.1884784446686 -141.91771958531837 -1167.3344047039866 -130.92420097786663 -118.30805238703779 -13.878453258460402 -0.5394098667647191 156.1409466807894 6.205170871029781
29 290 0 0 0 9.495470659312282 -720.200400316917 -141.94222561756678 -1167.3067884930338 -130.943498231893 -118.34545258675838 -13.899647243254416 -0.540513742861169 156.15589266452832 6.181628233795902
30 300 0 0 0 9.496270553207799 -720.1962109012244 -141.94696379762067 -1167.302383461549 -130.94459845332813 -118.34373927986643 -13.899826184398869 -0.5411386160531444 156.157246507686 6.180389122387932
16 160 0 0 0 9.506548478273741 -720.1860622557946 -141.91778739941756 -1167.328228311237 -130.92267726555286 -118.30700222790774 -13.875227502142272 -0.5398368087525078 156.13712227274135 6.2068242769547375
31 310 0 0 0 9.49843088351291 -720.1941596464267 -141.95194418176433 -1167.2984424240847 -130.95011450423846 -118.34425213102435 -13.902914574323914 -0.5411031077052249 156.16077125869046 6.176904519015696
32 320 0 0 0 9.496761552905626 -720.1933904957018 -141.95575306282635 -1167.2962877203213 -130.9524938023725 -118.34248676434439 -13.903192087197814 -0.5408029645354698 156.1598185208443 6.18050964587835
17 170 0 0 0 9.508947365609092 -720.1840189507948 -141.92012770156708 -1167.3259703108663 -130.91958161317962 -118.31132880826003 -13.87557471873749 -0.5416751520478298 156.13525452932353 6.207235231523446
33 330 0 0 0 9.498512805462909 -720.1922261787084 -141.9576441406404 -1167.2935869841156 -130.9558535501792 -118.33922011349685 -13.901936266420584 -0.5410017079424273 156.16266074729418 6.180897495162287
34 340 0 0 0 9.498848078303068 -720.1938846154318 -141.9621759707847 -1167.2916691193495 -130.95603617058558 -118.33893575459798 -13.90710969205212 -0.5410065129406584 156.16039497400908 6.182573215216817
18 180 0 0 0 9.50972936507547 -720.1841650095575 -141.91488298187411 -1167.3239163475898 -130.92034172262848 -118.307368223841 -13.87668598246752 -0.5414702198068658 156.13567749441788 6.2034673288641775
35 350 0 0 0 9.498919368659672 -720.1938813353222 -141.96095522572438 -1167.296342869081 -130.95745113682332 -118.33874063843396 -13.907779043346329 -0.5401980055294501 156.15886429485548 6.181987907189943
36 360 0 0 0 9.49877085792478 -720.1952801386126 -141.96398888741783 -1167.292371001281 -130.95719620151604 -118.33797697034146 -13.907636233889146 -0.539977221483541 156.15639995820194 6.188352496937135
19 190 0 0 0 9.506872819854177 -720.1858529935778 -141.91962597001688 -1167.3289022918107 -130.92102699027348 -118.3070799037515 -13.876281189567255 -0.5401974970701594 156.13738391232857 6.196886651176092
37 370 0 0 0 9.499157582659542 -720.1979125152862 -141.96000709740184 -1167.294803329252 -130.95514682335718 -118.33777827131469 -13.910616986658196 -0.5400494941082211 156.1528462279622 6.187678229914981
38 380 0 0 0 9.502789271544593 -720.1940451719781 -141.9649554759714 -1167.2945313240684 -130.95938499632373 -118.3314649063259 -13.909263763041878 -0.5401305734583891 156.1475530749916 6.187293390525689
20 200 0 0 0 9.506952891949553 -720.184651923093 -141.92062565567787 -1167.330774537479 -130.9160531253859 -118.30569638898686 -13.877665630435859 -0.5417343396248375 156.1358741773834 6.193230608795402
39 390 0 0 0 9.502568225168112 -720.1974318176772 -141.9654116709473 -1167.2930457500122 -130.95799225723025 -118.32747002627019 -13.906475410722086 -0.5404036039197704 156.14700973852632 6.188719937890307
40 400 0 0 0 9.498978969625341 -720.1973243258082 -141.96479720229644 -1167.2964838300422 -130.95630341399763 -118.3297505402475 -13.905118606661285 -0.5402035560811349 156.14797528768239 6.188033268461669
21 210 0 0 0 9.504943180628416 -720.18592583094 -141.91874453667316 -1167.3335382412622 -130.9153811217942 -118.31212084289406 -13.880592832418065 -0.5394449292141935 156.14064106491256 6.193876797114866
41 410 0 0 0 9.498060157123689 -720.198315604284 -141.964567318981 -1167.300370478137 -130.95292573656837 -118.33288044151298 -13.905802236886364 -0.5402393631017687 156.14655483510407 6.190525723235802
42 420 0 0 0 9.501799928255851 -720.1990577692563 -141.9626832661506 -1167.2968682891928 -130.95521407644273 -118.3314903260885 -13.907171481310037 -0.5399657218275923 156.1495504777565 6.193228294333238
22 220 0 0 0 9.510389176243683 -720.1837852991981 -141.9221585693999 -1167.339625209185 -130.91333152780467 -118.309947976993 -13.88257591376514 -0.5393504370629825 156.14583679122677 6.191148951913659
43 430 0 0 0 9.498934799483408 -720.1953250087209 -141.96671167849533 -1167.2942511008082 -130.95599580052638 -118.330128274923 -13.90787594339662 -0.540565032321205 156.1508426805038 6.192178600534515
44 440 0 0 0 9.501142257303195 -720.195838706524 -141.96799080150174 -1167.2945223665206 -130.95819808385846 -118.32923710221708 -13.908661628217306 -0.5397823272536953 156.1512143487999 6.191041382096311
23 230 0 0 0 9.513941336184077 -720.1889055809977 -141.92610908986737 -1167.341966160512 -130.91328692900137 -118.31361915505767 -13.887753409726539 -0.5405832122020406 156.15097058937232 6.186918785163264
45 450 0 0 0 9.49950028920593 -720.1949544483467 -141.96835149514519 -1167.2935336520009 -130.95811994497265 -118.33016176827084 -13.908342825980366 -0.5400019137241665 156.15265655402456 6.187835536741162
46 460 0 0 0 9.500023590809143 -720.1954344848588 -141.9651213804111 -1167.296372559489 -130.95640820228215 -118.3341896129562 -13.90650526852117 -0.5398704188770848 156.15389364515582 6.186303200534186
24 240 0 0 0 9.519973204828888 -720.1883317673501 -141.92520902951753 -1167.3475808015598 -130.9121556472279 -118.31993558697872 -13.88352291718666 -0.5389319867895616 156.14933135358706 6.186881657669322
47 470 0 0 0 9.500454117028829 -720.1960392315414 -141.96412713451224 -1167.2989519949604 -130.9570409802687 -118.3344710026737 -13.9061696543728 -0.53986576646581 156.1552155006035 6.185479248840835
25 250 0 0 0 9.522656627050257 -720.1828724756348 -141.9242436040843 -1167.3375566037255 -130.91200479964493 -118.31685789238205 -13.882154079380873 -0.5406866122275605 156.14592413696965 6.185319359940731
48 480 0 0 0 9.500091368611574 -720.1967919894009 -141.9655436061906 -1167.299560381914 -130.95481103205452 -118.33269079005457 -13.90552827020844 -0.5401444911264196 156.1541361643817 6.1859652048027725
49 490 0 0 0 9.499967311846946 -720.1959415918453 -141.96552104088522 -1167.3005537184556 -130.95594786019743 -118.3333975406045 -13.904805803110795 -0.5400434823855939 156.15365061026043 6.1879357421018
26 260 0 0 0 9.517150657118401 -720.1912887105842 -141.9208371105526 -1167.3355289143265 -130.91610792936348 -118.32372382794668 -13.874360453259884 -0.5401706071857677 156.14409412075298 6.184930648422322
50 500 0 0 0 9.500791896608177 -720.1953310968879 -141.9648695557059 -1167.2999382682704 -130.95654545717463 -118.33360833394246 -13.90338499112943 -0.5402133302231515 156.15705637536266 6.18476150816276
51 510 0 0 0 9.500669594680705 -720.1956191776804 -141.96668567667155 -1167.2978301588162 -130.95644584473834 -118.33159592141091 -13.903824524738537 -0.5400651073412845 156.15702853358007 6.186715720120116
27 270 0 0 0 9.513766655752868 -720.1837561485127 -141.91802517799684 -1167.3390078212797 -130.9176058179609 -118.3268994631934 -13.870616728837353 -0.54024252853477 156.14337802672708 6.186393834543315
52 520 0 0 0 9.500787791143777 -720.1943542983289 -141.96622564439068 -1167.2991432785868 -130.95825367818887 -118.33188282773396 -13.903723157438636 -0.5398291217483153 156.1589465403216 6.18748367851041
53 530 0 0 0 9.501169846318113 -720.1904868666886 -141.96695988328244 -1167.2985926134218 -130.96095060342483 -118.33222421213327 -13.903553118525867 -0.5395912108029212 156.15954852834525 6.189631433549144
28 280 0 0 0 9.512138478799296 -720.1851938659345 -141.91600432202878 -1167.3397118233434 -130.92007006117746 -118.32841065996547 -13.868446883739235 -0.5396542434890853 156.1469969478924 6.1877094117275595
54 540 0 0 0 9.501719985530421 -720.1894259810318 -141.9688095365852 -1167.2966960521105 -130.962998160617 -118.32941118308848 -13.904753969589693 -0.539877656269256 156.16095680209858 6.189173525304696
55 550 0 0 0 9.500984006074805 -720.1899026117546 -141.97170359211628 -1167.29463736433 -130.96445048752136 -118.3305574010108 -13.903450406422444 -0.5398569893609796 156.15949795161075 6.190042665630934
29 290 0 0 0 9.507961826814146 -720.1853981534979 -141.91317176337736 -1167.3430732853597 -130.91914921342493 -118.3317766194444 -13.86530163762028 -0.5400547037221497 156.14326691918552 6.191548959198277
56 560 0 0 0 9.49868699150416 -720.1928731570309 -141.97190521326482 -1167.295088437585 -130.96094517886522 -118.33392990343273 -13.903087690605053 -0.5398878911910884 156.16280494769336 6.189696882802643
57 570 0 0 0 9.498577172638187 -720.1929687209334 -141.9684314077412 -1167.29803400785 -130.95825251271125 -118.33609370140209 -13.903064038482134 -0.5399870562650838 156.1611316298245 6.1868584264680955
30 300 0 0 0 9.500634639654766 -720.1903687741064 -141.90700468981083 -1167.3384742942037 -130.92097244757107 -118.33192508056848 -13.859833088576325 -0.5403461618946533 156.13531899305235 6.185597744554073
58 580 0 0 0 9.498111915067128 -720.1934694545628 -141.96901495462805 -1167.2979708370806 -130.95762108904302 -118.33772668803388 -13.90278805142102 -0.540157369326642 156.16009473465414 6.186289559048074
59 590 0 0 0 9.498808627332686 -720.1941516309197 -141.96741606641598 -1167.2995415581984 -130.95588770720192 -118.33711481068588 -13.904582436446574 -0.5398698242331724 156.15834564437822 6.187070891547113
31 310 0 0 0 9.499495579745869 -720.1930916950529 -141.911821777961 -1167.3405962787251 -130.92187025158304 -118.32673796913504 -13.86327606740299 -0.5400768277298525 156.13207563552047 6.188280403398144
60 600 0 0 0 9.49947682078093 -720.1922991284216 -141.96866326641384 -1167.2993939004564 -130.95787551808047 -118.33685296313482 -13.905111718539116 -0.539946466627935 156.15923865731762 6.187553425112027
61 610 0 0 0 9.498560572227472 -720.1933146117042 -141.96715154436833 -1167.2985552274595 -130.95653588456176 -118.33664362003756 -13.905673475512417 -0.5397495526134682 156.15781633955265 6.188658527137578
32 320 0 0 0 9.499494555556485 -720.1893990691402 -141.913081373362 -1167.345834483337 -130.92162704951653 -118.32473760053217 -13.860723198417725 -0.5397163823824016 156.1299152875 6.188015365294757
62 620 0 0 0 9.498211561993035 -720.1937206501408 -141.96681467002483 -1167.2978687627383 -130.9559128987328 -118.33836141303934 -13.906130995950138 -0.5399365533042686 156.157076746824 6.1893613771546665
63 630 0 0 0 9.49912939680389 -720.1936868635406 -141.9652203359822 -1167.2973561393233 -130.95648383369618 -118.33921857108852 -13.906071901781452 -0.5400786479489367 156.15636630801427 6.191161697397391
33 330 0 0 0 9.496213431986336 -720.1952168155651 -141.91863089771533 -1167.3480588013847 -130.92024609490997 -118.32851763678839 -13.868617480118747 -0.5400344801710434 156.1338712354749 6.180867720639852
64 640 0 0 0 9.499379761216469 -720.1933921341175 -141.9619819837718 -1167.2991298798154 -130.9537582003631 -118.33894225604601 -13.90584961954134 -0.5402593909652705 156.1569047734998 6.190091372252317
65 650 0 0 0 9.499175147370357 -720.1949587019296 -141.95822201214273 -1167.2980808813359 -130.95261268195992 -118.33816490149503 -13.907229676349155 -0.5403071584357926 156.15404668677144 6.190464385915368
34 340 0 0 0 9.501053256300786 -720.2041167315779 -141.92074526787283 -1167.355287078876 -130.91927982310068 -118.32332189512744 -13.876880074059953 -0.5403119770071025 156.1381648604273 6.177309361276349
66 660 0 0 0 9.501241424946901 -720.1942196419208 -141.9547324650363 -1167.2986593344208 -130.95201883709046 -118.33745269691424 -13.909790033070369 -0.5400558667227956 156.15277235082334 6.191693065107879
35 350 0 0 0 9.500291410009734 -720.2092307860393 -141.92390549453296 -1167.3573063224324 -130.91972000515094 -118.31958252117234 -13.878982785946649 -0.5396967146709875 156.139260418601 6.173229659049584
67 670 0 0 0 9.501231255307303 -720.1967549852399 -141.95530405380006 -1167.299223838688 -130.9514356169265 -118.33838972438367 -13.90952642791886 -0.540050331789315 156.15398714189215 6.190944779554253
68 680 0 0 0 9.500220789341924 -720.1964226651212 -141.95757152183236 -1167.3023770102384 -130.95228291229418 -118.34109541301463 -13.909053179220118 -0.5397669259498793 156.1581526617509 6.189171424843364
36 360 0 0 0 9.502274596064899 -720.2113415889211 -141.92728100851397 -1167.3618176266164 -130.92551072915379 -118.32496290690409 -13.880029043409202 -0.5404518797638685 156.14253528303703 6.1680879687397345
69 690 0 0 0 9.500416799136161 -720.1967308744595 -141.9561867752572 -1167.3047052385891 -130.95255498091242 -118.3431667165358 -13.910281364718138 -0.5396229389013669 156.15815589599308 6.190061990974676
70 700 0 0 0 9.500449703512952 -720.1996685213471 -141.95533441931514 -1167.3031354864045 -130.95237083500012 -118.34309918516036 -13.909591519391386 -0.5399568599687566 156.15698931691023 6.190123113267475
37 370 0 0 0 9.50270208655166 -720.2037057029692 -141.92128775823184 -1167.3597761159365 -130.92323275021366 -118.32368625812096 -13.875032308480934 -0.5397740447711735 156.14482542974773 6.170567900041413
71 710 0 0 0 9.501432974100917 -720.1995743955098 -141.95508197076413 -1167.3017311240533 -130.95221673783288 -118.34389915795063 -13.911971854371664 -0.5398823078199998 156.15556922197888 6.191336651435262
72 720 0 0 0 9.500429376263398 -720.1981789062742 -141.9554683959559 -1167.3017278298937 -130.95179581451947 -118.34285534083256 -13.909956523557106 -0.5397936415437141 156.153816900769 6.192623366465119
38 380 0 0 0 9.498032112832512 -720.2005921159897 -141.92649367245056 -1167.365512437034 -130.92638129744512 -118.31924772935395 -13.877824499967753 -0.5410028923703193 156.1458559393491 6.175230133175052
73 730 0 0 0 9.49990597667203 -720.1983416927092 -141.960024446344 -1167.2986372499074 -130.9542091954164 -118.34078356095564 -13.908807722362322 -0.5397604432424474 156.15458681663344 6.194466639557704
74 740 0 0 0 9.501305179948512 -720.1960639359687 -141.95794135677255 -1167.2990037300003 -130.9543175114638 -118.34176003268824 -13.911516953688055 -0.5399225317551902 156.1535594717503 6.193793856461706
39 390 0 0 0 9.50046155099446 -720.2017591870909 -141.92567594739353 -1167.3657908715118 -130.92742509503407 -118.32395057795613 -13.875193763538574 -0.5399908903703365 156.14910165970628 6.178150236428839
75 750 0 0 0 9.50159032154074 -720.1987588600543 -141.95904270515624 -1167.2972595036351 -130.95526553257017 -118.34017591047404 -13.911825838763162 -0.5399187826234069 156.1518569385166 6.194480988540244
76 760 0 0 0 9.50060070578371 -720.196329233002 -141.96063688756513 -1167.2981474805338 -130.95439097200764 -118.33984728820472 -13.911521314902188 -0.5398289291619394 156.153066913649 6.193206417734182
40 400 0 0 0 9.499158587423922 -720.2033557913843 -141.93170974373712 -1167.3651873376953 -130.92883994624907 -118.327090990961 -13.880500146362518 -0.5393785899773476 156.15284289374168 6.177979040477906
77 770 0 0 0 9.500295244018481 -720.1959103166882 -141.96060865667658 -1167.2983570762212 -130.9554951590072 -118.33851676582283 -13.910664643897416 -0.5397270392886846 156.15329992958385 6.192595270010184
78 780 0 0 0 9.500392055877036 -720.1955078050163 -141.96267854227966 -1167.2973254889935 -130.95616606256658 -118.34018873600175 -13.911106956509439 -0.5396058343576763 156.15404915620235 6.194280370972139
41 410 0 0 0 9.500053094591367 -720.2012517405282 -141.9352860117266 -1167.366353711268 -130.9235443932811 -118.31893199511394 -13.885498073280985 -0.5393867680030331 156.15801224728992 6.179631042648163
79 790 0 0 0 9.500306717569572 -720.1947665269244 -141.9618834001794 -1167.2979671977332 -130.95553447252556 -118.3402789158776 -13.910268054552562 -0.5397221642007718 156.15421058409638 6.193283963018455
80 800 0 0 0 9.501013727916144 -720.1949528363572 -141.9617855348508 -1167.2976294750733 -130.95581847607508 -118.34031747932825 -13.909985624647499 -0.5397023118070561 156.15393231699042 6.19425829343668
42 420 0 0 0 9.50772867125806 -720.19932026276 -141.93281104050067 -1167.3616042984247 -130.92348337659394 -118.32382257475824 -13.882202017690558 -0.539515629994561 156.1580757107163 6.180263004458012
81 810 0 0 0 9.5011099224947 -720.1945376984582 -141.96198064687937 -1167.2975673853477 -130.95639499320623 -118.34026073542552 -13.909517646205336 -0.5397023590957151 156.15462857411586 6.193685097629749
82 820 0 0 0 9.501944917787927 -720.1933141409204 -141.96085516451834 -1167.2973338904485 -130.95724760425628 -118.3389587630256 -13.909206613243882 -0.5397070178441996 156.15447403900313 6.193522883903673
43 430 0 0 0 9.503524202305018 -720.2003355731648 -141.93494194007013 -1167.3624952126222 -130.92184369493432 -118.32359797535416 -13.887982374604793 -0.5398527489311999 156.1617353725244 6.1821104608610735
83 830 0 0 0 9.501580631997413 -720.1940824557782 -141.96095481076011 -1167.2965076636694 -130.9579086538042 -118.33845864960765 -13.909531974627306 -0.5396658348336466 156.1534857695051 6.194124326728426
44 440 0 0 0 9.50689164840137 -720.1983480991712 -141.94431813330843 -1167.3641341921123 -130.91919411585064 -118.32302434252215 -13.897323739762475 -0.539828579209973 156.16354865442352 6.185911524014441
84 840 0 0 0 9.50197292531262 -720.1937972170128 -141.9610639814283 -1167.2965528280095 -130.95842410084458 -118.33682957838555 -13.909241402513656 -0.539668893855035 156.15143832375276 6.19448842098048
85 850 0 0 0 9.502107570014227 -720.1933452752045 -141.9596603020761 -1167.2970673190785 -130.957682144635 -118.33807904589717 -13.908859313234094 -0.5396462184733358 156.15271923390583 6.1939547522437
45 450 0 0 0 9.507268008445354 -720.194737335659 -141.94064921148566 -1167.3545126273834 -130.9157538246827 -118.3272698278748 -13.89396251929843 -0.5392128879873991 156.15591800385093 6.192953910026201
86 860 0 0 0 9.502179442148208 -720.1947039784637 -141.95879384464655 -1167.2954008925437 -130.95697677502747 -118.33735669415384 -13.90918425819548 -0.5398332251664166 156.15216799282268 6.193128863744626
87 870 0 0 0 9.501738531438567 -720.1957266135147 -141.95990232448398 -1167.2956227121351 -130.957265659185 -118.33769080105768 -13.908044035826299 -0.539759434369735 156.15348838103506 6.192329953020825
46 460 0 0 0 9.500711389281811 -720.1986245754259 -141.94317621768514 -1167.352652849356 -130.9129706741998 -118.32448511619972 -13.895543075055436 -0.5396840459616872 156.15726618170083 6.195061312686275
88 880 0 0 0 9.501618205473644 -720.1946196346712 -141.96060183654225 -1167.2949394680695 -130.9580243886788 -118.3378592607557 -13.909144024725762 -0.5397805946355181 156.15392631118726 6.193194752730274
89 890 0 0 0 9.50206187102322 -720.1950993381621 -141.96017569348993 -1167.2940516287956 -130.95698251867705 -118.33746042907639 -13.910324560665925 -0.5398656044296748 156.15292381285536 6.193542174393692
47 470 0 0 0 9.500027014565841 -720.1992777824076 -141.95159402037072 -1167.356015425359 -130.91620832749302 -118.32374333707892 -13.895519585564871 -0.5408546594884251 156.1640057187388 6.195079629482776
90 900 0 0 0 9.501936175898585 -720.1960694336781 -141.9602821596906 -1167.2938817624652 -130.95802038019403 -118.33605222903317 -13.910015815334349 -0.5399350447503791 156.15147684557616 6.1935367760268925
91 910 0 0 0 9.501262657089589 -720.1960761892506 -141.95981785357034 -1167.2948692506693 -130.95784653387582 -118.3359514743795 -13.909977304271523 -0.5399036284520906 156.1521451901221 6.193179662991268
48 480 0 0 0 9.504771595794121 -720.1946950157972 -141.95308606684276 -1167.3574923277506 -130.91332646895466 -118.31535066841836 -13.901792560500573 -0.541026014322411 156.17520744950752 6.191310356552195
92 920 0 0 0 9.500974435722185 -720.1954865600121 -141.9602653267725 -1167.2961609588838 -130.95763308356982 -118.33626410936016 -13.908557603302095 -0.5398285118580172 156.15206994325234 6.193244252377016
93 930 0 0 0 9.5016725479775 -720.1955054896333 -141.96113521159327 -1167.2951720560545 -130.95814442972352 -118.33603368930808 -13.909139738941498 -0.5398521356017824 156.1516031983235 6.193855964237688
49 490 0 0 0 9.496163800413521 -720.1986593491715 -141.95165083253505 -1167.3708731619975 -130.91792184550596 -118.31674732253799 -13.901897281825883 -0.5397494475755673 156.17245510838015 6.183298443659534
94 940 0 0 0 9.501851279775098 -720.1958597718135 -141.9623160768532 -1167.295057813432 -130.9589994473737 -118.33617659040851 -13.909865523209906 -0.5397784322671442 156.15206015386931 6.194608458764099
95 950 0 0 0 9.50172447489635 -720.1960807391357 -141.96223142636532 -1167.2954185863305 -130.95909326874983 -118.33549660821237 -13.910233678551691 -0.5397514066035087 156.15160252666823 6.194266203514779
50 500 0 0 0 9.48966216798254 -720.1991704502176 -141.95018211057877 -1167.3623835250064 -130.91189278599106 -118.3144156998886 -13.90686180089444 -0.5393873135796139 156.16103501770505 6.185867287502311
96 960 0 0 0 9.502039988293722 -720.1959789523031 -141.9627030277989 -1167.2951071719494 -130.95940249970127 -118.33598761773645 -13.910811672019483 -0.5397174518421193 156.15175720578935 6.194417699535154
97 970 0 0 0 9.502145266103856 -720.1972817360465 -141.96205588303846 -1167.2942900114267 -130.95803800229515 -118.33586601676323 -13.911542927568803 -0.5397630827041742 156.15098523626287 6.195007731335174
51 510 0 0 0 9.486056548274531 -720.204050093416 -141.94533252128988 -1167.364434465604 -130.9074987681247 -118.30550326127467 -13.900305291130225 -0.5394725671226581 156.15947336923796 6.187769883087052
98 980 0 0 0 9.502639837902889 -720.1965274377454 -141.96355008755953 -1167.2938781493087 -130.95935899520794 -118.3360618847151 -13.911725508181277 -0.5397340035861827 156.15188128600457 6.194172200272911
99 990 0 0 0 9.502857134879495 -720.1953434172992 -141.96303677706226 -1167.2953994515044 -130.96014342690083 -118.33620341299485 -13.910807922591731 -0.5397818135297014 156.15249143431782 6.193154354666908
52 520 0 0 0 9.474359570288614 -720.2084479358582 -141.94306371468883 -1167.3711181624826 -130.91304535914708 -118.30393770827483 -13.89625342447662 -0.5395884077484759 156.15175595659642 6.18682812100401
100 1000 0 0 0 9.502399429027296 -720.1946452479898 -141.9631891983023 -1167.296650642537 -130.9602059862048 -118.33607784113121 -13.910320587634514 -0.5397355919803318 156.15248749322623 6.19322757465637
101 1010 0 0 0 9.502622798944087 -720.1944236083884 -141.96426848013564 -1167.2966874718888 -130.95961873259452 -118.33730352245135 -13.911058095188295 -0.5397060910123453 156.15326988549032 6.192868727062703
53 530 0 0 0 9.47302322056766 -720.2097950914138 -141.9502010746365 -1167.371624500174 -130.91403188291918 -118.3034391138974 -13.90524975118268 -0.539473020179199 156.1539425906328 6.18986750602385
102 1020 0 0 0 9.502186319968391 -720.194052009549 -141.9644732948268 -1167.2965120958768 -130.95991454256537 -118.33666317679752 -13.911527707045389 -0.539586960777898 156.1530886992064 6.1929608842278565
103 1030 0 0 0 9.501914198401124 -720.1938740420601 -141.96466818206986 -1167.2981333037794 -130.96001689528245 -118.33698331656251 -13.91071828281784 -0.5395612877715367 156.15320950307 6.1927771167477
54 540 0 0 0 9.466341803905308 -720.2068829212124 -141.9455800339993 -1167.3680055717239 -130.9158714882222 -118.3001847896317 -13.900167649499995 -0.539531537984727 156.1541398384372 6.200003093389768
104 1040 0 0 0 9.501531504135409 -720.193914176962 -141.96318456560766 -1167.2999725249751 -130.959372791342 -118.33764067931028 -13.91054109533077 -0.5395289299350581 156.15354769900296 6.193168943064531
105 1050 0 0 0 9.501684679008196 -720.1928315115549 -141.96404509680906 -1167.3003654675988 -130.96029087838542 -118.33752912140429 -13.909825014378795 -0.5394917491522242 156.15426842824283 6.192723745428304
55 550 0 0 0 9.459150795397164 -720.1991610825356 -141.94241773706304 -1167.3708586960863 -130.91086632645636 -118.29518768705573 -13.888596115410486 -0.5396755422357937 156.1504726869321 6.205247889437627
106 1060 0 0 0 9.50094603171867 -720.1933610266384 -141.96331685222364 -1167.3006373940507 -130.95884605480336 -118.3383186670265 -13.909003194540839 -0.5394579889764057 156.15443275532192 6.193294331109611
56 560 0 0 0 9.466911825952428 -720.194681995016 -141.9350483478676 -1167.3557422700221 -130.9058970508595 -118.28818395057647 -13.890547106333734 -0.5397140085437467 156.15316860311785 6.213708849488958
107 1070 0 0 0 9.500925502508341 -720.194286829319 -141.96224559878294 -1167.3001866283646 -130.95726400672538 -118.33838890509749 -13.910150611678164 -0.5395160043602363 156.15320034013578 6.1936553309506195
108 1080 0 0 0 9.500633513066482 -720.19390969295 -141.96137461138983 -1167.302141411274 -130.95685930317816 -118.33864814295008 -13.909201492792658 -0.5395199615470813 156.15258853940736 6.19437196027638
57 570 0 0 0 9.476981933898037 -720.2010961236668 -141.94829853649168 -1167.3597320113506 -130.90238588669206 -118.28731701971373 -13.902805589647755 -0.5392335551863771 156.16134976556359 6.208690924029317
109 1090 0 0 0 9.501666321360503 -720.1957888195101 -141.96086106026746 -1167.3010661410049 -130.95667802417944 -118.33924473040483 -13.909316650784715 -0.5395399321967402 156.15310248672964 6.1940412053562826
110 1100 0 0 0 9.50178200644295 -720.1958723861327 -141.95999229511128 -1167.3027821100538 -130.9565338751138 -118.34003821669039 -13.909274319446912 -0.5395358360679582 156.15389921206193 6.1930002431750415
58 580 0 0 0 9.488120335414317 -720.2004169830948 -141.94917942024318 -1167.3616675916016 -130.911309402553 -118.29060448030107 -13.897389088321969 -0.5395648924501444 156.16253815879367 6.206094144600359
111 1110 0 0 0 9.502138137912736 -720.1968096140024 -141.96022599994373 -1167.3026896650954 -130.95538903377593 -118.34181730181336 -13.910213811846114 -0.5394636561034258 156.15567044035393 6.192243666599436
112 1120 0 0 0 9.501884965116398 -720.1960733351614 -141.96085247758074 -1167.3033719776697 -130.9555631673176 -118.34294968405761 -13.910286111296955 -0.5393510406727625 156.15628505649948 6.192921089754683
59 590 0 0 0 9.499709170002436 -720.2083336735413 -141.95720895751495 -1167.365200903036 -130.9133774483507 -118.2963253678207 -13.903288516132074 -0.5396959431290568 156.1652814933715 6.201757018892976
113 1130 0 0 0 9.501684764356114 -720.1970830751718 -141.95956732196998 -1167.3025939236109 -130.95403856253614 -118.34392637946613 -13.911364618258585 -0.5393332721266404 156.15623508264264 6.192842124946903
114 1140 0 0 0 9.501789660719485 -720.1958450164941 -141.95840499014568 -1167.303015265147 -130.9538643221052 -118.3444759725068 -13.910436449286212 -0.5393193572943874 156.15559393016605 6.194330867489609
60 600 0 0 0 9.501198648094245 -720.2093408948781 -141.96256066469527 -1167.369430722543 -130.9184078437916 -118.29701576708254 -13.909243154806939 -0.5393607715375254 156.1654720641454 6.199733983364754
115 1150 0 0 0 9.50210208526926 -720.1959177381306 -141.95888788761363 -1167.3015195020375 -130.95442219009263 -118.34293772320483 -13.910761582932782 -0.5394429347701609 156.15603399674666 6.19498627569999
116 1160 0 0 0 9.502645402313775 -720.1960005187286 -141.95948469937994 -1167.3014791823764 -130.95465439115083 -118.34309871016673 -13.911573072813804 -0.5394639872048412 156.15673817126154 6.195056406486425
61 610 0 0 0 9.504473235083132 -720.2180911507139 -141.98267913911585 -1167.3822607596496 -130.9288719194004 -118.29534310026008 -13.910728623931877 -0.5397692534815388 156.17223943786067 6.191200391616217
117 1170 0 0 0 9.503207058245568 -720.196189948402 -141.95853450650338 -1167.302248600646 -130.95440575121214 -118.34369532668968 -13.910548981595813 -0.5396139550842168 156.1575079341021 6.194343118610703
118 1180 0 0 0 9.503475245395707 -720.1949715753609 -141.95964565081968 -1167.302430750439 -130.95554488688649 -118.34207632312389 -13.910091602843305 -0.5395009712435129 156.1572008190359 6.1947618942585425
62 620 0 0 0 9.496933545987169 -720.226884214214 -141.98915150931967 -1167.3921752938604 -130.9409431409131 -118.29647585471186 -13.921289597083234 -0.5395487575478808 156.1765245355257 6.1821037515956245
119 1190 0 0 0 9.50383165879767 -720.1940011345743 -141.96127224338537 -1167.3024095843712 -130.95799885308944 -118.3397362170457 -13.908907142548866 -0.5395092949106673 156.15598633666863 6.195669872588973
120 1200 0 0 0 9.503709204127912 -720.1943104027941 -141.9589432126687 -1167.3050820211402 -130.9555834582411 -118.34264499013169 -13.908517994820977 -0.5394236622328636 156.15754837864202 6.19515620702394
63 630 0 0 0 9.500047623467287 -720.2292972528957 -142.00788492651108 -1167.415506686549 -130.94503381001078 -118.3001813185708 -13.941545221455696 -0.5394553370877331 156.19573785232168 6.162770406060952
121 1210 0 0 0 9.504277213727402 -720.1932217399177 -141.95852744116587 -1167.3056394057376 -130.95562244161925 -118.34402090140279 -13.908515176836424 -0.5395199667131528 156.15997446720908 6.193893945544546
122 1220 0 0 0 9.504498434855837 -720.1924528969577 -141.9586362945117 -1167.3073775439284 -130.9561692391301 -118.34536766776753 -13.90861241310832 -0.5394221847825293 156.16050411670022 6.194573261935411
64 640 0 0 0 9.486267860355571 -720.2324573083873 -142.02042253862163 -1167.418509899112 -130.93886792218473 -118.29022968816392 -13.94577275548499 -0.5399958583015532 156.19494816870713 6.156028461997444
123 1230 0 0 0 9.50403852746807 -720.1900994829273 -141.9605673513022 -1167.3065534999423 -130.95807249423387 -118.34298459884693 -13.908425493678958 -0.5395302074607605 156.16034266929498 6.195411138603117
124 1240 0 0 0 9.503577032023948 -720.1886912939751 -141.96058099277235 -1167.3064546545293 -130.9588893260989 -118.34186367938412 -13.907948148530334 -0.539520288282986 156.15966626877844 6.195196538263352
65 650 0 0 0 9.50633447165976 -720.223499366237 -142.02370624829342 -1167.4151600118346 -130.94370731555213 -118.29660455772238 -13.944719173003127 -0.5390949959324169 156.20978462316612 6.162322627603005
125 1250 0 0 0 9.503222297905051 -720.1893983540068 -141.9600121627501 -1167.3042899637019 -130.9577179173082 -118.3424414249344 -13.910250577190013 -0.5396668001335858 156.15835182402245 6.196645993367702
126 1260 0 0 0 9.503059253203551 -720.1881825233539 -141.9605838661329 -1167.3046849066284 -130.95825895735152 -118.34282715040814 -13.908905865034145 -0.5396269200893036 156.15910362064852 6.197214943728423
66 660 0 0 0 9.509712059764333 -720.2233263838267 -142.02400921102068 -1167.4243517319328 -130.94249964976913 -118.27806909404205 -13.958835341689985 -0.5397395685444067 156.22108935639844 6.158673841808379
127 1270 0 0 0 9.504253074382826 -720.1880423804238 -141.9607840614427 -1167.3045045870622 -130.9577490756932 -118.34412541397907 -13.90884012259001 -0.5395894746775547 156.16009439583598 6.198126064410206
67 670 0 0 0 9.51607127307877 -720.2433621654894 -142.0226615849159 -1167.4401086652767 -130.94567906366632 -118.284960625031 -13.956431803049927 -0.5394407570105114 156.22119577715995 6.143440369164154
128 1280 0 0 0 9.504784939730365 -720.1877489193612 -141.9613823325747 -1167.3040798328327 -130.9585248180479 -118.34287656192163 -13.90920919582395 -0.5396358938853417 156.15935643857182 6.196955120941347
129 1290 0 0 0 9.506195490896252 -720.186627529566 -141.9641264031083 -1167.3021232606152 -130.9599779989387 -118.34294502446369 -13.90941015815964 -0.5395187487979248 156.16108484838017 6.197449157963745
68 680 0 0 0 9.529435638921198 -720.258370640751 -142.0295560230872 -1167.4513921193663 -130.9504017130391 -118.29303860957438 -13.96989745545203 -0.5399081888079518 156.22683478315935 6.123330391452605
130 1300 0 0 0 9.506059004617615 -720.1857263757641 -141.96367742894697 -1167.3022790699438 -130.96002002340114 -118.34218572333035 -13.909030383720356 -0.5394090027157346 156.16075451294603 6.197505055612571
131 1310 0 0 0 9.50611759713388 -720.1857463624278 -141.96577585240738 -1167.2992948018516 -130.96095005076165 -118.3408082981087 -13.909415036299727 -0.5394310762052174 156.15954004502353 6.197314335772833
69 690 0 0 0 9.516086577112738 -720.278136582687 -142.01971831400712 -1167.4555177246025 -130.9594092675859 -118.29712210626569 -13.973816678272486 -0.5407469498321062 156.2150178477001 6.1188372009223615
132 1320 0 0 0 9.505493232998116 -720.1862649300251 -141.96345749502947 -1167.3040632283396 -130.95812011504563 -118.34356047354301 -13.908653722375563 -0.5392859904222016 156.16165494281051 6.1968354485656185
133 1330 0 0 0 9.506322366804964 -720.1882367862924 -141.95927437863494 -1167.3026741773842 -130.95586188794493 -118.34271953584826 -13.910666220429937 -0.5394629887905128 156.16023177285717 6.197050213746868
70 700 0 0 0 9.521466718937543 -720.2963062092798 -142.01016638294553 -1167.4654187293252 -130.97639782437523 -118.30515038156604 -13.953297967556281 -0.5406806060322279 156.21211151756793 6.11015377766477
134 1340 0 0 0 9.504972935145092 -720.1894706663318 -141.95720123946444 -1167.303690242349 -130.95483127646756 -118.34124360893149 -13.91035592045777 -0.5395251144004685 156.15865403009818 6.197492727921822
135 1350 0 0 0 9.504323954110879 -720.1882060873983 -141.95698381603512 -1167.3051690161788 -130.95358931399568 -118.34282771462678 -13.91072129132572 -0.5394403081984256 156.1575005313971 6.1977267850124536
71 710 0 0 0 9.502163572211083 -720.3113713497079 -142.01816796564705 -1167.468738385935 -130.97586345898355 -118.30127524565025 -13.962148255858311 -0.5406201399247832 156.1967154668051 6.106363381422798
136 1360 0 0 0 9.505413161470182 -720.186873686953 -141.95829404967407 -1167.304574346661 -130.95579341624264 -118.34018753125875 -13.910376284377001 -0.5394643955921405 156.15669731674538 6.198505066575403
137 1370 0 0 0 9.505700836314075 -720.1871219987393 -141.95706745617218 -1167.304515521128 -130.95593690674056 -118.33895001854273 -13.910151953408137 -0.539457086438811 156.15599670883364 6.199536601654549
72 720 0 0 0 9.500807368537705 -720.3085407701424 -142.00104048491025 -1167.4412745317773 -130.96957450255775 -118.29499096135831 -13.939938087409658 -0.540971191804061 156.18593957537405 6.124304380387066
138 1380 0 0 0 9.505856138276355 -720.1891964701716 -141.95799225023376 -1167.3033898970918 -130.95516316612176 -118.34022640372964 -13.911918848628535 -0.5394975849356332 156.15666079082828 6.199631891446351
139 1390 0 0 0 9.505942162295618 -720.1900713372218 -141.9565606913775 -1167.3030615988214 -130.95455831226153 -118.33869813457643 -13.91159901456413 -0.5395408279443055 156.15546173745858 6.200408951356363
73 730 0 0 0 9.511557020210526 -720.3077757411629 -142.0093155774857 -1167.4602058295745 -130.97726812696607 -118.29777250554542 -13.933004931200863 -0.5412628759372742 156.18140302291644 6.113350669709734
140 1400 0 0 0 9.506837606931107 -720.1900233661594 -141.95571376761444 -1167.304703441032 -130.95358283028224 -118.34112670046001 -13.91201030685898 -0.5394530168420028 156.15724706286755 6.20064870271493
141 1410 0 0 0 9.507256546118494 -720.1894023299448 -141.95698845017856 -1167.3028940690388 -130.95555222961352 -118.34002036804357 -13.911580907466387 -0.5394841576198092 156.15793043742676 6.199727916713222
74 740 0 0 0 9.499275882173828 -720.309305324859 -141.99949444118528 -1167.4663832758054 -130.97725689811926 -118.30390548947344 -13.917460766023847 -0.5410046031684982 156.1752958956512 6.118749528371946
142 1420 0 0 0 9.507080696922669 -720.1873896934202 -141.9571485744499 -1167.3029210381048 -130.95622267919575 -118.33937164030843 -13.911747641311711 -0.5394677068816902 156.15725030699443 6.2009886309424544
143 1430 0 0 0 9.508408803974577 -720.1857693475854 -141.96018226013337 -1167.3014433015517 -130.95900140033237 -118.33819331022465 -13.91123715773526 -0.5394136281673474 156.15798618256395 6.200724459670917
75 750 0 0 0 9.489568488489665 -720.3198220294366 -141.99562315764797 -1167.4678070435884 -130.9864935705592 -118.30344458928738 -13.891702499385566 -0.5410415474340795 156.16014515426332 6.123534863761961
144 1440 0 0 0 9.508830390887653 -720.1863678436521 -141.96322185392754 -1167.2988823688222 -130.96059152362392 -118.3380722778395 -13.911696454171546 -0.5393931840407493 156.1585325806341 6.200325044469639
145 1450 0 0 0 9.510067224648989 -720.1852049208208 -141.96468627541012 -1167.2975040692681 -130.9616176507655 -118.33742717938969 -13.911996370451877 -0.5395088941350408 156.15928251014807 6.200565926649811
76 760 0 0 0 9.511019626784062 -720.3184618511618 -141.99841558733044 -1167.4833300536447 -130.97818368856113 -118.31443557013898 -13.90797672765941 -0.5407588897824575 156.19005003511833 6.112806829137941
146 1460 0 0 0 9.511238022307726 -720.1823751634405 -141.96533845714384 -1167.2982621355168 -130.96306977282697 -118.33502688501505 -13.91147432999684 -0.5394787257212527 156.1601045560652 6.202180526605158
77 770 0 0 0 9.52352130234102 -720.3274876448021 -142.00227416200343 -1167.4926000773228 -130.9787329856594 -118.33134772067508 -13.907504530493716 -0.5407160437330574 156.1931279841007 6.093515422134674
147 1470 0 0 0 9.512151188440132 -720.1836594117897 -141.96753520622275 -1167.2969805204937 -130.9653586616957 -118.33372316067891 -13.911240387468766 -0.5394844742126281 156.16050016804851 6.202573134237131
148 1480 0 0 0 9.513790339468988 -720.1819367097864 -141.9714847555188 -1167.2962651784949 -130.96874707922325 -118.33318708606608 -13.910840367172563 -0.5393651543489282 156.16264816426522 6.201958811320904
78 780 0 0 0 9.524080295049655 -720.3213335009027 -141.99090702609692 -1167.4774297483361 -130.96768790455718 -118.33383075450169 -13.895842163935235 -0.5412169879932578 156.179596870641 6.099885619504144
149 1490 0 0 0 9.514105474082296 -720.1837673025835 -141.96875327346433 -1167.300742839698 -130.96570632680692 -118.33755946399769 -13.91224341828761 -0.539286185440835 156.16315515540148 6.20055189562883
150 1500 0 0 0 9.512799802635953 -720.1848209496136 -141.96610514867294 -1167.300101920858 -130.9645594870455 -118.33750032536628 -13.912992225612784 -0.539276204183053 156.16184929742533 6.199991233205066
79 790 0 0 0 9.530632608869782 -720.3382466880606 -141.99170290699973 -1167.4955407183925 -130.98883056210988 -118.33678736795295 -13.894007356092436 -0.541989375376669 156.17200767394314 6.093924229961894
80 800 0 0 0 9.537046314792784 -720.3535705159999 -141.9988276290618 -1167.50795142399 -131.00030262784622 -118.329475796536 -13.904211649501276 -0.5412878582263635 156.1698622185432 6.090765082974104
81 810 0 0 0 9.525739232534848 -720.3577979035512 -142.011598652727 -1167.5186833828975 -131.01429105859324 -118.32071611154838 -13.901992233775239 -0.541283770723284 156.19350493415863 6.070816645743817
82 820 0 0 0 9.501728249658719 -720.350598185264 -142.0123579620123 -1167.5224855688846 -131.0088898582008 -118.32256621302756 -13.885313899004265 -0.5413990605195946 156.1952022643883 6.070992792099929
83 830 0 0 0 9.534582355524586 -720.369127336867 -142.0021087549259 -1167.516635083361 -131.00061627032701 -118.32994068472661 -13.891617268557118 -0.5418139088848505 156.19701683371952 6.060676656238762
84 840 0 0 0 9.548127663938216 -720.370492687726 -142.02297550162308 -1167.534133239079 -130.99006873217732 -118.318373121788 -13.922105742159362 -0.542253895928157 156.23450176964496 6.028972299282798
85 850 0 0 0 9.54423469271206 -720.3605054752962 -142.02046481770722 -1167.525200210872 -130.9711461337157 -118.33568378202509 -13.899048859323708 -0.54159554574029 156.22400797156553 6.030459393404501
86 860 0 0 0 9.548926040575065 -720.3781462716914 -142.02095452687405 -1167.53381579893 -130.9836501383584 -118.34179839017997 -13.90626046676743 -0.5416985008903542 156.22659027847823 6.0065844576965866
87 870 0 0 0 9.541452237662995 -720.3979724408016 -142.02791508926092 -1167.5466772413108 -131.00670866729445 -118.35748687797067 -13.910090624233831 -0.5418134015939128 156.21647813379346 5.995769733656278
88 880 0 0 0 9.537428768039444 -720.3626079692802 -142.01743468002212 -1167.5282941352777 -131.01200119367076 -118.3425897345557 -13.90225002250616 -0.5417093465585804 156.21972575590934 6.0240959158861465
89 890 0 0 0 9.50794380690773 -720.3751480252721 -142.00743759766868 -1167.518426067286 -131.00235545221167 -118.35160961750798 -13.863500701868505 -0.5422310257794856 156.1859401492663 6.01413574529766
90 900 0 0 0 9.518765808706993 -720.378435543625 -142.0233738354353 -1167.5043635162526 -130.99457822293127 -118.35935624881111 -13.876461466341128 -0.5423386856550623 156.19957725214496 5.999481415822852
91 910 0 0 0 9.51584410870056 -720.3725230277859 -142.0325126693454 -1167.4950315048768 -130.98808909729237 -118.33788738536653 -13.880140987765163 -0.5427037571257766 156.21339937657984 5.999926213903696
92 920 0 0 0 9.506594973166223 -720.3690479822301 -142.03961424017555 -1167.4899984544606 -130.99399904720042 -118.34042357684899 -13.886622207991815 -0.5424256040594769 156.19830211889413 6.009029995561469
93 930 0 0 0 9.486107784325547 -720.3963941980975 -142.03840295518464 -1167.5047355282709 -131.00866442420082 -118.34809395537819 -13.8666175023528 -0.5430921285535422 156.1790287258564 5.999528891584274
94 940 0 0 0 9.476286777420954 -720.3925805438979 -142.03556776868317 -1167.5039015571988 -131.01131965995003 -118.35195956803008 -13.867518706803631 -0.5424889641864284 156.16208514410866 6.013380284882783
95 950 0 0 0 9.472847410448734 -720.3903738081495 -142.04088105728923 -1167.5120657443363 -131.0209366866716 -118.3355110723936 -13.875805302329173 -0.542439867637927 156.16450610517117 6.009836184899292
96 960 0 0 0 9.443478036082416 -720.4161304737295 -142.03700314906771 -1167.518753249661 -131.02421954611438 -118.34435160473667 -13.86099932579486 -0.5429798025650994 156.12493849679362 5.9991287699644475
97 970 0 0 0 9.477940652055484 -720.3970265892963 -142.04845723422667 -1167.5065851655534 -131.02388858586033 -118.3508958620107 -13.878239965900603 -0.5427211672193022 156.16822797192853 6.0114707059847365
98 980 0 0 0 9.484259992066274 -720.3985595934981 -142.03384848935679 -1167.483467667484 -131.02406726290022 -118.34346587417053 -13.884779188781186 -0.5428771735983697 156.15547987458493 6.020076250227096
99 990 0 0 0 9.47536860297191 -720.412344440941 -142.02695332878562 -1167.4804750927067 -131.02882529410866 -118.35142692590206 -13.87505960116983 -0.5431382814976012 156.13728226106082 6.018329406680652
100 1000 0 0 0 9.457895085978864 -720.4216993893735 -142.0084052027656 -1167.477964721616 -131.03264567143412 -118.34787168966302 -13.843832779108572 -0.5435923192197908 156.13085762971284 6.015002429736823
101 1010 0 0 0 9.459819564077588 -720.440096361528 -142.02697879848 -1167.4872105903369 -131.03681608577912 -118.35373288559065 -13.864797701083743 -0.5437578623827577 156.13163745717569 6.006268969930443
102 1020 0 0 0 9.471527032093519 -720.4299888254849 -142.02995457021552 -1167.4863228764534 -131.0362661598456 -118.33810493223766 -13.880008808224707 -0.5434776723662222 156.14873034890672 6.014335692827262
103 1030 0 0 0 9.460542034467537 -720.430756302986 -142.0299044483812 -1167.4857029426655 -131.04935760971583 -118.32530193604022 -13.890227967818314 -0.543381374915993 156.13983735470632 6.026625368243166
104 1040 0 0 0 9.461715487095205 -720.4364013656224 -142.0408301564134 -1167.4877851718677 -131.06065987264265 -118.33205291084099 -13.89740000558368 -0.5437534291218993 156.1402180986899 5.999513159581268
105 1050 0 0 0 9.447219004723243 -720.4328303123018 -142.04158282648052 -1167.4761001681238 -131.05877754902048 -118.33157551890667 -13.891076996664324 -0.5438986228463938 156.12037010318616 6.003247556057536
106 1060 0 0 0 9.436730020744138 -720.4358141393735 -142.04709730119959 -1167.479886618708 -131.0656442881498 -118.33707115982635 -13.893428050967975 -0.5436954680636829 156.1228637556154 6.005295060767286
107 1070 0 0 0 9.431944245491172 -720.4269785990641 -142.03818011034625 -1167.4814223104393 -131.07049202338462 -118.32923961973947 -13.87583054587345 -0.5436283341821395 156.1317312444112 6.009385924394631
108 1080 0 0 0 9.445597865901528 -720.426953965869 -142.03785263886473 -1167.4853273802348 -131.0787481893637 -118.3403288027677 -13.875100070014529 -0.543618156942431 156.13895124825456 6.007260950701991
109 1090 0 0 0 9.445442419028097 -720.4128630006411 -142.02389527619465 -1167.4643110449927 -131.07193120357175 -118.33697990624022 -13.862645729602733 -0.5436639167567695 156.13383951423873 6.016153448834637
110 1100 0 0 0 9.449764897794898 -720.3916270512999 -142.04286811235957 -1167.4450591316138 -131.0653975908203 -118.31938196113832 -13.871772786201253 -0.5434240430001266 156.147768055321 6.0156042307781625
111 1110 0 0 0 9.46635247905294 -720.3744014540313 -142.0411096510819 -1167.442272982221 -131.05282065334944 -118.31921347396926 -13.887662165528008 -0.5430581756839276 156.16741503475725 6.0160605233650815
112 1120 0 0 0 9.462762795200625 -720.3753786954176 -142.03136261472017 -1167.438797239237 -131.0417553214871 -118.30958577973732 -13.884813316265285 -0.5431368112811125 156.15724199061478 6.0300697345428595
113 1130 0 0 0 9.425288709788287 -720.3958701797765 -142.02381577458783 -1167.4424815330663 -131.04764675444122 -118.33056153108518 -13.849296779147178 -0.5434823249944332 156.11395844621944 6.008351763803348
114 1140 0 0 0 9.42293877434925 -720.4040047452011 -142.02612745173113 -1167.454454884046 -131.045589724056 -118.33764140107026 -13.854689177619274 -0.543447711403201 156.10287860612289 5.993341083087444
115 1150 0 0 0 9.427493049145138 -720.4142081636148 -142.00902422674946 -1167.4583344220318 -131.04986964469057 -118.33491510642745 -13.854322511046824 -0.5436919797941993 156.0971249901841 5.989924252508643
116 1160 0 0 0 9.434214913026928 -720.3969324536602 -142.00666810551624 -1167.4445899309515 -131.04165803441737 -118.32086914242642 -13.841657438544596 -0.5436757695847271 156.10368727449412 5.996232256331039
117 1170 0 0 0 9.451555649271492 -720.3870466760321 -141.98680059550372 -1167.436112023107 -131.03277664999965 -118.31583415803905 -13.830308689848067 -0.5436083892337904 156.11008797929034 6.012574062831975
118 1180 0 0 0 9.447686506034895 -720.3800770050403 -141.99623224680488 -1167.426850579457 -131.02955442990566 -118.30007859268073 -13.839061250907728 -0.5435162417162276 156.1097977173629 6.014310754693125
119 1190 0 0 0 9.463825410483995 -720.3782387017367 -142.00325200420664 -1167.427594916837 -131.0379177350191 -118.30491171223785 -13.850624836649736 -0.5433455448637234 156.13982846361665 6.01081966683662
120 1200 0 0 0 9.449886451877877 -720.3836823694139 -142.0009923738284 -1167.4166704109116 -131.04158531788264 -118.30237839427207 -13.841033376321686 -0.5439047930755969 156.1226144077755 5.996650650068103
121 1210 0 0 0 9.443633388603757 -720.4012934034458 -142.00911872278147 -1167.433452828418 -131.05133102479218 -118.30452115167196 -13.851306376156641 -0.5438671442215885 156.12865024815085 5.987801875404594
122 1220 0 0 0 9.447394177942886 -720.3956726658574 -142.00498484995782 -1167.4260263893966 -131.04088583261577 -118.30512017366776 -13.855537913672814 -0.5437149113293074 156.1291954620507 6.001913664241322
123 1230 0 0 0 9.452181298726572 -720.3918618005632 -142.00493147470252 -1167.4162460386988 -131.04706250194258 -118.30341335726352 -13.85917295881303 -0.5438555399319436 156.137600443475 6.000371266818008
124 1240 0 0 0 9.448583748434924 -720.3959951190832 -141.99845939313593 -1167.419951992485 -131.04571458373184 -118.29672796402048 -13.850129894019297 -0.5439113138603932 156.13282215485387 6.000331439602928
125 1250 0 0 0 9.446811330669755 -720.3955268984495 -141.9941676898885 -1167.4124218628667 -131.0436792519246 -118.2983454888298 -13.848085377421578 -0.5438759556990754 156.13399240640453 6.001805564414275
126 1260 0 0 0 9.448629905383747 -720.4052565696595 -141.99459726034627 -1167.4237726940235 -131.04817111969814 -118.30174046894037 -13.850976279331359 -0.5439538527301204 156.1346168342819 5.992919350049073
127 1270 0 0 0 9.45792173386451 -720.4017352287851 -142.01034331723687 -1167.4271171426244 -131.05882603237814 -118.29476159024622 -13.870257764888226 -0.5439122749001958 156.15813998847906 5.994663501333776
128 1280 0 0 0 9.457247502674527 -720.4098622529846 -142.01404503559678 -1167.4417769002682 -131.05714188030845 -118.29116672559427 -13.872451590423093 -0.5439795686493175 156.16001009127743 5.97701498196571
129 1290 0 0 0 9.463778205431847 -720.4128723786589 -142.01252491327025 -1167.4407644388791 -131.05497544188825 -118.29188048295232 -13.87805123784498 -0.5440930111880726 156.15917306055627 5.983894995829453
130 1300 0 0 0 9.469998372225268 -720.4227493897727 -142.0207735880029 -1167.4553198201531 -131.0576751115674 -118.29330782369023 -13.884004124197837 -0.5441439769355695 156.16519247338752 5.968186640842547
131 1310 0 0 0 9.457098190489353 -720.4269190988805 -142.0155583607036 -1167.4559142049202 -131.0568254462337 -118.29381512653633 -13.870498933671044 -0.5443272930720812 156.150433175658 5.9667029405795775
132 1320 0 0 0 9.464879117934979 -720.4269727264601 -142.02079248553778 -1167.4556725391205 -131.05197094743053 -118.30078325592703 -13.87548764720838 -0.5443201013849545 156.15950579619246 5.960039429401298
133 1330 0 0 0 9.456355755768875 -720.437552419275 -142.0213458666429 -1167.4619743278088 -131.0571431893999 -118.30548027461472 -13.872249256491273 -0.5444318463311609 156.14862838210738 5.945271947922983
134 1340 0 0 0 9.462991184929304 -720.4300771460306 -142.02938269435057 -1167.4614711109775 -131.05495521401147 -118.29943726048027 -13.876437142946356 -0.5443035986476403 156.15487803618916 5.948709592887238
135 1350 0 0 0 9.460400188878868 -720.4326104827321 -142.03098624727028 -1167.4693251301585 -131.05317261869467 -118.29946082415309 -13.87328653747319 -0.5443039148874755 156.15437520781595 5.943160195339581
136 1360 0 0 0 9.4533095429241 -720.4348180655485 -142.03385015827803 -1167.4696469315934 -131.04993072733845 -118.29974771397336 -13.866601473625572 -0.5443923505615638 156.1513648705844 5.929243303809003
137 1370 0 0 0 9.455672962804359 -720.4390648379136 -142.0424247311599 -1167.478901785848 -131.05393501720286 -118.30570318729254 -13.865663475893433 -0.5444698667733792 156.15243287106367 5.921298970682919
138 1380 0 0 0 9.45671484050099 -720.4497269176337 -142.0515070825307 -1167.4955270943183 -131.06506002982064 -118.31165857316958 -13.874920010408804 -0.5445431317725806 156.16148247490804 5.911739268227092
139 1390 0 0 0 9.466834839421836 -720.4576298889344 -142.05853888540986 -1167.508853287005 -131.0607663327308 -118.31084537308554 -13.883577025038903 -0.5446443917445731 156.17289942701981 5.896816510105457
140 1400 0 0 0 9.466713915557314 -720.4497955157831 -142.04892716497898 -1167.4930352010422 -131.05205737021097 -118.30635283674692 -13.876922414206089 -0.5446476286610087 156.165755566613 5.904396620527855
141 1410 0 0 0 9.46395614381575 -720.4485969820647 -142.05174849198278 -1167.4914398780115 -131.05180163044477 -118.30737827160536 -13.878403460522886 -0.5446792669375117 156.16544572864447 5.898159467993054
142 1420 0 0 0 9.464812460927174 -720.4633654722957 -142.06028163687262 -1167.4997143495825 -131.05827007398145 -118.30886275728919 -13.890463133817795 -0.5449347326318051 156.17204489956444 5.883946120324566
143 1430 0 0 0 9.466325221144919 -720.4766880425226 -142.0598514489708 -1167.506716506081 -131.06000901696672 -118.30326196501802 -13.891117290996906 -0.5452251161005398 156.17152797323467 5.869025272392565
144 1440 0 0 0 9.469578824539576 -720.4707389890882 -142.06073423337432 -1167.5098963553116 -131.05227795804637 -118.3042857944609 -13.885369999866272 -0.5451205592153927 156.17318887822162 5.866500163934511
145 1450 0 0 0 9.45706654676744 -720.470152571481 -142.05448019888036 -1167.5056618552455 -131.05275509931724 -118.3139685407662 -13.871139291557359 -0.5451306389159409 156.15083629611476 5.875838397970127
146 1460 0 0 0 9.460686135425103 -720.4717609771277 -142.06355074991234 -1167.5097003706776 -131.05804872996376 -118.31327850341124 -13.880129527988291 -0.5451234509925309 156.1607738954129 5.8668950662996675
147 1470 0 0 0 9.458659103136746 -720.4758635466519 -142.06719567358 -1167.5098149566334 -131.05747110256723 -118.31412704992155 -13.880424243012536 -0.5451649289625133 156.15840241525092 5.858219361133152
148 1480 0 0 0 9.447955691109682 -720.4655501721393 -142.06091171373555 -1167.49796507228 -131.0520083687211 -118.3128636793627 -13.869025641619023 -0.5450327338933989 156.14229288848455 5.8715550736731705
149 1490 0 0 0 9.449531028604259 -720.465347511558 -142.06456859158746 -1167.5041757812248 -131.05224533121358 -118.31569167929298 -13.867947776407311 -0.5450348335679361 156.14888509332133 5.867210818578672
150 1500 0 0 0 9.46134077982687 -720.4634892658987 -142.07203019712784 -1167.509466534894 -131.0482547072112 -118.31517391108048 -13.877326317097914 -0.5449225611127744 156.16316614021758 5.862725547017044
