% # columns="iter, evals, sigma, 0, fitness, xbest" seed=832244, Sat Feb 24 11:10:46 2024, <python>{}</python>
1 10 0.008958456485213914 0 0.0237807565220344 9.499159822868474 -720.2017773164231 -141.90774732292934 -1167.319475015525 -130.92694066254327 -118.3204692338615 -13.887801993196472 -0.5388565780006123 156.13424234193562 6.184777122251606
3 30 0.009005574335323153 0 0.022897493301038584 9.507836900030396 -720.2040174735798 -141.911200390269 -1167.3267569414058 -130.94642094235002 -118.34003847817766 -13.8866783301024 -0.5415572228851651 156.14929119294024 6.192664187846094
2 20 0.008911261810039263 0 0.012464223926259314 9.494456402025376 -720.2106709894786 -141.93500071313647 -1167.3251889256594 -130.91833220730308 -118.32390882083975 -13.888522026677235 -0.5406521609715069 156.1261989034279 6.179758854169064
4 40 0.008431332885966376 0 0.012734309497164097 9.511026028853982 -720.2118111462279 -141.91575657236194 -1167.3248567498058 -130.94023373426086 -118.32641279802597 -13.876532310538638 -0.5403241015202677 156.14517024620852 6.194090607307743
5 50 0.008439409702007485 0 0.012166494417395769 9.488611417942922 -720.2173842591783 -141.90386420635969 -1167.350463637572 -130.9348730510158 -118.34643655796857 -13.880713163050228 -0.5396759857949296 156.1473158388436 6.188247255716626
3 30 0.008195079044324736 0 0.016369158952574115 9.499273524073944 -720.2013716722095 -141.91430890441873 -1167.325228109491 -130.91301747632053 -118.3236079152502 -13.882309574232607 -0.5411845750291407 156.12366074711386 6.19087849653607
6 60 0.008605992378458818 0 0.01719549233020727 9.492378668138201 -720.2164137690637 -141.8944187472194 -1167.352883671902 -130.93826045599812 -118.3534824153363 -13.869223717172124 -0.5398518347283284 156.1413849673804 6.191979060242545
7 70 0.008320989700325783 0 0.02124850024303763 9.488426576969372 -720.2048655717857 -141.90401936861488 -1167.3351588464902 -130.92905986386575 -118.35751707914991 -13.887112878885478 -0.5393380530045714 156.15206141633115 6.194820341465541
4 40 0.0074539441989312895 0 0.017743389637910993 9.492698418096696 -720.2087131350523 -141.9145786794631 -1167.3310052108275 -130.93333869214345 -118.32609897729962 -13.882661515476768 -0.5415973368403949 156.1204289667808 6.193548979233634
8 80 0.008342961199107768 0 0.015652497605575234 9.4942248078613 -720.207081071589 -141.9188165118997 -1167.3433148148974 -130.93084146309639 -118.35782594952008 -13.90199958265733 -0.5407961665901111 156.15422284145566 6.187559109769482
9 90 0.008857403193215136 0 0.01722457651599378 9.497697650539871 -720.2140408640336 -141.9141605960623 -1167.3353252943944 -130.92219437282773 -118.3434080833998 -13.905854585169301 -0.5393210789277378 156.13912890403398 6.172626551677266
5 50 0.007122030577061334 0 0.051112212235324035 9.50794787044052 -720.2204255750282 -141.9078062261023 -1167.3311741872722 -130.91500932169356 -118.31839234903605 -13.87690479082416 -0.5486425578855879 156.1382794899412 6.178627205191866
10 100 0.008588789206466965 0 0.014148285583328651 9.494900661409476 -720.2143354601454 -141.92104642526158 -1167.3350571995284 -130.93817470089294 -118.34644158847374 -13.89968301217269 -0.5397121529551201 156.1491373179376 6.173375652549933
11 110 0.008908474583263954 0 0.019318858776448972 9.504191035996504 -720.206499369351 -141.91514135302538 -1167.3230076825596 -130.95044083818325 -118.34281431452726 -13.897550853524917 -0.5398168141222451 156.14539114500334 6.168029253762034
6 60 0.006495254270289915 0 0.011035619625399933 9.501316968492993 -720.1978957691329 -141.91567681780901 -1167.330082551374 -130.92499368347228 -118.31815305285352 -13.888172415050766 -0.5393975388442225 156.12715106648415 6.186817238796939
12 120 0.009059991245565146 0 0.0127386786814793 9.496824064742972 -720.2048753102725 -141.93378207646495 -1167.3225854950022 -130.9371606310552 -118.35562093489726 -13.897330586970202 -0.5399592872905338 156.15322192731594 6.168863666810338
13 130 0.009025501042464409 0 0.01761890573719623 9.502115716408023 -720.1987072882791 -141.93996617695848 -1167.3228129238823 -130.9334864164264 -118.33064705485671 -13.899106994029793 -0.5410572736580403 156.137223538108 6.1711655993682815
7 70 0.006178511221411365 0 0.01401121894330093 9.4985251296952 -720.206708543406 -141.91306832247352 -1167.3288671443363 -130.9236393335697 -118.3218044288207 -13.886543755167283 -0.5392196825033551 156.129518661775 6.192414157921766
14 140 0.00882826224215555 0 0.02275886454257911 9.486739062505668 -720.21090435154 -141.9386683641316 -1167.3238807801606 -130.93938490605174 -118.33214084810874 -13.907535449823346 -0.5424338026945624 156.14544580700806 6.1785800047740596
15 150 0.009132893695892168 0 0.017772528658525716 9.489567028803187 -720.195249859709 -141.94470949475885 -1167.3382633080832 -130.9574695765751 -118.35469752905819 -13.905997755259987 -0.5413706635481474 156.14429904018132 6.178072251531917
8 80 0.00600107783364506 0 0.011421688838731986 9.496040881857502 -720.201283699655 -141.91366269832716 -1167.3334485387688 -130.93007401988604 -118.30905098174446 -13.882671146160623 -0.5396954701459334 156.13856380205394 6.194792532482867
16 160 0.008868978865713379 0 0.022573249640432485 9.492232221501109 -720.2026463917249 -141.9609842698106 -1167.320165593588 -130.9375273906113 -118.3348512300043 -13.905993335267985 -0.542601343017259 156.14433297837226 6.169955618283016
17 170 0.008472102494069905 0 0.021588664581232226 9.487901101042487 -720.2103452688758 -141.94222108380742 -1167.3257605901827 -130.93363795427467 -118.35457253339997 -13.905763986505166 -0.5399607064574686 156.14755843758277 6.186521472432053
9 90 0.006014852885328776 0 0.010763476161401329 9.489360626673943 -720.1941837415657 -141.9194851540749 -1167.3386204633957 -130.9279737211193 -118.31604929787323 -13.885438858293314 -0.5392560221348262 156.1453790914629 6.200901879074204
18 180 0.00796761286893731 0 0.015193564975188584 9.507344630224795 -720.1935414885315 -141.93814327545684 -1167.3224224727678 -130.9460688147654 -118.33957599404495 -13.902378469485038 -0.5396976493971847 156.17000911936037 6.17246069260081
19 190 0.007296385428321478 0 0.014281566373888261 9.492834553806548 -720.1945667836977 -141.95005586292237 -1167.3261410230755 -130.93820448022595 -118.34617195900991 -13.903782901323662 -0.540566740693151 156.15938531570595 6.173536202604135
10 100 0.005904858978429737 0 0.010943452780940569 9.49089450850033 -720.1996097376795 -141.91748817205317 -1167.3337464200667 -130.9265325653034 -118.31725199057668 -13.889280979349397 -0.5396265656464694 156.13902563882522 6.193374924377958
20 200 0.00686336987865738 0 0.01466053616436166 9.497710659143088 -720.2080693922508 -141.93938652044244 -1167.325190819386 -130.93248116595836 -118.34875357526465 -13.899017479430661 -0.5409624979623994 156.15950822840196 6.187185177883696
11 110 0.005842916732569888 0 0.015521938306861195 9.497800502298317 -720.1950170961221 -141.92202732617775 -1167.3366444624537 -130.92742148224804 -118.31523301227362 -13.886717687235235 -0.5388812299697107 156.1405215122961 6.197460223395264
21 210 0.006026269255539316 0 0.016597410248223227 9.488343045758425 -720.1966165001988 -141.9365171716247 -1167.3194989636886 -130.93749497554282 -118.35328807263954 -13.900116703905073 -0.5393891936383 156.15294132307102 6.177457086725931
22 220 0.00534362034216347 0 0.014621864704110971 9.494675008542679 -720.2051079493637 -141.9349924351441 -1167.321582674981 -130.94625123540195 -118.34843167870046 -13.905446107771542 -0.5408672772764731 156.16133796601093 6.1773847666635
12 120 0.0055195680495043736 0 0.014521155141700024 9.492265747145966 -720.1927452167286 -141.913602976698 -1167.3373878258544 -130.9297481479753 -118.30584278928389 -13.88407461108695 -0.539010468233781 156.14685323668718 6.197627657198195
23 230 0.004908901129901365 0 0.01680737648283158 9.491232199214698 -720.2044282916922 -141.94110883906671 -1167.3196606499123 -130.93737151927465 -118.34814545170829 -13.89378170581147 -0.5412459919549997 156.14874698871978 6.176811419630855
24 240 0.005016202521613861 0 0.011104919666559767 9.492573795441846 -720.2072976419015 -141.94647889956832 -1167.3159384804992 -130.94054874010408 -118.35152493697166 -13.90193067889974 -0.5400206993800444 156.1567607544002 6.171430918633281
13 130 0.0055314592133724975 0 0.012113777180493208 9.499821968959523 -720.1857989721593 -141.91687137771225 -1167.339054151338 -130.9219838870407 -118.30334013597286 -13.875832654718344 -0.5389283289995384 156.15392665368915 6.196311621277327
25 250 0.0053141685740872744 0 0.01344550123376103 9.489783035257629 -720.2107168029208 -141.9489339272839 -1167.3084474841191 -130.94543939692082 -118.34672344889536 -13.89467342355176 -0.5407467461170823 156.15097506700252 6.175918768319204
26 260 0.005394862811725247 0 0.015467017137291726 9.4900559478166 -720.2028049783777 -141.94454280974972 -1167.3033514355586 -130.9342264267768 -118.34067516761785 -13.900013801371282 -0.5393506146577848 156.16017123280912 6.188317815487058
14 140 0.005951817851201394 0 0.01061059710218914 9.503011198731599 -720.1949329328622 -141.9219598216258 -1167.3381592681828 -130.9276162758992 -118.30862694219009 -13.86939774055873 -0.5394017597792252 156.1356400034842 6.210480890094332
27 270 0.005249268267268263 0 0.012014900306630893 9.498234805677933 -720.199087394388 -141.93662101907213 -1167.313647400425 -130.94520809718696 -118.33845850233196 -13.906268612935694 -0.5397308539366104 156.16030724052897 6.186198225398908
28 280 0.004890456983576636 0 0.013616702155721198 9.500238267400452 -720.1920878632151 -141.94525912025546 -1167.3113540691656 -130.94847494885138 -118.34843072057883 -13.903022325105631 -0.5401249136633356 156.15824889194266 6.1798797320573975
15 150 0.005998728888135167 0 0.011074839190379323 9.50944263993533 -720.1889014818785 -141.92138411506207 -1167.334233044379 -130.92162404825316 -118.30853415055354 -13.877162544657658 -0.5390444095730154 156.13880206859474 6.206438050791518
29 290 0.004345096221852753 0 0.013502193199101372 9.496533163652533 -720.198627830786 -141.94405604120632 -1167.3002992889867 -130.93797936776147 -118.34195552975326 -13.903796805272666 -0.540353997653332 156.15620824734458 6.185706009494317
30 300 0.004259602298955122 0 0.015621450617904447 9.500250625584558 -720.1960924594184 -141.95120598341418 -1167.2965341494948 -130.9485097556176 -118.33644371553189 -13.898821318675054 -0.5412820983047408 156.15897893977836 6.177907565957493
16 160 0.006188756296516012 0 0.014512361651755193 9.503811274246736 -720.18536725654 -141.92110799035729 -1167.3267595605175 -130.92012039451262 -118.30481944498848 -13.871935290676044 -0.5404837647390281 156.1363801562737 6.212649775822636
31 310 0.004675714755307272 0 0.015991721478494106 9.502261667541527 -720.1934226352847 -141.95045491945177 -1167.2987165054733 -130.9522362418254 -118.34417812075839 -13.904936744290149 -0.5408752327980016 156.16312495602975 6.176173581104171
32 320 0.004818291930616253 0 0.013098365706705225 9.499091526244563 -720.1989370512484 -141.95518064340743 -1167.2971594682256 -130.95380747840179 -118.34334639390553 -13.904780451000235 -0.5406972300134397 156.15817074150524 6.185309676262268
17 170 0.006338537152647761 0 0.014956663162374161 9.509676989543548 -720.1848793230212 -141.92098385433997 -1167.324678903153 -130.91773733863695 -118.3107927354657 -13.8798352699567 -0.5405207720742402 156.13809424641502 6.206724573930898
33 330 0.004979038804328124 0 0.013311208559017622 9.498862735449114 -720.1865760853756 -141.96088259194772 -1167.2909826930088 -130.96368909018275 -118.33945606712109 -13.906171175243317 -0.5407010198520454 156.16431613257907 6.181864390449119
34 340 0.0051017052563637885 0 0.013692034446863436 9.497835242592043 -720.1956323983418 -141.96221951867557 -1167.294565576801 -130.9521225901613 -118.33985619814733 -13.910805353237558 -0.5408012335608795 156.15868973040602 6.179564294881013
18 180 0.006122519381747531 0 0.013683350491001282 9.509865413587773 -720.1921849168486 -141.90826203855767 -1167.3177496650806 -130.92153909535813 -118.30923806725735 -13.882807230758967 -0.5405690743916055 156.13200429449125 6.195210575404943
35 350 0.004883954342299664 0 0.014883469621896794 9.497903848097248 -720.1933575616254 -141.95858497025293 -1167.2942995620049 -130.95989929731724 -118.3372164892659 -13.90764210813737 -0.5403785391413007 156.1567920972257 6.184368070767184
36 360 0.004942383398692963 0 0.010468996808943129 9.500622035829963 -720.198332385771 -141.957352311686 -1167.2944112632283 -130.9600191824732 -118.3383458608372 -13.903249639183613 -0.5399896498466563 156.1551595178844 6.191444810078348
19 190 0.005605681289878286 0 0.012326074734798678 9.51259292180592 -720.1840203635348 -141.91789296537402 -1167.3330770671012 -130.92025703924884 -118.31104462450244 -13.876147258939218 -0.5396083101720274 156.13469272639915 6.199583161992845
37 370 0.004960234252644031 0 0.012873368763930863 9.501521938156143 -720.1973664348423 -141.9606776466233 -1167.2960757699032 -130.9555124968879 -118.3351733781862 -13.913581633244823 -0.5392655599698338 156.1465667254826 6.19178322250341
38 380 0.0053289287588553 0 0.012226347037301338 9.503215575882558 -720.186041078729 -141.96901640476221 -1167.2994813454861 -130.96594945746568 -118.32827892862245 -13.908775315351688 -0.5396986983696431 156.14084518053312 6.189820699978915
20 200 0.0054753230452768255 0 0.016557969269519388 9.511065589587771 -720.1798133728988 -141.9237067479068 -1167.329851907318 -130.909040869835 -118.30237398068456 -13.879811141598548 -0.5409317377257608 156.13378526339233 6.19311748490187
39 390 0.005397587661909998 0 0.011043562639514549 9.504795720242901 -720.2019700963126 -141.9623206542787 -1167.296057147318 -130.95673213726133 -118.32292672184218 -13.904439151112264 -0.5402374293264619 156.14306729491656 6.187971536207068
40 400 0.004946803136509268 0 0.013825681680228007 9.497383442636318 -720.1965588130445 -141.96285707924775 -1167.298427687187 -130.95077116773163 -118.33108136456215 -13.910357772228405 -0.539627918902074 156.14954555033012 6.188054336723993
21 210 0.005275858031009105 0 0.010713581147070205 9.500416497096191 -720.184334369458 -141.91539181032243 -1167.3352799011395 -130.91816724469174 -118.31973501848138 -13.877426552536065 -0.5393316394883473 156.14180996392096 6.195595902066349
41 410 0.004613283883270936 0 0.012331257052798097 9.500295409952512 -720.2027286791625 -141.97055988008026 -1167.3029766075588 -130.95052018482514 -118.33209543161364 -13.902045247010006 -0.5404254249384473 156.14487032957575 6.187739652042319
42 420 0.004334259142112213 0 0.012939184644245639 9.504028720357438 -720.2001802139314 -141.96466591675733 -1167.2929451283126 -130.95690167733596 -118.33063037287616 -13.90688594370117 -0.5394100816919389 156.15036837750546 6.193788485654043
22 220 0.005555383059359327 0 0.010607558662226936 9.507716911028094 -720.1820182150652 -141.92445769126198 -1167.3407366417089 -130.9138338198136 -118.30437761566631 -13.88104421797941 -0.5392876000077749 156.14629969868483 6.193456542062745
43 430 0.003910122904854504 0 0.013735240577407088 9.50093562388219 -720.1967958795772 -141.96627989578533 -1167.2917598020483 -130.95716345771913 -118.32791369748878 -13.905250325755821 -0.5406396456864627 156.1541279594965 6.191184268192571
44 440 0.0035015632218295093 0 0.009795686944841198 9.500202291276333 -720.1944207266572 -141.97171607584565 -1167.2923966239628 -130.96269765585905 -118.33118939833709 -13.907757922999728 -0.539755799298307 156.14984213879146 6.18818954380726
23 230 0.006305262827136107 0 0.015341725220254497 9.519341193318338 -720.1899000128789 -141.93072316262308 -1167.3479138771509 -130.90756248849505 -118.31248950731221 -13.891546155638409 -0.5386954593651717 156.16071599848996 6.183719305684375
45 450 0.0032049993977314546 0 0.01256863202077978 9.500291333073065 -720.194517405212 -141.97098022875707 -1167.2899069584014 -130.9599960140056 -118.32707261354749 -13.907740329600786 -0.5399991495504934 156.15323186479856 6.18418286379431
46 460 0.0030499909441362824 0 0.012106034115749969 9.502429411193049 -720.1957316219263 -141.96270891879965 -1167.297293314093 -130.9565383894032 -118.33566460524396 -13.906847273479071 -0.5399973237676746 156.15413565335646 6.185856464274586
24 240 0.007091490173560288 0 0.01683037720827041 9.522744542240494 -720.1913978907826 -141.92353073372323 -1167.345180647201 -130.91012822923102 -118.32146413089242 -13.88213373131598 -0.5386039076345054 156.15198035588836 6.1859025572107065
47 470 0.0029432712719839596 0 0.009800997699774492 9.499296078341581 -720.1981232837805 -141.95914275533917 -1167.3040855305796 -130.95076465782992 -118.33585066516285 -13.90535976992603 -0.5396819190087528 156.15401576875618 6.184338328753817
25 250 0.007160915542429799 0 0.013201852968009027 9.520101347849367 -720.1851074563801 -141.92494720406032 -1167.3305648905089 -130.908585515148 -118.31981689958864 -13.878101463086276 -0.5401647863264177 156.14744331423168 6.185387314883537
48 480 0.0027093137014175105 0 0.011405857436982277 9.502969702165291 -720.1943751449202 -141.96901932133875 -1167.2993021014368 -130.95698515411146 -118.3292626866061 -13.906054059799882 -0.5402230966944097 156.1516961081147 6.188359410054857
49 490 0.002501805524879194 0 0.01136556214254369 9.499311999382336 -720.1963261446115 -141.96394388759833 -1167.302218239314 -130.95447658790124 -118.3367665663078 -13.903489112219216 -0.5399573494659913 156.15226789188145 6.188233691754289
26 260 0.0072552712388254306 0 0.012261595582481483 9.51563575518265 -720.1890782114313 -141.92339621677232 -1167.32920486968 -130.91419960676126 -118.32467320129025 -13.871668524052174 -0.5399925270391165 156.13290269320652 6.192648513253891
50 500 0.0024751138847422904 0 0.014979206611159904 9.501523015620542 -720.1975982931498 -141.96506324432707 -1167.3022264637007 -130.956828827148 -118.33305647986208 -13.903605344319468 -0.5405378492642928 156.15486050734157 6.186265869852986
51 510 0.0023329531932143885 0 0.010847158578455085 9.501032967148346 -720.1958159140005 -141.96932200965364 -1167.294516564237 -130.95866916416827 -118.3285222122086 -13.90414650654492 -0.5399823064325064 156.15946825631062 6.187363239267894
27 270 0.0074101361191859895 0 0.010560006838924593 9.516628023332647 -720.1803019509409 -141.918030497009 -1167.339902754128 -130.9135342879989 -118.32874913831577 -13.86824125338809 -0.5389262511245908 156.1434788217197 6.184051959218529
52 520 0.0023664731149184207 0 0.010218607055043067 9.501726683654686 -720.1925842006547 -141.96284257094314 -1167.300885798408 -130.95817629906944 -118.33148758721201 -13.903570216709879 -0.5397439213432393 156.15799669534294 6.187850728940742
53 530 0.0027081486025396207 0 0.010812932994227304 9.502162369571382 -720.1887157237098 -141.96453782455512 -1167.3023706256938 -130.9609781326265 -118.33424089765589 -13.90170467625554 -0.5393275103585052 156.16060651624522 6.189848447604896
28 280 0.0072436670193610705 0 0.01212643372943185 9.510966402178312 -720.1908569524984 -141.9119373035397 -1167.337570762951 -130.9310830657634 -118.34072704114745 -13.86999864004857 -0.5396515177937576 156.14996471613478 6.188655276064074
54 540 0.002892012942375821 0 0.011755819992952044 9.50427176922104 -720.1907518582312 -141.97125666081322 -1167.2927145846857 -130.9636487057015 -118.32490258631523 -13.906612958208179 -0.5396909559623462 156.15805842046524 6.188436247204106
55 550 0.002869787178169311 0 0.010302688919680333 9.50082944016849 -720.1882279138522 -141.97531774777116 -1167.2933513804564 -130.96621588215766 -118.33129226299819 -13.905304658578077 -0.5398414797244621 156.15916338157086 6.191588520215009
29 290 0.007348779095526845 0 0.013834867443560557 9.506772427065913 -720.1861915201889 -141.9151239163496 -1167.33907461626 -130.92150558918274 -118.32725899218256 -13.860099325142452 -0.5396807564264238 156.1373111761921 6.20020544668242
56 560 0.0029663307358135074 0 0.0115715248460732 9.498696162465746 -720.1939547834055 -141.9721895669867 -1167.2948856387932 -130.95961817530906 -118.33767553101013 -13.903213094775374 -0.5395747338131955 156.16568668451322 6.191649063255791
57 570 0.0027328031762526043 0 0.010693922585695822 9.499612650804663 -720.1957573997573 -141.96730333305945 -1167.2998315264508 -130.9532139344572 -118.33612239375303 -13.902391702427993 -0.5400309481046774 156.15767267215716 6.184701144360022
30 300 0.00799558264180131 0 0.018684305642234177 9.493447067528546 -720.1948215517348 -141.90602735957253 -1167.3374078646304 -130.92316143002301 -118.32934243442845 -13.859308227363925 -0.5388345551919932 156.13398686662634 6.181351387959877
58 580 0.0026114273594923746 0 0.01116200313744691 9.498618962745194 -720.1922250589528 -141.9691328802749 -1167.297290737845 -130.9578496575226 -118.33950910390975 -13.901067489556478 -0.5400559579233806 156.1577068844808 6.188153112031667
59 590 0.0024048157104329363 0 0.010270186460780178 9.497978917599813 -720.1936522870918 -141.96825415287876 -1167.3000410930604 -130.95537739402445 -118.33748429730859 -13.906259888732174 -0.5398292559925685 156.15828529619333 6.186822569719519
31 310 0.007832528120991191 0 0.01381083787491561 9.49761914420822 -720.1905531749788 -141.91289877297783 -1167.3364780975242 -130.91659586336738 -118.32468915389767 -13.86482475444443 -0.540100981033999 156.12801069530622 6.192236126448532
60 600 0.0021700639316976026 0 0.01174380127125786 9.500810909010275 -720.190813114636 -141.96742903589148 -1167.2996455056361 -130.95811124755218 -118.33725032082526 -13.90484760805678 -0.5397676194363277 156.15918855625813 6.187205341850151
61 610 0.002009161172584876 0 0.011808884345763349 9.499369357114713 -720.1928480260179 -141.96615590462002 -1167.2999200238078 -130.9585386550898 -118.33529156405528 -13.904758052783619 -0.5398602204428642 156.1564586244807 6.18919368081423
32 320 0.007659663876314875 0 0.011534583181893113 9.496075036965983 -720.1932543621589 -141.9072364390426 -1167.3460708710138 -130.92146757815058 -118.32533408458121 -13.856748271531085 -0.5390654269519489 156.1208680587937 6.187016645612751
62 620 0.002013878098393861 0 0.011108397724058921 9.497765801814861 -720.1932337895631 -141.96481694801523 -1167.2981204618873 -130.95526162550146 -118.33941262889773 -13.906820703800053 -0.5399175983815308 156.1560416067716 6.188532562100698
63 630 0.002247699307045174 0 0.011460566148257856 9.499562384320445 -720.1954190837868 -141.96499119072337 -1167.2971531178086 -130.95719337000418 -118.34086210827532 -13.904768382273673 -0.540079253650291 156.15744913720275 6.193593738137966
33 330 0.0073323036678918565 0 0.010880343422230682 9.495685452407237 -720.1920552347681 -141.9266792459221 -1167.3533375021423 -130.9206221248162 -118.33368741375341 -13.875634953386026 -0.5394615276278076 156.14210039378207 6.177404504178248
64 640 0.002368920257469047 0 0.011977245517123628 9.498616552004314 -720.1957240769054 -141.95969359540712 -1167.2988888228815 -130.9516659954417 -118.33813499130817 -13.906312698722228 -0.5403001023333607 156.15800345525938 6.189372669210356
65 650 0.0026803042426581233 0 0.012224721689052887 9.499554048003837 -720.195295076994 -141.9565359108884 -1167.2983829564528 -130.95317315365472 -118.3357427422496 -13.908544243669162 -0.5402869128558586 156.15090179618272 6.190750340757381
34 340 0.0077438400016314555 0 0.010528678082915046 9.50063658587607 -720.2060430291951 -141.91779490616148 -1167.3624637379978 -130.91367641910952 -118.31875054148341 -13.878174527333664 -0.5395472147283864 156.1473232709619 6.169973901308016
66 660 0.003116707432784243 0 0.01376854584245002 9.505081858548754 -720.1939759503023 -141.9531084014124 -1167.2938159158118 -130.95211483695527 -118.33283903048924 -13.91185530028321 -0.540322607607652 156.14839016806323 6.19347318413435
35 350 0.00809225106013897 0 0.009940182121807662 9.493519189512362 -720.212523932959 -141.93039988131343 -1167.358597300744 -130.9187557694139 -118.31645364114372 -13.879395711449838 -0.5395051648765273 156.1311215949986 6.176666141123478
67 670 0.003171737810999893 0 0.012016874190078002 9.502151530605127 -720.1970086511988 -141.95955103103736 -1167.2968211459531 -130.95437488663708 -118.33845065626699 -13.911048910457433 -0.5400826866200834 156.1546964016992 6.191478844802629
68 680 0.0031005249015656493 0 0.010163515028648757 9.498948078554383 -720.1988350771901 -141.95707407537523 -1167.3025727059112 -130.9480954972243 -118.34561384885409 -13.90981873811439 -0.539517903925594 156.16270958281896 6.186275560638828
36 360 0.008260935284248747 0 0.010868125819257815 9.513865853201876 -720.2084826709105 -141.92599678788315 -1167.365958220717 -130.92801849121838 -118.32850722310357 -13.88092334645607 -0.5394471558147498 156.1470727366731 6.162537794517312
69 690 0.0032073237335712834 0 0.010303904113247773 9.498877170740114 -720.1949745584684 -141.96091341646797 -1167.3024498091734 -130.9567462189628 -118.34296900282261 -13.911366717461087 -0.5397491840743514 156.1565881655293 6.193191585454772
70 700 0.0031581187423817417 0 0.011133318084198091 9.501376954637504 -720.2005891513006 -141.95252051337994 -1167.3014075597762 -130.95072545958593 -118.34355470713227 -13.908391890903138 -0.539559120605665 156.15542751184316 6.192089629765441
37 370 0.0073050206046893235 0 0.010220611594680646 9.498215879374706 -720.196965332721 -141.91120620173623 -1167.3516987608475 -130.92408373738772 -118.32633748680375 -13.871955570224925 -0.5395616250257619 156.14902634966833 6.170991982443184
71 710 0.003106224190794826 0 0.010180260679410894 9.500972030916156 -720.1976190516546 -141.95871317044873 -1167.3004594627234 -130.95499986276786 -118.34596416963764 -13.911895932573126 -0.5396940008332456 156.1588395351886 6.191056978010987
72 720 0.00275921281965566 0 0.011004672251343023 9.50140771781407 -720.196870782365 -141.95997045982588 -1167.302968442574 -130.95612537231904 -118.33872078710499 -13.909539841612439 -0.5397326528546919 156.15030033658098 6.190701599428499
38 380 0.007197374402509011 0 0.010813552468473733 9.499113470475692 -720.2045204326622 -141.93172854447712 -1167.3652222270787 -130.92539777448584 -118.31182166318516 -13.87947073468351 -0.5397243309503724 156.14458396262094 6.178649445830939
73 730 0.002634532774867556 0 0.011204005792776991 9.497403920393669 -720.1986670957488 -141.96053987183356 -1167.2995842173368 -130.95185117252416 -118.3406600550734 -13.906137340499155 -0.5397434779598077 156.1549682587662 6.195108854880681
74 740 0.002453999343528016 0 0.011575393614053882 9.501302857526683 -720.196100501168 -141.95525682533986 -1167.2998633145692 -130.95223632361254 -118.34292962407162 -13.91348125280896 -0.5401001817700637 156.1519839509105 6.192966221618646
39 390 0.006746319199879805 0 0.013699200068404999 9.50031765882391 -720.1949326856728 -141.9269848413932 -1167.3599350590916 -130.92574292823997 -118.32075717750176 -13.874111603545675 -0.5401564180250443 156.1470890759581 6.185030351159018
75 750 0.00231302976565898 0 0.01134633226105983 9.501118120969936 -720.2009206740628 -141.95643704706188 -1167.2990078952198 -130.95402085630565 -118.33864087230018 -13.911250804282936 -0.5401449681613527 156.151477538494 6.192286670527239
76 760 0.002125571372277235 0 0.010042763357909802 9.500482406259968 -720.196136264537 -141.96176489644395 -1167.29647508033 -130.955061412481 -118.33818197711075 -13.91222944951959 -0.5397296426383748 156.15044995253527 6.1950655721301215
40 400 0.006613715711639208 0 0.010617733244801694 9.495387111742174 -720.1987527451394 -141.93887801731685 -1167.3653414397952 -130.92636957352576 -118.32612109713115 -13.886956012962303 -0.5389996715935028 156.15276642373422 6.1810170830219535
77 770 0.00197329700879961 0 0.013418709804830713 9.501383119820273 -720.1958144334093 -141.96105262337042 -1167.2960529071702 -130.95544135763876 -118.33777985540908 -13.910128176907234 -0.5395901175305317 156.15416825423895 6.1927986384867095
78 780 0.0018109146919224248 0 0.011122111998352427 9.499329414504155 -720.1955132629708 -141.96327484935614 -1167.2982892555056 -130.95577885468944 -118.3416554384492 -13.90960942758575 -0.5395008389081595 156.15613038227175 6.193845938675224
41 410 0.006691665352525414 0 0.010243137970643669 9.51020183467719 -720.1879146512357 -141.9356079202628 -1167.360746630328 -130.91593627595125 -118.3121113575784 -13.886464637533267 -0.5391030114864733 156.16312458764423 6.182373787491958
79 790 0.0016220615235875598 0 0.010274660862684259 9.501113964872275 -720.1926315175868 -141.9633758566718 -1167.2983175058475 -130.95843763292152 -118.3382907938914 -13.90862377712428 -0.5397982057932237 156.15680739983856 6.191902281594889
80 800 0.0014788690577890728 0 0.01015754611810132 9.502188860985125 -720.1961321640338 -141.96133657810205 -1167.2976085689393 -130.95659349901024 -118.34065869068603 -13.909332275349374 -0.539614564298587 156.15289010238874 6.194589788394796
42 420 0.006323263036642102 0 0.011349972040130794 9.516644310284594 -720.1982888981023 -141.93133843277437 -1167.362433631141 -130.9238769304923 -118.32551127320086 -13.881744425894636 -0.5390476580438663 156.16211746599572 6.187207779267202
81 810 0.0013424460203626488 0 0.010375051081915629 9.501338576366006 -720.1950090842623 -141.96313033749905 -1167.2965832126622 -130.95732453236556 -118.3401652135204 -13.908564200012874 -0.5397282743755945 156.15467892759324 6.1933967589614625
82 820 0.0013711118222662574 0 0.010290018047049562 9.50195730830583 -720.1935452761159 -141.9603842280265 -1167.2963788218362 -130.95624811590812 -118.33829692686724 -13.909619764780883 -0.5398131629592207 156.1535282374786 6.194164161665239
43 430 0.006202029436174958 0 0.011757018921944225 9.503567883309257 -720.2011278767837 -141.9294407229532 -1167.3633269937018 -130.91482782882218 -118.32312511387882 -13.883773046732179 -0.5393890440558771 156.1586462145235 6.17751592398211
83 830 0.0013501519425486693 0 0.010298606598136145 9.501063874322432 -720.1957401769307 -141.95938866859032 -1167.2974459360505 -130.95771965616407 -118.33908024699522 -13.909855168671374 -0.5396333626923796 156.1515700441391 6.194596179418157
44 440 0.006732705902336402 0 0.012204789323429157 9.506868494188883 -720.1976152353028 -141.94547468405048 -1167.367523634639 -130.91425244681892 -118.32224175682843 -13.89899403587086 -0.5393164868684323 156.16069128535244 6.187460947384295
84 840 0.0013943939578596304 0 0.012054761815232415 9.502840345776715 -720.1938507701892 -141.95972579753362 -1167.2967291768664 -130.95973547088644 -118.33538967042593 -13.909266882194023 -0.5398145838163737 156.14925495077705 6.193611737934364
85 850 0.0013599601537105808 0 0.010277916930913096 9.502211063689623 -720.1934902887381 -141.95778989170455 -1167.2983672698158 -130.95657547589002 -118.33891683548609 -13.908273837912855 -0.539690264279571 156.15304691172233 6.193050468144016
45 450 0.0071884700796190915 0 0.011733686594441586 9.504366927906377 -720.1945908929019 -141.9358539294835 -1167.344855889311 -130.9120203476824 -118.32833708878884 -13.892001182372391 -0.5390461738967118 156.1467280868697 6.196207632273226
86 860 0.001391738008694514 0 0.011296763414858657 9.502903292869389 -720.1948586242036 -141.9576984227219 -1167.294933418537 -130.95667425812718 -118.33579405978818 -13.909395567470634 -0.5400020392889293 156.15133246051823 6.192140975433544
87 870 0.0014338830588893764 0 0.00997953772840069 9.502012472467758 -720.1970757677603 -141.959586686029 -1167.295435925091 -130.95674469380168 -118.33812933286555 -13.908123487487057 -0.5397070509483832 156.15286476254076 6.192130373465648
46 460 0.007664726043410428 0 0.012393663914032748 9.502044680197482 -720.198363035348 -141.94086293456382 -1167.3550377408753 -130.91292465114972 -118.328870316983 -13.892095491812038 -0.5393725190417515 156.16464960117383 6.188732198029019
88 880 0.001340515668266601 0 0.010453280226081175 9.502455253396192 -720.193288194668 -141.95998563870046 -1167.2951462652832 -130.96030600781194 -118.33723187278757 -13.910031702203016 -0.5398490415827909 156.15310466825184 6.192611429292132
89 890 0.0012852500612483436 0 0.010507239521418328 9.502262193445839 -720.1958657796733 -141.96138376121257 -1167.2932914179964 -130.95725334873566 -118.33547129234985 -13.910726730094396 -0.5398915290687418 156.1513752879294 6.194224950621956
47 470 0.007922728081969019 0 0.01615714636448595 9.499397089269062 -720.2044032699795 -141.95832291307482 -1167.3556004416114 -130.92181736658966 -118.32656329649578 -13.894998888813278 -0.5409517558540464 156.16673836910263 6.195032782978146
90 900 0.0012909897711890488 0 0.010546620711484203 9.501521726312511 -720.195068602295 -141.96048098547413 -1167.2960483549384 -130.9586940164576 -118.33588913415382 -13.909236292211999 -0.5398788267644619 156.15061742044446 6.193525003251545
91 910 0.0013077470486368352 0 0.010286386624302195 9.500909034167126 -720.19533964096 -141.9582115980668 -1167.2955491237435 -130.95708055545379 -118.33460893559123 -13.909370324735168 -0.5398755972166137 156.15101725821424 6.1944188958662245
48 480 0.00797958444408271 0 0.017419901235222923 9.508023121340573 -720.1896697476172 -141.9514510177498 -1167.3545800829595 -130.9175719299729 -118.31442198382557 -13.90360564026505 -0.5410430848081067 156.1783808571814 6.1922932410065865
92 920 0.0012323999258021061 0 0.011670595963323269 9.501034050910562 -720.1961517251309 -141.9586478060671 -1167.2974704703965 -130.95630826682296 -118.33715861501038 -13.907234902070565 -0.5399014161752942 156.1516831045392 6.192974472198309
93 930 0.0010986781833311138 0 0.01035036961119624 9.502020027190332 -720.1950746814327 -141.96072368341783 -1167.2942492522238 -130.95810999848686 -118.33640128969756 -13.909357055136445 -0.5398879691971561 156.150902319109 6.19387791928403
49 490 0.007799777385446632 0 0.010036380875897831 9.485138470302372 -720.2008901124676 -141.95404658492683 -1167.3838431852125 -130.91991081745456 -118.31090029205576 -13.895606734992363 -0.53908270861582 156.17969393976307 6.182248064190797
94 940 0.0011096068700973069 0 0.009935726500365923 9.501610791342582 -720.195908306299 -141.962286956834 -1167.2955867717792 -130.95854093763907 -118.33648216167364 -13.910043648284207 -0.5396588570832769 156.1519142073029 6.194676550006242
95 950 0.001100973405601162 0 0.009907425970673778 9.501320167531365 -720.1947574277374 -141.96290384526293 -1167.2958204493514 -130.9600096851378 -118.3359478483315 -13.90990735749037 -0.5396447792331778 156.15292024670705 6.194010975857811
50 500 0.008004339634463373 0 0.011222225980568249 9.486939402611132 -720.2062296939245 -141.955715735122 -1167.367514336056 -130.91435829649114 -118.31531214463084 -13.911938363189618 -0.5390137602138102 156.15636020775165 6.190605793527246
96 960 0.0010781899432923503 0 0.013008000771678964 9.502490862934296 -720.1960784415658 -141.96232917512833 -1167.294481909165 -130.95883574828574 -118.33604708988345 -13.911679935404695 -0.5397463040740614 156.15174756613962 6.194539740342915
97 970 0.0010960481748704413 0 0.010158654447139193 9.502069191624503 -720.1973238908711 -141.96091326310608 -1167.2952900437556 -130.95671422976696 -118.33666104051233 -13.911454047107448 -0.5397904801381086 156.15119713877178 6.195036945280066
51 510 0.00867155952377683 0 0.011965005552775323 9.480322040754196 -720.2067339386892 -141.94325731667942 -1167.3642133898488 -130.91278895657976 -118.3016142169089 -13.897196053708704 -0.5397415611372548 156.17176239340864 6.188616741075816
98 980 0.001117069363647111 0 0.009923310938197328 9.50307997359589 -720.1966858103798 -141.96438800786646 -1167.2934087243 -130.95973723039563 -118.33548022183457 -13.911195276764413 -0.5398167979284875 156.15212035297336 6.1940673883440125
99 990 0.0011379201672613226 0 0.010406907669074957 9.503309917687575 -720.1948144484334 -141.9614674473351 -1167.2956071879357 -130.9592802290716 -118.33732244067811 -13.911241510088333 -0.539864335046412 156.15283912634223 6.192669056134093
52 520 0.009592392349720142 0 0.010107209912756005 9.470937239630764 -720.2112288333401 -141.9450340752349 -1167.371898263119 -130.91747798929066 -118.30176132534622 -13.901025489794025 -0.539405843123859 156.15811944507942 6.185263763176244
100 1000 0.0011227942709201846 0 0.010222613651352803 9.501813685897746 -720.1943865539124 -141.96280816851277 -1167.2977359011386 -130.96010490330286 -118.33620440562478 -13.910632548399118 -0.539733909412031 156.15206982987996 6.192966761780133
101 1010 0.0012271040135861373 0 0.010259419973426423 9.50277559185476 -720.1952041294081 -141.96380494336015 -1167.2969759018454 -130.95896311009312 -118.33805901416474 -13.911555346945535 -0.539740273292884 156.1532246311049 6.192789813165215
53 530 0.009739607728855397 0 0.010578549777760049 9.470647793031894 -720.2164658810138 -141.95983448208366 -1167.375031826069 -130.90848927438748 -118.29585292653547 -13.926374134190215 -0.5392342966247432 156.1562212301776 6.183413938294837
102 1020 0.0012681976455042165 0 0.009992113917965152 9.501769808679981 -720.1935982087492 -141.9635631554892 -1167.2963693115091 -130.9603300634428 -118.33529825746389 -13.911194223798272 -0.5396229557615232 156.15264834828247 6.192574112885419
103 1030 0.0012605165169174335 0 0.01108486819027289 9.501761312158692 -720.1947829191371 -141.96341820238968 -1167.2990316579508 -130.95859435274156 -118.33742465938732 -13.909788829802611 -0.5395916029077956 156.1534374979063 6.1924146923456025
54 540 0.010162414403735777 0 0.013950607330467067 9.455844809300594 -720.2058567358063 -141.93297709061338 -1167.3582805752606 -130.91780664128305 -118.29873399821841 -13.885976624636132 -0.5390617514212984 156.14328918348522 6.2049255635227185
104 1040 0.0013079699773605735 0 0.011436719693690324 9.501393685365679 -720.1937759377545 -141.9626945078752 -1167.3006952268297 -130.95940036849993 -118.33724404161374 -13.90948594979703 -0.5394586453194491 156.1539048292725 6.192752139920419
105 1050 0.0012960052174865843 0 0.012510690347005297 9.501339634368192 -720.1926572014642 -141.96512253063554 -1167.2999063264663 -130.9603803535122 -118.33748721144434 -13.910039296438029 -0.539491512396768 156.15482358544244 6.1926900404831215
55 550 0.010909116401861315 0 0.014347553648343565 9.449992530040086 -720.1956307919253 -141.94157360656237 -1167.37375896753 -130.9080031267708 -118.28748406190682 -13.883768088918139 -0.5396644337437779 156.14817471000052 6.204101340733933
106 1060 0.0013239734002350376 0 0.010938857574067635 9.500993461390763 -720.1931833234805 -141.9635483891618 -1167.2997079108395 -130.9594557994356 -118.33731474826027 -13.907954596413417 -0.5394561579946284 156.15370726138792 6.194036001480054
56 560 0.011324091254798104 0 0.01198757061160248 9.46309954693339 -720.1913143606251 -141.93370258522077 -1167.3529538120865 -130.9036068331731 -118.27947654722551 -13.893319065215875 -0.5396918064034582 156.15439103408116 6.21298361882015
107 1070 0.0012985713486635786 0 0.011215704432669392 9.500704522028585 -720.1932304626927 -141.96153112724505 -1167.299862222048 -130.95766558991247 -118.33790996037798 -13.91030105012463 -0.539579657577844 156.15187848437813 6.194720275804371
108 1080 0.001360630133531334 0 0.010240196254999638 9.500093350888866 -720.1929622293162 -141.96174199957318 -1167.3045435394258 -130.95719714261404 -118.33898064642366 -13.90816188747311 -0.53939028164489 156.15273576248921 6.195170484331748
57 570 0.010688256311026977 0 0.011116539068950508 9.482425132449759 -720.2013535753106 -141.9565549529059 -1167.3630444064963 -130.9040041300769 -118.28159242651296 -13.911125883812337 -0.5389714046212137 156.17297267641234 6.2138123963173255
109 1090 0.0013987261936368402 0 0.010170181290269757 9.502049586932571 -720.1971148922416 -141.96088792967862 -1167.3000985693748 -130.95673415760038 -118.3387716248702 -13.910338750293445 -0.5396318194436246 156.15263286069444 6.194625750813396
110 1100 0.001446828321618195 0 0.009924410668209014 9.502853584801542 -720.1958117116421 -141.96044417766618 -1167.3010404377846 -130.95723053668857 -118.33999894815679 -13.910310247172662 -0.5395917935823054 156.15351152002745 6.192965945066318
58 580 0.01021170058734119 0 0.012472657048870316 9.49127641352724 -720.1983423847969 -141.96681104081625 -1167.3724251484248 -130.92177092724404 -118.29437707031266 -13.91090957473005 -0.538620006135028 156.17457236080864 6.196570201775713
111 1110 0.0016085285426999556 0 0.011381472795979114 9.502703507168961 -720.1963405995817 -141.9603854735125 -1167.30229273793 -130.9557406550456 -118.34194844421286 -13.911045694510188 -0.5394572999864125 156.15658031126014 6.19224440145022
112 1120 0.0016858810842493856 0 0.011416185873495847 9.502444234435636 -720.1966656368332 -141.96191165471905 -1167.3016193774806 -130.95569880434252 -118.34432926320034 -13.910838114591275 -0.5393868594432688 156.15843291581496 6.191880955088659
59 590 0.010236226888148204 0 0.011344542676706397 9.513768884499278 -720.2099733799156 -141.96183192362338 -1167.3684658586192 -130.91172777424484 -118.30222401828114 -13.913115121093295 -0.5392239476676264 156.1763657670215 6.193830693232762
113 1130 0.0017470094523488828 0 0.012050992384837322 9.5013823665236 -720.197443016143 -141.9582196164689 -1167.3022731874607 -130.9520659911584 -118.34602208708598 -13.912886304903997 -0.539350747913438 156.15760526035956 6.192685557551931
114 1140 0.0018462932261382452 0 0.011622820113951552 9.502057388284737 -720.1975462058878 -141.95575741836885 -1167.30360990684 -130.95216552622222 -118.34574036429326 -13.910381321450389 -0.5394091907372974 156.15439194257502 6.195760311705286
60 600 0.010009940919438284 0 0.010625243948514367 9.497743790770986 -720.2075660435326 -141.9777515163854 -1167.3683505214065 -130.91896312376755 -118.28807226800028 -13.921599599967681 -0.5392029118091446 156.16023428937478 6.199850165302106
115 1150 0.0018276862180573378 0 0.011165889179235345 9.502714345722802 -720.1937301010773 -141.961794497295 -1167.301263937527 -130.9574676127434 -118.34162786351636 -13.910483051149152 -0.5394184904338247 156.15688531116217 6.195217262226016
116 1160 0.0018012953328552682 0 0.014023997572621278 9.502620170700807 -720.1952424317483 -141.95995382385377 -1167.3032127822369 -130.95367863856492 -118.34340669439852 -13.912910952946179 -0.5394659389097876 156.15792478811804 6.1941557632061555
61 610 0.011569150205392802 0 0.01025042834823364 9.501068265739601 -720.2241633809743 -141.99484080347057 -1167.3854475289245 -130.92950661326896 -118.29279626346523 -13.917049732734862 -0.5395117184873377 156.17092444203365 6.185447037040625
117 1170 0.0018619916340980654 0 0.01100317537673336 9.502118612789895 -720.1950906752866 -141.96029477895468 -1167.305247314074 -130.9547036497826 -118.34624134265172 -13.910026351006342 -0.5394036373304681 156.15892457951117 6.194049724169581
118 1180 0.0018055756764657816 0 0.011358222056921434 9.503716328681238 -720.1943468811606 -141.9609674332416 -1167.3011918852005 -130.95708590727335 -118.33892599243802 -13.90938667347088 -0.5394426505445896 156.1565137558591 6.194897081372869
62 620 0.01296573044451089 0 0.010483052133986908 9.506125235924186 -720.2250581673186 -142.00657741222844 -1167.4007377349349 -130.9387424067774 -118.2859805240265 -13.932724496339656 -0.5392542251887553 156.18584234887024 6.198292509650549
119 1190 0.0019016272884967765 0 0.01003402424355181 9.503813427499537 -720.1932016849064 -141.96250601969547 -1167.3027349190677 -130.96033394304266 -118.33821628164611 -13.907668428450805 -0.5395417743014587 156.15590939461364 6.195097390686861
120 1200 0.0018824002709359917 0 0.010914648064600041 9.503582495413095 -720.1970085999291 -141.95709039631055 -1167.3048254137848 -130.95390059099861 -118.34450614930992 -13.908715691603009 -0.5395267351424923 156.15875822202204 6.192970872934019
63 630 0.015020368024942084 0 0.010589866706722784 9.509712073697656 -720.2449110882144 -142.01659509897377 -1167.438949509258 -130.95420662194175 -118.31390766548832 -13.952648377016699 -0.5394502294476956 156.2117173826301 6.150042535061
121 1210 0.0019497461089116905 0 0.011239981022184788 9.503958342285067 -720.1903554629156 -141.96156419384343 -1167.3060702650357 -130.95797327249275 -118.34464877465985 -13.908427174905736 -0.5395482819628635 156.16272814397206 6.192140755842889
122 1220 0.002005158988578962 0 0.01154030437373796 9.504975312195942 -720.1916191158551 -141.95681513530457 -1167.3105363050759 -130.95581878391707 -118.34810399435153 -13.908582870809425 -0.5393921512000067 156.16348945520784 6.193455794381819
64 640 0.016574659183342715 0 0.009853664104731456 9.47656719003045 -720.2305991364757 -142.03218352850809 -1167.4292012065705 -130.94544564023965 -118.28136539378701 -13.961168823027313 -0.5390752855994466 156.20243382743823 6.152056360485789
123 1230 0.00207675549102607 0 0.010427766889658728 9.502842225869097 -720.1898837758403 -141.9627217948035 -1167.3062550960328 -130.9579318875398 -118.34356024176793 -13.90809757204598 -0.539501956956514 156.16054246146578 6.195523309107542
124 1240 0.0020557340087722243 0 0.010021461467137898 9.502687443386469 -720.1874246595022 -141.96204005128902 -1167.3056317248393 -130.95880240721533 -118.34232930346586 -13.908547183179191 -0.5394689388693124 156.16026784599165 6.194393116390592
65 650 0.016628758815651134 0 0.010068671165025607 9.499145154157548 -720.2229397941146 -142.02677886395972 -1167.4276493228062 -130.95879560944303 -118.30255100668944 -13.939579345318347 -0.5388333904837713 156.20831055261652 6.155989335045983
125 1250 0.002172841039539528 0 0.010876669303578366 9.503179550982741 -720.190664205002 -141.96029739331644 -1167.3023915069061 -130.9567911365241 -118.34391404025541 -13.912391734918222 -0.5397384724353936 156.1581457434779 6.195596448223667
126 1260 0.0021868522259291833 0 0.010455183218627288 9.502287752635867 -720.1879260905672 -141.95996945669566 -1167.3060434175732 -130.9558857032002 -118.34568659270845 -13.908444818022828 -0.5394450832501433 156.161522220461 6.196848452963451
66 660 0.01685209827877183 0 0.012272318862982117 9.517726503822692 -720.2340099544575 -142.03752948343455 -1167.4704887446578 -130.96515042789235 -118.2714647450743 -13.982072266489018 -0.539370922264783 156.249252720549 6.132392745214142
127 1270 0.0022278964351364365 0 0.01048760897560122 9.50471437303828 -720.1861138897932 -141.9641190156762 -1167.3032222175327 -130.9595070146234 -118.34507035841742 -13.909744205498004 -0.5394476284573375 156.16096834514124 6.199061647573296
67 670 0.016839873670376322 0 0.009977586403192159 9.512518359084194 -720.2440452332874 -142.01354516630744 -1167.4525298672115 -130.94638595287464 -118.280315423505 -13.95173604346997 -0.5394585590884041 156.21631808265258 6.13765072199051
128 1280 0.0020800512901375944 0 0.010310042287893508 9.504103314483583 -720.1846348256639 -141.96433920789346 -1167.3041808487876 -130.9609065245979 -118.34146378904647 -13.907687225200315 -0.5394443212268716 156.160468787973 6.197396161155383
129 1290 0.0022485105826487942 0 0.010736061999751655 9.506795442065314 -720.184316046328 -141.96547832682415 -1167.3013286098567 -130.96292100447548 -118.33991996251426 -13.908321744684834 -0.5394748995709202 156.16112807630807 6.198343059762454
68 680 0.01754497350947553 0 0.011332099047688792 9.54416820311967 -720.2751946103872 -142.02858475590583 -1167.4621087392804 -130.9469213027653 -118.2938929080748 -13.981040433105925 -0.5395473524470786 156.22504022042378 6.1114301166414196
130 1300 0.0022495378213327724 0 0.010141471506799608 9.506364481570033 -720.1853970831871 -141.96230364709888 -1167.3020034130286 -130.9596723168451 -118.34085496481269 -13.908136738077356 -0.539461667487365 156.1599698872793 6.197201415470853
131 1310 0.0023130990927730842 0 0.009974110656863103 9.50547861649902 -720.1875451674039 -141.96476543474012 -1167.2977249755486 -130.96025772320422 -118.33797490253603 -13.910545901981218 -0.5394513857408414 156.15706778701258 6.197795285805268
69 690 0.018663076780879022 0 0.012245100850303597 9.527961647797207 -720.2927379276556 -142.03960483439812 -1167.463238683279 -130.9621776935796 -118.30652245754835 -14.003423155076264 -0.540381354550997 156.22767270999506 6.09549461912195
132 1320 0.0021671800760611447 0 0.010266267133661711 9.506432585078572 -720.1845449179058 -141.96390286556357 -1167.3049922432658 -130.9594052740029 -118.34071895770327 -13.907750287566987 -0.5392129456434493 156.16134944311906 6.197127969090368
133 1330 0.0022534105535778476 0 0.010275987848313356 9.5055785723549 -720.1886562689629 -141.95919198711317 -1167.3015679958523 -130.9554157508401 -118.34106716396738 -13.910958752630231 -0.5394230308836258 156.15921569706342 6.196980225594461
70 700 0.020242492999344434 0 0.010352830254151443 9.51061974911998 -720.2947008627106 -141.99625967842758 -1167.4722081050227 -130.9977356715814 -118.3111554133914 -13.91464082653013 -0.5405990470816681 156.20000018989583 6.115082615342848
134 1340 0.0023567118488162547 0 0.010342147668117987 9.504136875531545 -720.1872756899473 -141.95841266008708 -1167.3046024273767 -130.95517609606654 -118.34132688439415 -13.910599859895095 -0.5394608699438417 156.15816159710235 6.198343374661814
135 1350 0.0023931671875093057 0 0.010388560965107686 9.504545564180233 -720.1900013669019 -141.95559526935298 -1167.3058199616312 -130.95165104376636 -118.34439138149628 -13.910822004495449 -0.5394748570089971 156.15596589543193 6.197411879917358
71 710 0.020987872035887634 0 0.010010451371522202 9.493146804490236 -720.3205364151356 -142.0378647068987 -1167.4827483933864 -130.98867811267615 -118.30482758140057 -13.977292767098238 -0.5404696192230366 156.2067808302056 6.08568942841455
136 1360 0.0023093838494059548 0 0.01101127083062223 9.507067876849037 -720.1853910370864 -141.9588134864277 -1167.3069637507258 -130.95704059925873 -118.3403954869636 -13.91110623897752 -0.5394112843192755 156.1585877817971 6.198038575435227
137 1370 0.002247723229444085 0 0.010471376161522135 9.50496957283522 -720.1861709700423 -141.9597355027512 -1167.3021908220114 -130.95952885688254 -118.33588988990128 -13.908355376175829 -0.5394913767387715 156.15574556846457 6.199569564948568
72 720 0.021183078817523723 0 0.010612856954670307 9.504719494279291 -720.2960399877456 -141.98907147602046 -1167.4113434718563 -130.960379579076 -118.28901050575432 -13.93401747534275 -0.5406032119475952 156.17429211583016 6.142869039221851
138 1380 0.0021474128718253003 0 0.010064364301596216 9.506243931662892 -720.1897651166121 -141.95618841491128 -1167.304394292892 -130.95402270450165 -118.34154113391723 -13.912071428821974 -0.539474263369457 156.1556937501289 6.200409649845169
139 1390 0.0020883622065950244 0 0.010151051573391927 9.505928696472978 -720.1903945309426 -141.95648372756688 -1167.3049254415946 -130.95404453692885 -118.3398784983913 -13.911454157578573 -0.539496205342194 156.15622568414605 6.201159633574675
73 730 0.02046366902827715 0 0.011953583151542133 9.493257803810286 -720.3161259582675 -142.02453644065776 -1167.4798680717856 -130.98870572352394 -118.29484896492579 -13.934685148584279 -0.5412445455121384 156.172475534568 6.087517338584259
140 1400 0.002064034981773363 0 0.010961350865908591 9.506059439412704 -720.1902296614008 -141.95401104335542 -1167.3071040556222 -130.95081450052285 -118.34449645532088 -13.91374681540003 -0.5394416634871121 156.1588410980369 6.1999862910159615
141 1410 0.0019250872849782212 0 0.010529668056026648 9.507682206337163 -720.1894046962282 -141.9588908320288 -1167.3019534685857 -130.95742118445727 -118.33909013495925 -13.911123662410098 -0.5395301382513135 156.1572909437302 6.200162733455285
74 740 0.019389721893761574 0 0.00913308520615874 9.502505087220177 -720.3234118578691 -142.00058169174233 -1167.4856461975232 -130.97686924620314 -118.31413147301758 -13.916392832489851 -0.5407438779723233 156.19180851400475 6.09818518800153
142 1420 0.0017969259896501537 0 0.010103568722433814 9.506913224276285 -720.1865713083653 -141.95965014492518 -1167.301903299096 -130.95829292817604 -118.33898833414081 -13.91243516439993 -0.5393427891996175 156.1564309140332 6.201533378227642
143 1430 0.0017981786031480125 0 0.010046653763348436 9.50923742465736 -720.1854284576501 -141.96061237583336 -1167.2998286426428 -130.9597137587149 -118.33629508283013 -13.911206325530669 -0.539479118800368 156.1569769469523 6.200799351750422
75 750 0.020212770032580322 0 0.011142212602766478 9.481344481721674 -720.3282830543748 -141.9895584165474 -1167.4939305784433 -130.99405464202866 -118.31943320420612 -13.880715909089744 -0.5406265653896176 156.16574972687624 6.098453906347921
144 1440 0.0019119926515336959 0 0.011075567054718832 9.509158757467535 -720.1875112432019 -141.96352253063742 -1167.298909953994 -130.9603673268374 -118.33972771684816 -13.913045019770584 -0.5393832008702291 156.15898700820742 6.200719730681557
145 1450 0.002094071675206904 0 0.010259846011024363 9.510092975408767 -720.1846141114428 -141.96921310701063 -1167.294740324025 -130.9637552629709 -118.33735459400125 -13.912030158089125 -0.5395361797748164 156.1599992844555 6.199580628280623
76 760 0.01953803152419831 0 0.010076020837496138 9.516477577170926 -720.324296140848 -141.99728981448325 -1167.4925339095032 -130.9702198487816 -118.31649081429579 -13.927548805007195 -0.54062073056968 156.20823597506578 6.098029479594809
146 1460 0.0024252603212501556 0 0.010717731796742323 9.512031478238164 -720.1790182279789 -141.96868060391162 -1167.2979935183089 -130.9655929541898 -118.33323618222875 -13.911136644794428 -0.5393704173578792 156.16038170078124 6.203778261558014
77 770 0.019573963423337695 0 0.010779859257182873 9.520639637592922 -720.3262599624421 -142.00678386963702 -1167.4965458538372 -130.99126642721643 -118.34495619575789 -13.89675880627993 -0.5405877972174763 156.2002557835467 6.08664891139999
147 1470 0.0027784428658667805 0 0.010033980722679725 9.512861707326328 -720.1849799397015 -141.96686267993292 -1167.296938433747 -130.96562968962846 -118.3318576131782 -13.91120437416144 -0.5395240751623741 156.16124579280108 6.203036407192672
148 1480 0.0031440017319158144 0 0.010606325103045534 9.512663312224085 -720.1853962389722 -141.97356342567292 -1167.2964174713718 -130.96856232859557 -118.3343329842493 -13.910161275363905 -0.5395458335928359 156.16276051382013 6.200268723796602
78 780 0.018963432698316095 0 0.010829816837185223 9.525109666789671 -720.3047220398977 -141.9973624752325 -1167.4709206390007 -130.95377092255944 -118.32660173440388 -13.899314129672847 -0.5406368873865918 156.1842927482786 6.102985294574786
149 1490 0.003404063301324464 0 0.010079815006465456 9.51458080675528 -720.1819638907963 -141.96729464468868 -1167.3012574159447 -130.9639003569281 -118.33988294149408 -13.913861149794043 -0.539271911453806 156.16377382316438 6.201352435627642
150 1500 0.003224305618234634 0 0.011831323362547875 9.511526749327007 -720.1852384619364 -141.95987699976075 -1167.301783348972 -130.96021916010233 -118.3354201339435 -13.913750991613178 -0.5394223665243186 156.15720521361905 6.201563831351582
79 790 0.01828723601873834 0 0.012531371857733032 9.544388521480991 -720.3291017832692 -141.99087965064368 -1167.5037874551642 -130.99063277935917 -118.34132276920587 -13.890273011841703 -0.5414141572423302 156.18132223536043 6.113194716818562
80 800 0.018191884966150273 0 0.00973153513473238 9.526911352332144 -720.3672138799674 -142.00520233256705 -1167.5314412977 -131.01011516864034 -118.32907727522955 -13.90227701872404 -0.541089737831314 156.16789867635617 6.079353235327691
81 810 0.01867235220633873 0 0.009322486607265956 9.514436105584837 -720.3568015623584 -142.02411391475513 -1167.5235595823276 -131.02098449398315 -118.3184887463695 -13.907092611387109 -0.5409424167720108 156.21546429531858 6.068783046377863
82 820 0.01876086164653348 0 0.010463511480428416 9.495671018429897 -720.3607157352252 -142.02262428815965 -1167.5356263176986 -131.01324515823026 -118.32048749055032 -13.896245103747548 -0.5414030577649929 156.19965621900315 6.063049643349032
83 830 0.018454897471634226 0 0.009897142802596143 9.569499530138632 -720.4073500471429 -141.99332665143356 -1167.5169563783315 -131.01682316128853 -118.35057130120552 -13.882436564876661 -0.5425310987135037 156.17775780392293 6.035893903319799
84 840 0.020402301110046334 0 0.011925917393931474 9.54227938390042 -720.361079690725 -142.01038430676198 -1167.505438816993 -130.96572788949422 -118.31124479324039 -13.926220355201588 -0.5411996655958135 156.2337879609504 6.027045889019383
85 850 0.022418598863362255 0 0.008164831941897417 9.5457329263633 -720.3778883567481 -142.00664524409737 -1167.5283708858988 -130.96429785958526 -118.36170744773649 -13.894415984028983 -0.5415414463071521 156.21355537285885 6.024444293969972
86 860 0.02284772493568917 0 0.008242913690674373 9.541014188933003 -720.4067647029156 -142.00729638983947 -1167.5057201339457 -130.99821671705467 -118.35881789721162 -13.87904192460708 -0.5423778137310462 156.17508948953628 6.017371545231106
87 870 0.022186179725015735 0 0.00833283095650625 9.544945159045428 -720.4267800350168 -142.03920040222286 -1167.5774804760656 -131.04991366078178 -118.36531823284892 -13.914479969745345 -0.5423266488442616 156.1847852809266 5.995221417183881
88 880 0.02051096073635727 0 0.008874397308988487 9.543298620500977 -720.3232110837107 -141.98339884506254 -1167.4858616438614 -131.0021959783047 -118.35873224729092 -13.8651964854519 -0.5410241432038151 156.18695955875606 6.057958095425001
89 890 0.020778891347889482 0 0.009064096346920732 9.488331449546918 -720.3983307372671 -142.01434705113354 -1167.5357096001371 -131.01414720029496 -118.39070314041984 -13.828487017317656 -0.5425456448444307 156.1659208199926 6.013414759716912
90 900 0.022166062035547707 0 0.007910911361536575 9.498445543477388 -720.3716825449463 -142.0355095515634 -1167.5180003578062 -130.99509646223217 -118.34308884413652 -13.881777812208599 -0.5420001120706789 156.21717039792327 5.997755136204185
91 910 0.023510524323892484 0 0.009499682798920819 9.504280836454289 -720.3649314210792 -142.03433272962963 -1167.4803052745478 -130.98443344079456 -118.32911726399195 -13.853144257659615 -0.5426739272050832 156.21576530111187 6.007513866581149
92 920 0.023376062120679095 0 0.007999477943728765 9.524398806739159 -720.3623417056219 -142.02417583034793 -1167.45975338786 -130.97657209165072 -118.33522531853791 -13.875585011169663 -0.5423195574231624 156.17582692762383 6.021996870616741
93 930 0.022943523075044804 0 0.00892007270167426 9.471919792523275 -720.414787510824 -142.02544943390743 -1167.4954501090551 -131.0244688590565 -118.34823932875781 -13.87905551238853 -0.5432409760998906 156.16419850261877 6.0208834968466345
94 940 0.02160903283150266 0 0.009208592679635818 9.481707937147753 -720.3738661178751 -142.04840505080264 -1167.5012982564667 -130.99377215462005 -118.34945740073623 -13.877494295400062 -0.5417773913397261 156.1685894073038 6.018958482726303
95 950 0.019979458102063787 0 0.007924757961996536 9.477191629767779 -720.389044209363 -142.03625266502902 -1167.5018807222352 -131.01397876866335 -118.32994862185187 -13.8821816994312 -0.542470073657262 156.15895065096538 6.005661538839033
96 960 0.020589663182169857 0 0.007966430792157047 9.422424620735484 -720.4326111943974 -142.0368551370372 -1167.5273303556514 -131.03101888945997 -118.33352057929972 -13.834335363554134 -0.5432083707194503 156.11853819577146 5.99875858640527
97 970 0.018627929757797427 0 0.0088275356096463 9.505168452917056 -720.3839029733894 -142.06880144911705 -1167.500945693768 -131.01871733036722 -118.34738210485666 -13.898201917816785 -0.5426097708223195 156.19187097096423 6.005443913695212
98 980 0.018013193670647652 0 0.008561271067170332 9.477862884181423 -720.4095469784125 -142.02654108076027 -1167.489303345655 -131.01777601894398 -118.35538051793755 -13.876131336704038 -0.5429889092509276 156.1432845664563 6.021995365564412
99 990 0.01724376929745125 0 0.007828961444738457 9.472318071549259 -720.4075166347924 -142.01951633889374 -1167.4663645497885 -131.0257622700469 -118.34611362867109 -13.875226067159447 -0.5432173427880219 156.15728206858626 6.0106248363790025
100 1000 0.017470124009264825 0 0.00900422105958935 9.432292071733048 -720.4476599600717 -142.0091347691098 -1167.4988227735043 -131.04922510741716 -118.35054558827053 -13.825302658297991 -0.5441606015383446 156.1236059507442 5.994792586997396
101 1010 0.016884119044258673 0 0.007885407133035625 9.45393228042546 -720.46417921748 -142.039808881506 -1167.5182826893786 -131.0400968913841 -118.36168150387903 -13.886430436724583 -0.5440493482895987 156.1348025630931 5.972157893730456
102 1020 0.015665053796498685 0 0.008590473616434334 9.490819704226025 -720.4212660020987 -142.0137204788413 -1167.4637718054726 -131.0261818188017 -118.3456783831773 -13.86763246676266 -0.5432069782850171 156.1415921854376 6.021082120239384
103 1030 0.016046782448120592 0 0.008057199680171476 9.460510421433712 -720.4452007464077 -142.0585526334589 -1167.509917335144 -131.0627127369331 -118.313439977532 -13.921480696036282 -0.5434717577469728 156.15415377627141 6.021824084482194
104 1040 0.017122422024828617 0 0.008020998503862356 9.45847594750208 -720.4443514856063 -142.0357384179435 -1167.4910559633609 -131.06429162678972 -118.3295821876551 -13.882367332411954 -0.5440916936248116 156.123175474155 5.988803266015397
105 1050 0.017878936992483524 0 0.007803644866223568 9.436762833951827 -720.4446087139536 -142.0589305833374 -1167.4872768568528 -131.06375829211208 -118.33951316089508 -13.89645461916816 -0.5440794386213731 156.11099160442944 5.9800215236362915
106 1060 0.017784013660702876 0 0.007507801101553151 9.433696111154838 -720.440634575955 -142.0606146800675 -1167.500179538152 -131.06665496349385 -118.34711975012821 -13.896865222283548 -0.5435379542308402 156.12349887981495 5.993158129623475
107 1070 0.017240352225845655 0 0.007934772472307413 9.424044423945919 -720.4294598817208 -142.0361068870362 -1167.48213349257 -131.06801569926 -118.32837397264974 -13.875843299491326 -0.5434810218956111 156.13793945963033 6.003812004673721
108 1080 0.016791041009127126 0 0.007815875750674857 9.435373312403803 -720.4357797601946 -142.04083901906233 -1167.4787239845425 -131.07916878109825 -118.33998539715914 -13.861625558599767 -0.5440856215876957 156.1283987681797 5.987756309693703
109 1090 0.016286035586047683 0 0.008318154490479984 9.44068558208473 -720.423638992772 -142.0194381099766 -1167.461238183513 -131.061453780635 -118.34093119097498 -13.860740234090686 -0.5439528672772843 156.12634779240378 6.010725965216061
110 1100 0.017537201926088482 0 0.008449138795368688 9.462064169264712 -720.3651649141317 -142.0672081135335 -1167.4317377693574 -131.05584320965323 -118.30658465223655 -13.903609312105592 -0.5428659316185467 156.17547232916 6.020877030297847
111 1110 0.01777014836414162 0 0.00816372586259759 9.487125622022072 -720.3786597285967 -142.03805978075 -1167.455953930272 -131.04213967227727 -118.32191156167042 -13.898577099213721 -0.5430726853286924 156.19137048779794 5.999634874624112
112 1120 0.0166364277077391 0 0.008248524300351646 9.473671108972491 -720.3579880000755 -142.0246643371179 -1167.4223286063198 -131.0292214539634 -118.30797985596057 -13.871812822782037 -0.5428697976117766 156.16653954371122 6.044919628375092
113 1130 0.016787969144638808 0 0.007687465524026202 9.411831835184444 -720.4036891495787 -142.03124702954875 -1167.464113879919 -131.05537421985596 -118.344991994834 -13.838992312087127 -0.5435627709616316 156.10335788376676 5.991356285758412
114 1140 0.01712286845524331 0 0.008402724507022353 9.42801913276158 -720.42122035992 -142.02526895467483 -1167.459024515999 -131.04826109319896 -118.33946593285043 -13.863249935029708 -0.5437988150741694 156.1011098734501 5.980304718644152
115 1150 0.01741402145695987 0 0.00801790404249137 9.41169506333141 -720.4054882048626 -142.00763364482938 -1167.458966064997 -131.04200944427146 -118.34578346619217 -13.831113251583051 -0.5435174029444926 156.09246531827458 5.978871452793598
116 1160 0.016923746857788337 0 0.007517787866365644 9.443238894232502 -720.387172485469 -142.0209036165224 -1167.4323706872958 -131.03551648694688 -118.30624173147763 -13.856734004147821 -0.543582172668212 156.12614193500818 5.99656524840731
117 1170 0.017042834483056185 0 0.0080345348763865 9.44371468264919 -720.389494040582 -141.97688427020293 -1167.4229675203285 -131.03569579479984 -118.32098247085759 -13.817145810283716 -0.5437146258092479 156.09793851031557 6.027180071536328
118 1180 0.016558306997807505 0 0.00797558192687559 9.445691416995572 -720.3947105303026 -142.02110037548564 -1167.4525377796726 -131.0367702046988 -118.2987568851449 -13.859171725741511 -0.5434678081576947 156.1247506437299 6.004629344169608
119 1190 0.015646607335114943 0 0.008061011227896358 9.464118964341676 -720.3900819073438 -142.0025163274924 -1167.4296099601308 -131.0419115755008 -118.32301163535179 -13.856674448762517 -0.5433695489944116 156.13947357388219 6.0070288880523925
120 1200 0.015409683857623611 0 0.007677292329300672 9.441770687974046 -720.3762150411724 -142.00364965901193 -1167.402061401145 -131.0429301830953 -118.2945000818448 -13.825978205777616 -0.5441101537987234 156.11512684976222 5.992972984972052
121 1210 0.01485585852598419 0 0.007655388368369434 9.443822350678548 -720.4133213539136 -142.0141420726961 -1167.446330095786 -131.0482732134527 -118.32029096064191 -13.858406653075152 -0.543979043020514 156.1322201381207 5.971642195600392
122 1220 0.013691878827082647 0 0.007627407209385865 9.456110759868897 -720.3840043088182 -142.009952816789 -1167.4156831320684 -131.03745410225392 -118.3011579886322 -13.872771625449838 -0.5434379779024303 156.14875813217512 6.006041556243808
123 1230 0.012913131050358644 0 0.007637528257598277 9.455140870648924 -720.3967042136054 -142.00596717915045 -1167.424144012535 -131.05209607588716 -118.30408309882444 -13.863942823130865 -0.5439367402818652 156.13833446357086 5.988984003676872
124 1240 0.011682953008248885 0 0.007550964907676881 9.444193273726448 -720.401908143636 -141.9880240719666 -1167.420889265604 -131.04042094754152 -118.29602730999851 -13.832437593950004 -0.544189957198501 156.12637405978995 5.989833149561436
125 1250 0.011225736024129854 0 0.007880299519625994 9.445289971852363 -720.4009952092271 -141.98749954715396 -1167.4111775805793 -131.0442495203777 -118.29255100688337 -13.849923595519767 -0.5439512891345135 156.1299520760374 6.008195907199846
126 1260 0.010461673891000011 0 0.007921688148162041 9.450576817326025 -720.406144556534 -141.9970959107961 -1167.4273054478012 -131.04925785014802 -118.29673065771446 -13.854222334631581 -0.5439624507566903 156.13842464898255 5.991533544589193
127 1270 0.010457798948696792 0 0.00765739030163309 9.460667228769053 -720.3985560915803 -142.01470424408092 -1167.4282612962866 -131.06284678227664 -118.29465032747922 -13.882491283152058 -0.5437691777735638 156.16376339523904 5.9958164776546745
128 1280 0.01103650884356532 0 0.00755974554959098 9.445230613050693 -720.4077631626458 -142.01656633855114 -1167.449245927338 -131.05025150665438 -118.28688073376124 -13.866504602929783 -0.5439419188018296 156.15411330429447 5.97070838690137
129 1290 0.010690643953390677 0 0.007634827993118126 9.457083321558459 -720.4208980018835 -142.0063222910809 -1167.440113125134 -131.06418388526728 -118.29871509197577 -13.874849883541224 -0.5442249492567746 156.14223415091035 5.9977661339053405
130 1300 0.011236895939721561 0 0.00728019004233181 9.472253625771607 -720.4344081544557 -142.0254168295965 -1167.472004573417 -131.05537232789942 -118.29109431824104 -13.894800174056426 -0.5442479262561645 156.1659881783239 5.956528912984751
131 1310 0.01089196852698537 0 0.007293759773563854 9.454731078954067 -720.4380024276351 -142.00130292088028 -1167.4538462496687 -131.06084917945532 -118.29136712078851 -13.863029332595902 -0.5446658537089487 156.13874451742632 5.9666720673282265
132 1320 0.010532702204376214 0 0.007145061426168186 9.462374321124903 -720.4174440099023 -142.0201647362057 -1167.4494280885501 -131.0462202309575 -118.30670508865735 -13.870711219985688 -0.5440827845688717 156.15221969387645 5.966994921172338
133 1330 0.010645557590563038 0 0.006762202983258267 9.452801330507365 -720.4391405215536 -142.0209592933721 -1167.4588088518863 -131.05208307011168 -118.30802089024063 -13.864575715063603 -0.5445291989985883 156.13579147933334 5.933804994304846
134 1340 0.010395128726134049 0 0.006931280859082474 9.468459497169802 -720.4312828587797 -142.0388196687044 -1167.474921534543 -131.05843599519739 -118.2942381731524 -13.883743092824549 -0.5441276030195187 156.16590957193128 5.940991954204965
135 1350 0.009932286350926264 0 0.007003016732595131 9.439130437935052 -720.4364022322125 -142.02447848788788 -1167.468191727791 -131.05381372839287 -118.30155297772465 -13.855115770547894 -0.5443929111208419 156.13072663927431 5.942368371445665
136 1360 0.010293335515719825 0 0.006815245338429974 9.458501719258534 -720.442716810483 -142.05304134389155 -1167.4816123278529 -131.05397391015413 -118.29759372135658 -13.88399239266115 -0.5444453329874794 156.16999514842283 5.912194303813101
137 1370 0.010860394077973633 0 0.006610039390350116 9.467019033555113 -720.4414387188648 -142.05131441806412 -1167.487037653216 -131.0486507423093 -118.31925267207062 -13.875881749244849 -0.5444204084961258 156.15857580405557 5.905245416104121
138 1380 0.011387694337438609 0 0.007010423737026309 9.457115413881477 -720.4427372663588 -142.04061195875008 -1167.4859456159138 -131.06851005288905 -118.30323656335389 -13.869681060406696 -0.5445941903758774 156.16002640351303 5.9232469874156175
139 1390 0.011716730005009614 0 0.006908838678731266 9.476437973563828 -720.4540447763113 -142.06509656365142 -1167.5137778389333 -131.05226195134634 -118.31168740106779 -13.902283465609464 -0.5445017714078052 156.1877663810822 5.893114414127365
140 1400 0.01084872946132689 0 0.0069383005507312545 9.468994284622195 -720.4313070047475 -142.04020858971782 -1167.47733209787 -131.04565780872912 -118.29630765888611 -13.871736642855337 -0.5442617513073453 156.16163782702301 5.92757004539731
141 1410 0.010116147492603209 0 0.006622243293179295 9.463581882535088 -720.453544910796 -142.05624523981427 -1167.5022198610782 -131.05263778439198 -118.31590492317494 -13.8779686839391 -0.5447302541420451 156.1636639727788 5.885350169894435
142 1420 0.01025562176375783 0 0.006614299078316815 9.463540343942393 -720.4822228569641 -142.07448372235956 -1167.5273646686196 -131.0681573382127 -118.31806583377907 -13.899311342065518 -0.5451309697801392 156.1758797599865 5.865421837457918
143 1430 0.011048441516633365 0 0.006430480553637618 9.46387950299883 -720.4770296239725 -142.04598178921233 -1167.5042800249755 -131.05543145858547 -118.2986296011608 -13.878376205924178 -0.5453163999473104 156.1583589313262 5.870078248674966
144 1440 0.010756357345382406 0 0.006609938878204198 9.475605245714885 -720.4713063637788 -142.0714906306188 -1167.5252285072427 -131.04117166277985 -118.30707435638995 -13.892129594988898 -0.545006319083941 156.1794756769047 5.842857372052601
145 1450 0.010221177905557034 0 0.0065206593422143235 9.436534146824828 -720.4820794252228 -142.0572953974419 -1167.5091686984217 -131.061474751276 -118.32564932510036 -13.860064992157179 -0.5453770343875117 156.1261495610428 5.874227048356504
146 1460 0.009312157010285243 0 0.006367441881840309 9.461052820762703 -720.4645766968437 -142.06523374847256 -1167.495462283793 -131.06395211894642 -118.3172115576218 -13.879720053164874 -0.5450786415835682 156.16480804902105 5.867775018575335
147 1470 0.008805700420693308 0 0.006058573249596996 9.46732698323346 -720.4844602589561 -142.07991190881836 -1167.5313404367057 -131.04932600359814 -118.3135421034739 -13.898116522568865 -0.5450851329846663 156.16762132543394 5.839336417158618
148 1480 0.008723224451331653 0 0.006258045426761104 9.444185091970597 -720.4649612606737 -142.06341819380341 -1167.499436947736 -131.0504491305868 -118.31340255882776 -13.865615249089405 -0.5450883485271649 156.13683575594817 5.8707640583801926
149 1490 0.008179237290349521 0 0.006521744573132324 9.449946053644075 -720.4699857624444 -142.06949658353733 -1167.5083209024092 -131.05323335521152 -118.31644940427736 -13.876398289751728 -0.5451836950716685 156.15708503763554 5.860141706381759
150 1500 0.007877455280583928 0 0.006154004778975778 9.467556679964675 -720.4652075145289 -142.0739251416808 -1167.5130132643008 -131.04738301718905 -118.32017928244171 -13.879534099863008 -0.5449287935084607 156.16614821790824 5.85525796335952
