This file contains energy of the Grid at certain points in the simulation.
Energy | Step_Number
-10 | 0
-10 | 1
-10 | 2
-9 | 3
-9 | 4
-10 | 5
-10 | 6
-10 | 7
-9 | 8
-10 | 9
-10 | 10
-10 | 11
-10 | 12
-10 | 13
-10 | 14
-10 | 15
-9 | 16
-8 | 17
-8 | 18
-7 | 19
-7 | 20
-7 | 21
-7 | 22
-7 | 23
-7 | 24
-8 | 25
-9 | 26
-9 | 27
-9 | 28
-8 | 29
-9 | 30
-8 | 31
-8 | 32
-8 | 33
-8 | 34
-8 | 35
-8 | 36
-8 | 37
-9 | 38
-8 | 39
-7 | 40
-7 | 41
-7 | 42
-7 | 43
-7 | 44
-7 | 45
-9 | 46
-7 | 47
-7 | 48
-7 | 49
-8 | 50
-8 | 51
-8 | 52
-8 | 53
-10 | 54
-9 | 55
-8 | 56
-8 | 57
-8 | 58
-8 | 59
-8 | 60
-9 | 61
-9 | 62
-9 | 63
-8 | 64
-8 | 65
-8 | 66
-9 | 67
-10 | 68
-10 | 69
-9 | 70
-9 | 71
-9 | 72
-10 | 73
-9 | 74
-8 | 75
-7 | 76
-10 | 77
-10 | 78
-10 | 79
-10 | 80
-10 | 81
-9 | 82
-9 | 83
-8 | 84
-9 | 85
-9 | 86
-8 | 87
-10 | 88
-10 | 89
-9 | 90
-9 | 91
-9 | 92
-8 | 93
-9 | 94
-8 | 95
-8 | 96
-8 | 97
-8 | 98
-7 | 99
-7 | 100
-8 | 101
-9 | 102
-9 | 103
-8 | 104
-8 | 105
-8 | 106
-9 | 107
-9 | 108
-8 | 109
-9 | 110
-9 | 111
-8 | 112
-8 | 113
-8 | 114
-8 | 115
-9 | 116
-9 | 117
-9 | 118
-8 | 119
-8 | 120
-8 | 121
-10 | 122
-9 | 123
-9 | 124
-9 | 125
-8 | 126
-10 | 127
-10 | 128
-10 | 129
-10 | 130
-10 | 131
-9 | 132
-9 | 133
-8 | 134
-8 | 135
-10 | 136
-10 | 137
-8 | 138
-8 | 139
-9 | 140
-10 | 141
-10 | 142
-9 | 143
-10 | 144
-8 | 145
-8 | 146
-8 | 147
-8 | 148
-8 | 149
-8 | 150
-8 | 151
-8 | 152
-7 | 153
-7 | 154
-7 | 155
-7 | 156
-7 | 157
-7 | 158
-7 | 159
-7 | 160
-7 | 161
-7 | 162
-7 | 163
-7 | 164
-7 | 165
-7 | 166
-7 | 167
-7 | 168
-7 | 169
-7 | 170
-7 | 171
-7 | 172
-7 | 173
-7 | 174
-7 | 175
-7 | 176
-7 | 177
-7 | 178
-7 | 179
-7 | 180
-7 | 181
-7 | 182
-7 | 183
-7 | 184
-7 | 185
-7 | 186
-7 | 187
-7 | 188
-7 | 189
-7 | 190
-7 | 191
-7 | 192
-7 | 193
-7 | 194
-7 | 195
-7 | 196
-7 | 197
-7 | 198
-7 | 199
-7 | 200
-7 | 201
-7 | 202
-7 | 203
-7 | 204
-7 | 205
-7 | 206
-7 | 207
-7 | 208
-8 | 209
-8 | 210
-8 | 211
-8 | 212
-7 | 213
-7 | 214
-7 | 215
-7 | 216
-7 | 217
-7 | 218
-7 | 219
-7 | 220
-7 | 221
-7 | 222
-7 | 223
-7 | 224
-7 | 225
-7 | 226
-7 | 227
-7 | 228
-7 | 229
-7 | 230
-7 | 231
-7 | 232
-7 | 233
-7 | 234
-7 | 235
-7 | 236
-7 | 237
-7 | 238
-7 | 239
-7 | 240
-7 | 241
-7 | 242
-7 | 243
-7 | 244
-7 | 245
-7 | 246
-7 | 247
-7 | 248
-7 | 249
-7 | 250
-7 | 251
-7 | 252
-7 | 253
-7 | 254
-7 | 255
-8 | 256
-8 | 257
-7 | 258
-7 | 259
-7 | 260
-8 | 261
-8 | 262
-8 | 263
-8 | 264
-8 | 265
-8 | 266
-9 | 267
-9 | 268
-8 | 269
-9 | 270
-8 | 271
-8 | 272
-9 | 273
-9 | 274
-8 | 275
-8 | 276
-8 | 277
-8 | 278
-9 | 279
-8 | 280
-8 | 281
-8 | 282
-8 | 283
-8 | 284
-9 | 285
-10 | 286
-9 | 287
-9 | 288
-8 | 289
-8 | 290
-7 | 291
-7 | 292
-7 | 293
-7 | 294
-7 | 295
-9 | 296
-9 | 297
-9 | 298
-9 | 299
-9 | 300
-9 | 301
-10 | 302
-9 | 303
-10 | 304
-9 | 305
-8 | 306
-9 | 307
-9 | 308
-8 | 309
-7 | 310
-8 | 311
-8 | 312
-10 | 313
-10 | 314
-9 | 315
-8 | 316
-8 | 317
-9 | 318
-9 | 319
-9 | 320
-9 | 321
-8 | 322
-8 | 323
-7 | 324
-7 | 325
-7 | 326
-8 | 327
-8 | 328
-9 | 329
-8 | 330
-10 | 331
-9 | 332
-8 | 333
-8 | 334
-8 | 335
-8 | 336
-8 | 337
-8 | 338
-8 | 339
-8 | 340
-8 | 341
-8 | 342
-8 | 343
-9 | 344
-8 | 345
-9 | 346
-8 | 347
-8 | 348
-8 | 349
-8 | 350
-8 | 351
-9 | 352
-8 | 353
-8 | 354
-8 | 355
-7 | 356
-7 | 357
-7 | 358
-7 | 359
-7 | 360
-7 | 361
-7 | 362
-7 | 363
-7 | 364
-7 | 365
-8 | 366
-9 | 367
-9 | 368
-10 | 369
-9 | 370
-9 | 371
-9 | 372
-9 | 373
-9 | 374
-9 | 375
-9 | 376
-9 | 377
-9 | 378
-9 | 379
-9 | 380
-9 | 381
-8 | 382
-9 | 383
-7 | 384
-7 | 385
-7 | 386
-7 | 387
-7 | 388
-7 | 389
-7 | 390
-7 | 391
-7 | 392
-7 | 393
-8 | 394
-8 | 395
-8 | 396
-8 | 397
-8 | 398
-7 | 399
-7 | 400
-7 | 401
-7 | 402
-7 | 403
-8 | 404
-8 | 405
-8 | 406
-7 | 407
-7 | 408
-8 | 409
-8 | 410
-8 | 411
-7 | 412
-7 | 413
-7 | 414
-7 | 415
-7 | 416
-7 | 417
-7 | 418
-7 | 419
-7 | 420
-7 | 421
-7 | 422
-7 | 423
-7 | 424
-7 | 425
-7 | 426
-8 | 427
-8 | 428
-7 | 429
-7 | 430
-7 | 431
-7 | 432
-7 | 433
-8 | 434
-8 | 435
-8 | 436
-10 | 437
-10 | 438
-10 | 439
-10 | 440
-10 | 441
-10 | 442
-10 | 443
-9 | 444
-10 | 445
-10 | 446
-10 | 447
-10 | 448
-10 | 449
-10 | 450
-8 | 451
-8 | 452
-9 | 453
-8 | 454
-9 | 455
-8 | 456
-8 | 457
-8 | 458
-8 | 459
-9 | 460
-8 | 461
-9 | 462
-9 | 463
-9 | 464
-9 | 465
-9 | 466
-8 | 467
-9 | 468
-8 | 469
-8 | 470
-8 | 471
-8 | 472
-8 | 473
-8 | 474
-8 | 475
-8 | 476
-8 | 477
-8 | 478
-8 | 479
-8 | 480
-8 | 481
-8 | 482
-8 | 483
-8 | 484
-7 | 485
-9 | 486
-8 | 487
-8 | 488
-8 | 489
-8 | 490
-10 | 491
-10 | 492
-10 | 493
-10 | 494
-10 | 495
-10 | 496
-8 | 497
-8 | 498
-8 | 499
-8 | 500
-8 | 501
-8 | 502
-8 | 503
-8 | 504
-8 | 505
-8 | 506
-8 | 507
-8 | 508
-8 | 509
-9 | 510
-9 | 511
-9 | 512
-9 | 513
-9 | 514
-8 | 515
-8 | 516
-10 | 517
-12 | 518
-10 | 519
-10 | 520
-10 | 521
-10 | 522
-9 | 523
-9 | 524
-9 | 525
-9 | 526
-9 | 527
-8 | 528
-8 | 529
-9 | 530
-9 | 531
-9 | 532
-8 | 533
-7 | 534
-7 | 535
-7 | 536
-7 | 537
-8 | 538
-7 | 539
-7 | 540
-7 | 541
-7 | 542
-7 | 543
-7 | 544
-7 | 545
-7 | 546
-7 | 547
-7 | 548
-8 | 549
-7 | 550
-7 | 551
-7 | 552
-7 | 553
-7 | 554
-7 | 555
-7 | 556
-7 | 557
-7 | 558
-7 | 559
-8 | 560
-9 | 561
-9 | 562
-9 | 563
-8 | 564
-9 | 565
-9 | 566
-8 | 567
-8 | 568
-8 | 569
-9 | 570
-10 | 571
-9 | 572
-9 | 573
-8 | 574
-7 | 575
-8 | 576
-9 | 577
-10 | 578
-12 | 579
-12 | 580
-12 | 581
-12 | 582
-12 | 583
-12 | 584
-10 | 585
-10 | 586
-9 | 587
-10 | 588
-9 | 589
-9 | 590
-10 | 591
-12 | 592
-12 | 593
-12 | 594
-12 | 595
-12 | 596
-12 | 597
-12 | 598
-12 | 599
-12 | 600
-12 | 601
-10 | 602
-9 | 603
-9 | 604
-9 | 605
-10 | 606
-10 | 607
-10 | 608
-10 | 609
-12 | 610
-10 | 611
-10 | 612
-10 | 613
-9 | 614
-9 | 615
-9 | 616
-9 | 617
-10 | 618
-9 | 619
-8 | 620
-8 | 621
-9 | 622
-9 | 623
-9 | 624
-10 | 625
-9 | 626
-8 | 627
-9 | 628
-8 | 629
-8 | 630
-8 | 631
-8 | 632
-10 | 633
-10 | 634
-9 | 635
-8 | 636
-7 | 637
-7 | 638
-7 | 639
-7 | 640
-7 | 641
-7 | 642
-7 | 643
-7 | 644
-7 | 645
-8 | 646
-8 | 647
-8 | 648
-10 | 649
-12 | 650
-12 | 651
-10 | 652
-10 | 653
-10 | 654
-10 | 655
-9 | 656
-9 | 657
-9 | 658
-9 | 659
-8 | 660
-9 | 661
-9 | 662
-9 | 663
-9 | 664
-8 | 665
-8 | 666
-8 | 667
-9 | 668
-9 | 669
-8 | 670
-8 | 671
-8 | 672
-8 | 673
-8 | 674
-7 | 675
-7 | 676
-7 | 677
-7 | 678
-7 | 679
-7 | 680
-7 | 681
-8 | 682
-8 | 683
-8 | 684
-8 | 685
-8 | 686
-9 | 687
-9 | 688
-9 | 689
-10 | 690
-10 | 691
-10 | 692
-9 | 693
-9 | 694
-9 | 695
-9 | 696
-9 | 697
-9 | 698
-9 | 699
-8 | 700
-10 | 701
-8 | 702
-8 | 703
-7 | 704
-7 | 705
-7 | 706
-7 | 707
-7 | 708
-7 | 709
-7 | 710
-7 | 711
-7 | 712
-7 | 713
-7 | 714
-7 | 715
-7 | 716
-7 | 717
-7 | 718
-8 | 719
-8 | 720
-8 | 721
-8 | 722
-8 | 723
-8 | 724
-8 | 725
-8 | 726
-8 | 727
-8 | 728
-8 | 729
-8 | 730
-8 | 731
-9 | 732
-8 | 733
-8 | 734
-8 | 735
-8 | 736
-7 | 737
-8 | 738
-8 | 739
-8 | 740
-7 | 741
-7 | 742
-7 | 743
-7 | 744
-8 | 745
-7 | 746
-7 | 747
-7 | 748
-7 | 749
-8 | 750
-8 | 751
-8 | 752
-8 | 753
-7 | 754
-7 | 755
-10 | 756
-9 | 757
-10 | 758
-10 | 759
-10 | 760
-10 | 761
-10 | 762
-9 | 763
-9 | 764
-8 | 765
-8 | 766
-7 | 767
-7 | 768
-7 | 769
-7 | 770
-7 | 771
-7 | 772
-8 | 773
-8 | 774
-7 | 775
-7 | 776
-7 | 777
-7 | 778
-8 | 779
-8 | 780
-7 | 781
-7 | 782
-7 | 783
-7 | 784
-7 | 785
-7 | 786
-7 | 787
-7 | 788
-7 | 789
-7 | 790
-7 | 791
-7 | 792
-7 | 793
-7 | 794
-7 | 795
-7 | 796
-7 | 797
-7 | 798
-7 | 799
-7 | 800
-8 | 801
-8 | 802
-8 | 803
-7 | 804
-7 | 805
-7 | 806
-7 | 807
-7 | 808
-7 | 809
-7 | 810
-7 | 811
-8 | 812
-9 | 813
-9 | 814
-9 | 815
-8 | 816
-8 | 817
-10 | 818
-10 | 819
-10 | 820
-8 | 821
-7 | 822
-8 | 823
-9 | 824
-7 | 825
-7 | 826
-7 | 827
-8 | 828
-8 | 829
-8 | 830
-8 | 831
-9 | 832
-10 | 833
-10 | 834
-9 | 835
-9 | 836
-10 | 837
-9 | 838
-8 | 839
-8 | 840
-8 | 841
-8 | 842
-8 | 843
-8 | 844
-8 | 845
-7 | 846
-8 | 847
-8 | 848
-8 | 849
-8 | 850
-8 | 851
-8 | 852
-8 | 853
-7 | 854
-7 | 855
-7 | 856
-7 | 857
-9 | 858
-9 | 859
-9 | 860
-10 | 861
-10 | 862
-9 | 863
-9 | 864
-9 | 865
-10 | 866
-10 | 867
-9 | 868
-7 | 869
-9 | 870
-10 | 871
-10 | 872
-9 | 873
-10 | 874
-10 | 875
-9 | 876
-7 | 877
-7 | 878
-7 | 879
-7 | 880
-7 | 881
-8 | 882
-9 | 883
-10 | 884
-10 | 885
-10 | 886
-10 | 887
-10 | 888
-10 | 889
-10 | 890
-10 | 891
-10 | 892
-8 | 893
-8 | 894
-8 | 895
-8 | 896
-8 | 897
-7 | 898
-7 | 899
-7 | 900
-7 | 901
-7 | 902
-9 | 903
-9 | 904
-10 | 905
-9 | 906
-9 | 907
-9 | 908
-9 | 909
-8 | 910
-9 | 911
-8 | 912
-9 | 913
-9 | 914
-9 | 915
-8 | 916
-7 | 917
-7 | 918
-7 | 919
-7 | 920
-7 | 921
-7 | 922
-7 | 923
-7 | 924
-7 | 925
-7 | 926
-7 | 927
-7 | 928
-7 | 929
-7 | 930
-7 | 931
-7 | 932
-7 | 933
-7 | 934
-7 | 935
-7 | 936
-7 | 937
-7 | 938
-7 | 939
-7 | 940
-7 | 941
-7 | 942
-8 | 943
-9 | 944
-9 | 945
-9 | 946
-9 | 947
-9 | 948
-9 | 949
-8 | 950
-8 | 951
-9 | 952
-9 | 953
-10 | 954
-10 | 955
-10 | 956
-10 | 957
-10 | 958
-9 | 959
-10 | 960
-10 | 961
-9 | 962
-10 | 963
-10 | 964
-10 | 965
-10 | 966
-10 | 967
-9 | 968
-10 | 969
-10 | 970
-9 | 971
-9 | 972
-9 | 973
-10 | 974
-10 | 975
-10 | 976
-10 | 977
-8 | 978
-8 | 979
-8 | 980
-8 | 981
-9 | 982
-9 | 983
-9 | 984
-7 | 985
-8 | 986
-7 | 987
-7 | 988
-8 | 989
-9 | 990
-9 | 991
-9 | 992
-9 | 993
-9 | 994
-9 | 995
-9 | 996
-10 | 997
-8 | 998
-8 | 999
-8 | 1000
