-8 | 8 | 8 | 0 | 32 | 32 | 0 | 0
-8 | 8 | 8 | 0 | 32 | 32 | 0 | 1
-8 | 8 | 8 | 0 | 32 | 32 | 0 | 2
-8 | 8 | 8 | 0 | 32 | 32 | 0 | 3
-8 | 8 | 8 | 0 | 32 | 32 | 0 | 4
-8 | 8 | 8 | 0 | 32 | 32 | 0 | 5
-8 | 8 | 8 | 0 | 32 | 32 | 0 | 6
-8 | 8 | 8 | 0 | 32 | 32 | 0 | 7
-8 | 8 | 8 | 0 | 32 | 32 | 0 | 8
-8 | 8 | 8 | 0 | 32 | 32 | 0 | 9
-8 | 8 | 8 | 0 | 32 | 32 | 0 | 10
-8 | 8 | 8 | 0 | 32 | 32 | 0 | 11
-8 | 8 | 8 | 0 | 32 | 32 | 0 | 12
-8 | 8 | 8 | 0 | 32 | 32 | 0 | 13
-8 | 8 | 8 | 0 | 32 | 32 | 0 | 14
-8 | 8 | 8 | 0 | 32 | 32 | 0 | 15
-8 | 8 | 8 | 0 | 32 | 32 | 0 | 16
-8 | 8 | 8 | 0 | 32 | 32 | 0 | 17
-8 | 8 | 8 | 0 | 32 | 32 | 0 | 18
-8 | 8 | 8 | 0 | 32 | 32 | 0 | 19
-8 | 8 | 8 | 0 | 32 | 32 | 0 | 20
-8 | 8 | 8 | 0 | 32 | 32 | 0 | 21
-8 | 8 | 8 | 0 | 32 | 32 | 0 | 22
-8 | 8 | 8 | 0 | 32 | 32 | 0 | 23
-8 | 8 | 8 | 0 | 32 | 32 | 0 | 24
-8 | 8 | 8 | 0 | 32 | 32 | 0 | 25
-8 | 8 | 8 | 0 | 32 | 31 | 1 | 26
-8 | 8 | 8 | 0 | 32 | 21 | 11 | 27
-8 | 8 | 8 | 0 | 32 | 21 | 11 | 28
-8 | 8 | 8 | 0 | 32 | 22 | 10 | 29
-8 | 8 | 8 | 0 | 32 | 23 | 9 | 30
-9 | 9 | 9 | 0 | 30 | 21 | 9 | 31
-9 | 9 | 9 | 0 | 30 | 21 | 9 | 32
-9 | 9 | 9 | 0 | 30 | 26 | 4 | 33
-9 | 9 | 9 | 0 | 30 | 26 | 4 | 34
-9 | 9 | 9 | 0 | 30 | 26 | 4 | 35
-9 | 9 | 9 | 0 | 30 | 26 | 4 | 36
-9 | 9 | 9 | 0 | 30 | 26 | 4 | 37
-9 | 9 | 9 | 0 | 30 | 26 | 4 | 38
-9 | 9 | 9 | 0 | 30 | 18 | 12 | 39
-9 | 9 | 9 | 0 | 30 | 18 | 12 | 40
-9 | 9 | 9 | 0 | 30 | 18 | 12 | 41
-9 | 9 | 9 | 0 | 30 | 17 | 13 | 42
-9 | 9 | 6 | 3 | 30 | 15 | 15 | 43
-9 | 9 | 6 | 3 | 30 | 15 | 15 | 44
-9 | 9 | 6 | 3 | 30 | 15 | 15 | 45
-10 | 10 | 7 | 3 | 28 | 17 | 11 | 46
-10 | 10 | 7 | 3 | 28 | 20 | 8 | 47
-10 | 10 | 7 | 3 | 28 | 20 | 8 | 48
-10 | 10 | 7 | 3 | 28 | 20 | 8 | 49
-10 | 10 | 7 | 3 | 28 | 20 | 8 | 50
-10 | 10 | 7 | 3 | 28 | 20 | 8 | 51
-10 | 10 | 7 | 3 | 28 | 20 | 8 | 52
-10 | 10 | 7 | 3 | 28 | 22 | 6 | 53
-10 | 10 | 7 | 3 | 28 | 22 | 6 | 54
-10 | 10 | 7 | 3 | 28 | 22 | 6 | 55
-10 | 10 | 7 | 3 | 28 | 22 | 6 | 56
-10 | 10 | 7 | 3 | 28 | 22 | 6 | 57
-10 | 10 | 7 | 3 | 28 | 22 | 6 | 58
-10 | 10 | 7 | 3 | 28 | 22 | 6 | 59
-10 | 10 | 7 | 3 | 28 | 19 | 9 | 60
-10 | 10 | 8 | 2 | 28 | 20 | 8 | 61
-10 | 10 | 8 | 2 | 28 | 20 | 8 | 62
-10 | 10 | 8 | 2 | 28 | 20 | 8 | 63
-10 | 10 | 8 | 2 | 28 | 20 | 8 | 64
-10 | 10 | 8 | 2 | 28 | 20 | 8 | 65
-10 | 10 | 5 | 5 | 28 | 17 | 11 | 66
-10 | 10 | 5 | 5 | 28 | 15 | 13 | 67
-10 | 10 | 5 | 5 | 28 | 15 | 13 | 68
-10 | 10 | 5 | 5 | 28 | 15 | 13 | 69
-10 | 10 | 5 | 5 | 28 | 15 | 13 | 70
-10 | 10 | 5 | 5 | 28 | 15 | 13 | 71
-10 | 10 | 5 | 5 | 28 | 15 | 13 | 72
-10 | 10 | 5 | 5 | 28 | 15 | 13 | 73
-10 | 10 | 5 | 5 | 28 | 15 | 13 | 74
-10 | 10 | 5 | 5 | 28 | 15 | 13 | 75
-10 | 10 | 5 | 5 | 28 | 15 | 13 | 76
-10 | 10 | 5 | 5 | 28 | 17 | 11 | 77
-10 | 10 | 5 | 5 | 28 | 17 | 11 | 78
-10 | 10 | 5 | 5 | 28 | 17 | 11 | 79
-10 | 10 | 5 | 5 | 28 | 17 | 11 | 80
-10 | 10 | 5 | 5 | 28 | 17 | 11 | 81
-10 | 10 | 5 | 5 | 28 | 17 | 11 | 82
-10 | 10 | 5 | 5 | 28 | 17 | 11 | 83
-10 | 10 | 5 | 5 | 28 | 17 | 11 | 84
-10 | 10 | 5 | 5 | 28 | 17 | 11 | 85
-10 | 10 | 5 | 5 | 28 | 15 | 13 | 86
-10 | 10 | 5 | 5 | 28 | 15 | 13 | 87
-10 | 10 | 5 | 5 | 28 | 15 | 13 | 88
-10 | 10 | 5 | 5 | 28 | 16 | 12 | 89
-10 | 10 | 5 | 5 | 28 | 16 | 12 | 90
-10 | 10 | 5 | 5 | 28 | 16 | 12 | 91
-10 | 10 | 5 | 5 | 28 | 16 | 12 | 92
-12 | 12 | 6 | 6 | 24 | 13 | 11 | 93
-12 | 12 | 6 | 6 | 24 | 13 | 11 | 94
-12 | 12 | 6 | 6 | 24 | 13 | 11 | 95
-12 | 12 | 6 | 6 | 24 | 13 | 11 | 96
-12 | 12 | 6 | 6 | 24 | 13 | 11 | 97
-12 | 12 | 6 | 6 | 24 | 13 | 11 | 98
-12 | 12 | 6 | 6 | 24 | 8 | 16 | 99
-12 | 12 | 6 | 6 | 24 | 8 | 16 | 100
-12 | 12 | 6 | 6 | 24 | 7 | 17 | 101
-12 | 12 | 6 | 6 | 24 | 7 | 17 | 102
-12 | 12 | 6 | 6 | 24 | 7 | 17 | 103
-12 | 12 | 6 | 6 | 24 | 7 | 17 | 104
-12 | 12 | 6 | 6 | 24 | 7 | 17 | 105
-12 | 12 | 6 | 6 | 24 | 7 | 17 | 106
-12 | 12 | 6 | 6 | 24 | 7 | 17 | 107
-12 | 12 | 6 | 6 | 24 | 7 | 17 | 108
-12 | 12 | 6 | 6 | 24 | 7 | 17 | 109
-12 | 12 | 6 | 6 | 24 | 7 | 17 | 110
-12 | 12 | 6 | 6 | 24 | 7 | 17 | 111
-12 | 12 | 6 | 6 | 24 | 6 | 18 | 112
-12 | 12 | 6 | 6 | 24 | 6 | 18 | 113
-12 | 12 | 6 | 6 | 24 | 5 | 19 | 114
-12 | 12 | 6 | 6 | 24 | 5 | 19 | 115
-12 | 12 | 6 | 6 | 24 | 4 | 20 | 116
-12 | 12 | 6 | 6 | 24 | 4 | 20 | 117
-12 | 12 | 6 | 6 | 24 | 4 | 20 | 118
-12 | 12 | 6 | 6 | 24 | 4 | 20 | 119
-12 | 12 | 6 | 6 | 24 | 4 | 20 | 120
-12 | 12 | 6 | 6 | 24 | 4 | 20 | 121
-12 | 12 | 6 | 6 | 24 | 4 | 20 | 122
-12 | 12 | 6 | 6 | 24 | 4 | 20 | 123
-12 | 12 | 6 | 6 | 24 | 4 | 20 | 124
-12 | 12 | 6 | 6 | 24 | 4 | 20 | 125
-12 | 12 | 6 | 6 | 24 | 4 | 20 | 126
-12 | 12 | 6 | 6 | 24 | 4 | 20 | 127
-12 | 12 | 6 | 6 | 24 | 4 | 20 | 128
-12 | 12 | 6 | 6 | 24 | 4 | 20 | 129
-12 | 12 | 6 | 6 | 24 | 5 | 19 | 130
-12 | 12 | 6 | 6 | 24 | 5 | 19 | 131
-12 | 12 | 6 | 6 | 24 | 5 | 19 | 132
-12 | 12 | 6 | 6 | 24 | 5 | 19 | 133
-12 | 12 | 6 | 6 | 24 | 5 | 19 | 134
-12 | 12 | 6 | 6 | 24 | 5 | 19 | 135
-12 | 12 | 6 | 6 | 24 | 5 | 19 | 136
-12 | 12 | 6 | 6 | 24 | 5 | 19 | 137
-12 | 12 | 6 | 6 | 24 | 5 | 19 | 138
-12 | 12 | 6 | 6 | 24 | 5 | 19 | 139
-12 | 12 | 6 | 6 | 24 | 5 | 19 | 140
-12 | 12 | 6 | 6 | 24 | 5 | 19 | 141
-12 | 12 | 6 | 6 | 24 | 5 | 19 | 142
-12 | 12 | 6 | 6 | 24 | 5 | 19 | 143
-12 | 12 | 6 | 6 | 24 | 5 | 19 | 144
-12 | 12 | 6 | 6 | 24 | 5 | 19 | 145
-12 | 12 | 6 | 6 | 24 | 5 | 19 | 146
-12 | 12 | 6 | 6 | 24 | 5 | 19 | 147
-12 | 12 | 6 | 6 | 24 | 5 | 19 | 148
-12 | 12 | 6 | 6 | 24 | 5 | 19 | 149
-12 | 12 | 6 | 6 | 24 | 5 | 19 | 150
-12 | 12 | 6 | 6 | 24 | 5 | 19 | 151
-12 | 12 | 6 | 6 | 24 | 5 | 19 | 152
-12 | 12 | 3 | 9 | 24 | 4 | 20 | 153
-12 | 12 | 3 | 9 | 24 | 4 | 20 | 154
-12 | 12 | 3 | 9 | 24 | 4 | 20 | 155
-12 | 12 | 3 | 9 | 24 | 4 | 20 | 156
-12 | 12 | 3 | 9 | 24 | 4 | 20 | 157
-12 | 12 | 3 | 9 | 24 | 4 | 20 | 158
-12 | 12 | 3 | 9 | 24 | 4 | 20 | 159
-12 | 12 | 3 | 9 | 24 | 4 | 20 | 160
-12 | 12 | 3 | 9 | 24 | 4 | 20 | 161
-12 | 12 | 3 | 9 | 24 | 4 | 20 | 162
-12 | 12 | 3 | 9 | 24 | 4 | 20 | 163
-12 | 12 | 3 | 9 | 24 | 4 | 20 | 164
-12 | 12 | 3 | 9 | 24 | 4 | 20 | 165
-12 | 12 | 3 | 9 | 24 | 4 | 20 | 166
-12 | 12 | 3 | 9 | 24 | 4 | 20 | 167
-12 | 12 | 3 | 9 | 24 | 4 | 20 | 168
-12 | 12 | 3 | 9 | 24 | 4 | 20 | 169
-12 | 12 | 3 | 9 | 24 | 4 | 20 | 170
-12 | 12 | 3 | 9 | 24 | 4 | 20 | 171
-12 | 12 | 3 | 9 | 24 | 4 | 20 | 172
-12 | 12 | 3 | 9 | 24 | 4 | 20 | 173
-12 | 12 | 3 | 9 | 24 | 3 | 21 | 174
-12 | 12 | 3 | 9 | 24 | 3 | 21 | 175
-12 | 12 | 3 | 9 | 24 | 3 | 21 | 176
-12 | 12 | 3 | 9 | 24 | 3 | 21 | 177
-12 | 12 | 3 | 9 | 24 | 3 | 21 | 178
-12 | 12 | 3 | 9 | 24 | 3 | 21 | 179
-12 | 12 | 3 | 9 | 24 | 3 | 21 | 180
-12 | 12 | 3 | 9 | 24 | 3 | 21 | 181
-12 | 12 | 3 | 9 | 24 | 3 | 21 | 182
-12 | 12 | 3 | 9 | 24 | 3 | 21 | 183
-12 | 12 | 3 | 9 | 24 | 3 | 21 | 184
-12 | 12 | 3 | 9 | 24 | 3 | 21 | 185
-12 | 12 | 3 | 9 | 24 | 3 | 21 | 186
-12 | 12 | 3 | 9 | 24 | 3 | 21 | 187
-12 | 12 | 3 | 9 | 24 | 3 | 21 | 188
-12 | 12 | 3 | 9 | 24 | 3 | 21 | 189
-12 | 12 | 3 | 9 | 24 | 3 | 21 | 190
-12 | 12 | 3 | 9 | 24 | 3 | 21 | 191
-12 | 12 | 3 | 9 | 24 | 3 | 21 | 192
-12 | 12 | 3 | 9 | 24 | 3 | 21 | 193
-12 | 12 | 3 | 9 | 24 | 3 | 21 | 194
-12 | 12 | 3 | 9 | 24 | 3 | 21 | 195
-12 | 12 | 3 | 9 | 24 | 3 | 21 | 196
-12 | 12 | 3 | 9 | 24 | 2 | 22 | 197
-12 | 12 | 3 | 9 | 24 | 2 | 22 | 198
-12 | 12 | 3 | 9 | 24 | 2 | 22 | 199
-12 | 12 | 3 | 9 | 24 | 2 | 22 | 200
-12 | 12 | 3 | 9 | 24 | 2 | 22 | 201
-12 | 12 | 3 | 9 | 24 | 2 | 22 | 202
-12 | 12 | 3 | 9 | 24 | 2 | 22 | 203
-12 | 12 | 3 | 9 | 24 | 2 | 22 | 204
-12 | 12 | 3 | 9 | 24 | 2 | 22 | 205
-12 | 12 | 3 | 9 | 24 | 2 | 22 | 206
-12 | 12 | 3 | 9 | 24 | 2 | 22 | 207
-12 | 12 | 3 | 9 | 24 | 2 | 22 | 208
-12 | 12 | 3 | 9 | 24 | 2 | 22 | 209
-12 | 12 | 3 | 9 | 24 | 2 | 22 | 210
-12 | 12 | 3 | 9 | 24 | 2 | 22 | 211
-12 | 12 | 3 | 9 | 24 | 2 | 22 | 212
-12 | 12 | 3 | 9 | 24 | 2 | 22 | 213
-12 | 12 | 3 | 9 | 24 | 2 | 22 | 214
-12 | 12 | 3 | 9 | 24 | 2 | 22 | 215
-12 | 12 | 3 | 9 | 24 | 2 | 22 | 216
-12 | 12 | 3 | 9 | 24 | 2 | 22 | 217
-12 | 12 | 3 | 9 | 24 | 2 | 22 | 218
-12 | 12 | 3 | 9 | 24 | 2 | 22 | 219
-12 | 12 | 3 | 9 | 24 | 2 | 22 | 220
-12 | 12 | 3 | 9 | 24 | 2 | 22 | 221
-12 | 12 | 3 | 9 | 24 | 2 | 22 | 222
-12 | 12 | 3 | 9 | 24 | 2 | 22 | 223
-12 | 12 | 3 | 9 | 24 | 2 | 22 | 224
-12 | 12 | 3 | 9 | 24 | 2 | 22 | 225
-12 | 12 | 3 | 9 | 24 | 2 | 22 | 226
-12 | 12 | 3 | 9 | 24 | 2 | 22 | 227
-12 | 12 | 3 | 9 | 24 | 2 | 22 | 228
-12 | 12 | 3 | 9 | 24 | 2 | 22 | 229
-12 | 12 | 3 | 9 | 24 | 2 | 22 | 230
-12 | 12 | 3 | 9 | 24 | 2 | 22 | 231
-12 | 12 | 4 | 8 | 24 | 2 | 22 | 232
-12 | 12 | 4 | 8 | 24 | 2 | 22 | 233
-12 | 12 | 4 | 8 | 24 | 2 | 22 | 234
-12 | 12 | 4 | 8 | 24 | 2 | 22 | 235
-12 | 12 | 4 | 8 | 24 | 2 | 22 | 236
-12 | 12 | 4 | 8 | 24 | 2 | 22 | 237
-12 | 12 | 4 | 8 | 24 | 2 | 22 | 238
-12 | 12 | 4 | 8 | 24 | 2 | 22 | 239
-12 | 12 | 4 | 8 | 24 | 2 | 22 | 240
-12 | 12 | 4 | 8 | 24 | 2 | 22 | 241
-12 | 12 | 4 | 8 | 24 | 2 | 22 | 242
-12 | 12 | 4 | 8 | 24 | 2 | 22 | 243
-12 | 12 | 4 | 8 | 24 | 2 | 22 | 244
-12 | 12 | 4 | 8 | 24 | 2 | 22 | 245
-12 | 12 | 4 | 8 | 24 | 2 | 22 | 246
-12 | 12 | 4 | 8 | 24 | 2 | 22 | 247
-12 | 12 | 4 | 8 | 24 | 2 | 22 | 248
-12 | 12 | 4 | 8 | 24 | 2 | 22 | 249
-12 | 12 | 4 | 8 | 24 | 2 | 22 | 250
-12 | 12 | 4 | 8 | 24 | 2 | 22 | 251
-12 | 12 | 4 | 8 | 24 | 2 | 22 | 252
-12 | 12 | 4 | 8 | 24 | 3 | 21 | 253
-12 | 12 | 4 | 8 | 24 | 3 | 21 | 254
-12 | 12 | 4 | 8 | 24 | 3 | 21 | 255
-12 | 12 | 4 | 8 | 24 | 3 | 21 | 256
-12 | 12 | 4 | 8 | 24 | 3 | 21 | 257
-12 | 12 | 4 | 8 | 24 | 3 | 21 | 258
-12 | 12 | 4 | 8 | 24 | 3 | 21 | 259
-12 | 12 | 4 | 8 | 24 | 4 | 20 | 260
-12 | 12 | 4 | 8 | 24 | 4 | 20 | 261
-12 | 12 | 4 | 8 | 24 | 4 | 20 | 262
-12 | 12 | 4 | 8 | 24 | 4 | 20 | 263
-12 | 12 | 4 | 8 | 24 | 4 | 20 | 264
-12 | 12 | 4 | 8 | 24 | 5 | 19 | 265
-12 | 12 | 4 | 8 | 24 | 5 | 19 | 266
-12 | 12 | 4 | 8 | 24 | 5 | 19 | 267
-12 | 12 | 4 | 8 | 24 | 5 | 19 | 268
-12 | 12 | 4 | 8 | 24 | 5 | 19 | 269
-12 | 12 | 4 | 8 | 24 | 5 | 19 | 270
-12 | 12 | 6 | 6 | 24 | 5 | 19 | 271
-12 | 12 | 6 | 6 | 24 | 5 | 19 | 272
-12 | 12 | 6 | 6 | 24 | 5 | 19 | 273
-12 | 12 | 6 | 6 | 24 | 5 | 19 | 274
-12 | 12 | 6 | 6 | 24 | 5 | 19 | 275
-12 | 12 | 6 | 6 | 24 | 5 | 19 | 276
-12 | 12 | 6 | 6 | 24 | 5 | 19 | 277
-12 | 12 | 6 | 6 | 24 | 5 | 19 | 278
-12 | 12 | 6 | 6 | 24 | 5 | 19 | 279
-12 | 12 | 6 | 6 | 24 | 5 | 19 | 280
-12 | 12 | 6 | 6 | 24 | 5 | 19 | 281
-12 | 12 | 6 | 6 | 24 | 5 | 19 | 282
-12 | 12 | 6 | 6 | 24 | 5 | 19 | 283
-12 | 12 | 6 | 6 | 24 | 5 | 19 | 284
-12 | 12 | 6 | 6 | 24 | 5 | 19 | 285
-12 | 12 | 6 | 6 | 24 | 5 | 19 | 286
-12 | 12 | 6 | 6 | 24 | 5 | 19 | 287
-12 | 12 | 6 | 6 | 24 | 5 | 19 | 288
-12 | 12 | 6 | 6 | 24 | 5 | 19 | 289
-12 | 12 | 6 | 6 | 24 | 5 | 19 | 290
-12 | 12 | 6 | 6 | 24 | 5 | 19 | 291
-12 | 12 | 6 | 6 | 24 | 5 | 19 | 292
-12 | 12 | 6 | 6 | 24 | 5 | 19 | 293
-12 | 12 | 6 | 6 | 24 | 5 | 19 | 294
-12 | 12 | 6 | 6 | 24 | 5 | 19 | 295
-12 | 12 | 6 | 6 | 24 | 5 | 19 | 296
-12 | 12 | 6 | 6 | 24 | 5 | 19 | 297
-12 | 12 | 6 | 6 | 24 | 5 | 19 | 298
-12 | 12 | 6 | 6 | 24 | 6 | 18 | 299
-12 | 12 | 6 | 6 | 24 | 6 | 18 | 300
-12 | 12 | 6 | 6 | 24 | 6 | 18 | 301
-12 | 12 | 6 | 6 | 24 | 6 | 18 | 302
-12 | 12 | 6 | 6 | 24 | 6 | 18 | 303
-12 | 12 | 5 | 7 | 24 | 7 | 17 | 304
-12 | 12 | 5 | 7 | 24 | 7 | 17 | 305
-12 | 12 | 5 | 7 | 24 | 7 | 17 | 306
-12 | 12 | 5 | 7 | 24 | 7 | 17 | 307
-12 | 12 | 5 | 7 | 24 | 7 | 17 | 308
-12 | 12 | 5 | 7 | 24 | 7 | 17 | 309
-12 | 12 | 5 | 7 | 24 | 8 | 16 | 310
-12 | 12 | 5 | 7 | 24 | 8 | 16 | 311
-12 | 12 | 5 | 7 | 24 | 8 | 16 | 312
-12 | 12 | 5 | 7 | 24 | 8 | 16 | 313
-12 | 12 | 5 | 7 | 24 | 8 | 16 | 314
-12 | 12 | 5 | 7 | 24 | 8 | 16 | 315
-12 | 12 | 5 | 7 | 24 | 8 | 16 | 316
-12 | 12 | 5 | 7 | 24 | 8 | 16 | 317
-12 | 12 | 5 | 7 | 24 | 8 | 16 | 318
-12 | 12 | 5 | 7 | 24 | 8 | 16 | 319
-12 | 12 | 5 | 7 | 24 | 8 | 16 | 320
-12 | 12 | 5 | 7 | 24 | 8 | 16 | 321
-12 | 12 | 5 | 7 | 24 | 8 | 16 | 322
-12 | 12 | 5 | 7 | 24 | 8 | 16 | 323
-12 | 12 | 5 | 7 | 24 | 8 | 16 | 324
-12 | 12 | 5 | 7 | 24 | 8 | 16 | 325
-12 | 12 | 5 | 7 | 24 | 8 | 16 | 326
-12 | 12 | 5 | 7 | 24 | 8 | 16 | 327
-12 | 12 | 5 | 7 | 24 | 8 | 16 | 328
-12 | 12 | 5 | 7 | 24 | 8 | 16 | 329
-12 | 12 | 5 | 7 | 24 | 8 | 16 | 330
-12 | 12 | 5 | 7 | 24 | 8 | 16 | 331
-12 | 12 | 5 | 7 | 24 | 8 | 16 | 332
-12 | 12 | 5 | 7 | 24 | 8 | 16 | 333
-12 | 12 | 5 | 7 | 24 | 8 | 16 | 334
-12 | 12 | 5 | 7 | 24 | 8 | 16 | 335
-12 | 12 | 5 | 7 | 24 | 8 | 16 | 336
-12 | 12 | 5 | 7 | 24 | 8 | 16 | 337
-12 | 12 | 5 | 7 | 24 | 8 | 16 | 338
-12 | 12 | 5 | 7 | 24 | 8 | 16 | 339
-12 | 12 | 5 | 7 | 24 | 8 | 16 | 340
-12 | 12 | 5 | 7 | 24 | 8 | 16 | 341
-12 | 12 | 5 | 7 | 24 | 8 | 16 | 342
-12 | 12 | 5 | 7 | 24 | 8 | 16 | 343
-12 | 12 | 5 | 7 | 24 | 8 | 16 | 344
-12 | 12 | 5 | 7 | 24 | 7 | 17 | 345
-12 | 12 | 5 | 7 | 24 | 7 | 17 | 346
-12 | 12 | 5 | 7 | 24 | 7 | 17 | 347
-12 | 12 | 5 | 7 | 24 | 7 | 17 | 348
-12 | 12 | 5 | 7 | 24 | 7 | 17 | 349
-12 | 12 | 5 | 7 | 24 | 7 | 17 | 350
-12 | 12 | 5 | 7 | 24 | 7 | 17 | 351
-12 | 12 | 5 | 7 | 24 | 7 | 17 | 352
-12 | 12 | 5 | 7 | 24 | 6 | 18 | 353
-12 | 12 | 5 | 7 | 24 | 6 | 18 | 354
-12 | 12 | 5 | 7 | 24 | 6 | 18 | 355
-12 | 12 | 5 | 7 | 24 | 6 | 18 | 356
-12 | 12 | 5 | 7 | 24 | 6 | 18 | 357
-12 | 12 | 5 | 7 | 24 | 6 | 18 | 358
-12 | 12 | 5 | 7 | 24 | 6 | 18 | 359
-12 | 12 | 5 | 7 | 24 | 6 | 18 | 360
-12 | 12 | 5 | 7 | 24 | 6 | 18 | 361
-12 | 12 | 5 | 7 | 24 | 6 | 18 | 362
-12 | 12 | 5 | 7 | 24 | 6 | 18 | 363
-12 | 12 | 5 | 7 | 24 | 6 | 18 | 364
-12 | 12 | 5 | 7 | 24 | 6 | 18 | 365
-12 | 12 | 5 | 7 | 24 | 6 | 18 | 366
-12 | 12 | 5 | 7 | 24 | 6 | 18 | 367
-12 | 12 | 5 | 7 | 24 | 6 | 18 | 368
-12 | 12 | 5 | 7 | 24 | 6 | 18 | 369
-12 | 12 | 5 | 7 | 24 | 6 | 18 | 370
-12 | 12 | 5 | 7 | 24 | 6 | 18 | 371
-12 | 12 | 5 | 7 | 24 | 6 | 18 | 372
-12 | 12 | 5 | 7 | 24 | 6 | 18 | 373
-12 | 12 | 5 | 7 | 24 | 6 | 18 | 374
-12 | 12 | 5 | 7 | 24 | 6 | 18 | 375
-12 | 12 | 5 | 7 | 24 | 6 | 18 | 376
-12 | 12 | 5 | 7 | 24 | 6 | 18 | 377
-12 | 12 | 5 | 7 | 24 | 6 | 18 | 378
-12 | 12 | 5 | 7 | 24 | 6 | 18 | 379
-12 | 12 | 5 | 7 | 24 | 6 | 18 | 380
-12 | 12 | 5 | 7 | 24 | 6 | 18 | 381
-12 | 12 | 5 | 7 | 24 | 6 | 18 | 382
-12 | 12 | 5 | 7 | 24 | 6 | 18 | 383
-12 | 12 | 5 | 7 | 24 | 6 | 18 | 384
-12 | 12 | 5 | 7 | 24 | 6 | 18 | 385
-12 | 12 | 5 | 7 | 24 | 6 | 18 | 386
-12 | 12 | 5 | 7 | 24 | 6 | 18 | 387
-12 | 12 | 5 | 7 | 24 | 6 | 18 | 388
-12 | 12 | 5 | 7 | 24 | 6 | 18 | 389
-12 | 12 | 5 | 7 | 24 | 6 | 18 | 390
-12 | 12 | 5 | 7 | 24 | 6 | 18 | 391
-12 | 12 | 5 | 7 | 24 | 6 | 18 | 392
-12 | 12 | 5 | 7 | 24 | 6 | 18 | 393
-12 | 12 | 5 | 7 | 24 | 6 | 18 | 394
-12 | 12 | 5 | 7 | 24 | 7 | 17 | 395
-12 | 12 | 5 | 7 | 24 | 7 | 17 | 396
-12 | 12 | 5 | 7 | 24 | 7 | 17 | 397
-12 | 12 | 5 | 7 | 24 | 7 | 17 | 398
-12 | 12 | 5 | 7 | 24 | 7 | 17 | 399
-12 | 12 | 5 | 7 | 24 | 7 | 17 | 400
-12 | 12 | 5 | 7 | 24 | 8 | 16 | 401
-12 | 12 | 5 | 7 | 24 | 8 | 16 | 402
-12 | 12 | 5 | 7 | 24 | 8 | 16 | 403
-12 | 12 | 5 | 7 | 24 | 6 | 18 | 404
-12 | 12 | 5 | 7 | 24 | 6 | 18 | 405
-12 | 12 | 5 | 7 | 24 | 6 | 18 | 406
-12 | 12 | 5 | 7 | 24 | 6 | 18 | 407
-12 | 12 | 5 | 7 | 24 | 6 | 18 | 408
-12 | 12 | 5 | 7 | 24 | 6 | 18 | 409
-12 | 12 | 6 | 6 | 24 | 6 | 18 | 410
-12 | 12 | 6 | 6 | 24 | 6 | 18 | 411
-12 | 12 | 6 | 6 | 24 | 6 | 18 | 412
-12 | 12 | 6 | 6 | 24 | 6 | 18 | 413
-12 | 12 | 6 | 6 | 24 | 6 | 18 | 414
-12 | 12 | 6 | 6 | 24 | 6 | 18 | 415
-12 | 12 | 6 | 6 | 24 | 6 | 18 | 416
-12 | 12 | 6 | 6 | 24 | 6 | 18 | 417
-12 | 12 | 6 | 6 | 24 | 6 | 18 | 418
-12 | 12 | 6 | 6 | 24 | 6 | 18 | 419
-12 | 12 | 6 | 6 | 24 | 6 | 18 | 420
-12 | 12 | 6 | 6 | 24 | 6 | 18 | 421
-12 | 12 | 6 | 6 | 24 | 5 | 19 | 422
-12 | 12 | 6 | 6 | 24 | 5 | 19 | 423
-12 | 12 | 6 | 6 | 24 | 5 | 19 | 424
-12 | 12 | 6 | 6 | 24 | 5 | 19 | 425
-12 | 12 | 6 | 6 | 24 | 5 | 19 | 426
-12 | 12 | 6 | 6 | 24 | 5 | 19 | 427
-12 | 12 | 6 | 6 | 24 | 5 | 19 | 428
-12 | 12 | 6 | 6 | 24 | 5 | 19 | 429
-12 | 12 | 6 | 6 | 24 | 4 | 20 | 430
-12 | 12 | 6 | 6 | 24 | 4 | 20 | 431
-12 | 12 | 6 | 6 | 24 | 4 | 20 | 432
-12 | 12 | 6 | 6 | 24 | 4 | 20 | 433
-12 | 12 | 6 | 6 | 24 | 4 | 20 | 434
-12 | 12 | 6 | 6 | 24 | 4 | 20 | 435
-12 | 12 | 6 | 6 | 24 | 4 | 20 | 436
-12 | 12 | 6 | 6 | 24 | 4 | 20 | 437
-12 | 12 | 6 | 6 | 24 | 4 | 20 | 438
-12 | 12 | 6 | 6 | 24 | 4 | 20 | 439
-12 | 12 | 6 | 6 | 24 | 4 | 20 | 440
-12 | 12 | 6 | 6 | 24 | 4 | 20 | 441
-12 | 12 | 6 | 6 | 24 | 4 | 20 | 442
-12 | 12 | 6 | 6 | 24 | 4 | 20 | 443
-12 | 12 | 6 | 6 | 24 | 4 | 20 | 444
-12 | 12 | 6 | 6 | 24 | 4 | 20 | 445
-12 | 12 | 6 | 6 | 24 | 4 | 20 | 446
-12 | 12 | 6 | 6 | 24 | 4 | 20 | 447
-12 | 12 | 6 | 6 | 24 | 4 | 20 | 448
-12 | 12 | 6 | 6 | 24 | 3 | 21 | 449
-12 | 12 | 6 | 6 | 24 | 3 | 21 | 450
-12 | 12 | 6 | 6 | 24 | 3 | 21 | 451
-12 | 12 | 6 | 6 | 24 | 3 | 21 | 452
-12 | 12 | 6 | 6 | 24 | 3 | 21 | 453
-12 | 12 | 6 | 6 | 24 | 3 | 21 | 454
-12 | 12 | 6 | 6 | 24 | 3 | 21 | 455
-12 | 12 | 6 | 6 | 24 | 3 | 21 | 456
-12 | 12 | 6 | 6 | 24 | 3 | 21 | 457
-12 | 12 | 6 | 6 | 24 | 7 | 17 | 458
-12 | 12 | 6 | 6 | 24 | 7 | 17 | 459
-12 | 12 | 6 | 6 | 24 | 7 | 17 | 460
-12 | 12 | 6 | 6 | 24 | 7 | 17 | 461
-12 | 12 | 6 | 6 | 24 | 7 | 17 | 462
-12 | 12 | 6 | 6 | 24 | 7 | 17 | 463
-12 | 12 | 6 | 6 | 24 | 7 | 17 | 464
-12 | 12 | 6 | 6 | 24 | 6 | 18 | 465
-12 | 12 | 6 | 6 | 24 | 6 | 18 | 466
-12 | 12 | 6 | 6 | 24 | 6 | 18 | 467
-12 | 12 | 6 | 6 | 24 | 6 | 18 | 468
-12 | 12 | 6 | 6 | 24 | 6 | 18 | 469
-12 | 12 | 6 | 6 | 24 | 6 | 18 | 470
-12 | 12 | 6 | 6 | 24 | 6 | 18 | 471
-12 | 12 | 6 | 6 | 24 | 6 | 18 | 472
-12 | 12 | 6 | 6 | 24 | 6 | 18 | 473
-12 | 12 | 6 | 6 | 24 | 6 | 18 | 474
-12 | 12 | 6 | 6 | 24 | 6 | 18 | 475
-12 | 12 | 6 | 6 | 24 | 6 | 18 | 476
-12 | 12 | 6 | 6 | 24 | 6 | 18 | 477
-12 | 12 | 6 | 6 | 24 | 6 | 18 | 478
-12 | 12 | 6 | 6 | 24 | 6 | 18 | 479
-12 | 12 | 6 | 6 | 24 | 6 | 18 | 480
-12 | 12 | 6 | 6 | 24 | 6 | 18 | 481
-12 | 12 | 6 | 6 | 24 | 6 | 18 | 482
-12 | 12 | 6 | 6 | 24 | 6 | 18 | 483
-12 | 12 | 6 | 6 | 24 | 6 | 18 | 484
-12 | 12 | 6 | 6 | 24 | 6 | 18 | 485
-12 | 12 | 6 | 6 | 24 | 6 | 18 | 486
-12 | 12 | 6 | 6 | 24 | 6 | 18 | 487
-12 | 12 | 6 | 6 | 24 | 6 | 18 | 488
-12 | 12 | 6 | 6 | 24 | 6 | 18 | 489
-12 | 12 | 6 | 6 | 24 | 6 | 18 | 490
-12 | 12 | 4 | 8 | 24 | 5 | 19 | 491
-12 | 12 | 4 | 8 | 24 | 5 | 19 | 492
-12 | 12 | 4 | 8 | 24 | 5 | 19 | 493
-12 | 12 | 4 | 8 | 24 | 5 | 19 | 494
-12 | 12 | 4 | 8 | 24 | 5 | 19 | 495
-12 | 12 | 4 | 8 | 24 | 6 | 18 | 496
-12 | 12 | 4 | 8 | 24 | 6 | 18 | 497
-12 | 12 | 4 | 8 | 24 | 6 | 18 | 498
-12 | 12 | 4 | 8 | 24 | 6 | 18 | 499
-12 | 12 | 4 | 8 | 24 | 6 | 18 | 500
-12 | 12 | 4 | 8 | 24 | 6 | 18 | 501
-12 | 12 | 4 | 8 | 24 | 6 | 18 | 502
-12 | 12 | 4 | 8 | 24 | 6 | 18 | 503
-12 | 12 | 4 | 8 | 24 | 6 | 18 | 504
-12 | 12 | 4 | 8 | 24 | 6 | 18 | 505
-12 | 12 | 4 | 8 | 24 | 6 | 18 | 506
-12 | 12 | 4 | 8 | 24 | 6 | 18 | 507
-12 | 12 | 4 | 8 | 24 | 6 | 18 | 508
-12 | 12 | 4 | 8 | 24 | 6 | 18 | 509
-12 | 12 | 4 | 8 | 24 | 7 | 17 | 510
-12 | 12 | 4 | 8 | 24 | 7 | 17 | 511
-12 | 12 | 4 | 8 | 24 | 7 | 17 | 512
-12 | 12 | 4 | 8 | 24 | 7 | 17 | 513
-12 | 12 | 4 | 8 | 24 | 7 | 17 | 514
-12 | 12 | 4 | 8 | 24 | 7 | 17 | 515
-12 | 12 | 4 | 8 | 24 | 7 | 17 | 516
-12 | 12 | 4 | 8 | 24 | 7 | 17 | 517
-12 | 12 | 4 | 8 | 24 | 7 | 17 | 518
-12 | 12 | 4 | 8 | 24 | 7 | 17 | 519
-12 | 12 | 4 | 8 | 24 | 7 | 17 | 520
-12 | 12 | 4 | 8 | 24 | 7 | 17 | 521
-12 | 12 | 4 | 8 | 24 | 7 | 17 | 522
-12 | 12 | 4 | 8 | 24 | 7 | 17 | 523
-12 | 12 | 4 | 8 | 24 | 7 | 17 | 524
-12 | 12 | 4 | 8 | 24 | 7 | 17 | 525
-12 | 12 | 4 | 8 | 24 | 7 | 17 | 526
-12 | 12 | 4 | 8 | 24 | 7 | 17 | 527
-12 | 12 | 4 | 8 | 24 | 7 | 17 | 528
-12 | 12 | 4 | 8 | 24 | 7 | 17 | 529
-12 | 12 | 4 | 8 | 24 | 7 | 17 | 530
-12 | 12 | 4 | 8 | 24 | 7 | 17 | 531
-12 | 12 | 4 | 8 | 24 | 7 | 17 | 532
-12 | 12 | 4 | 8 | 24 | 7 | 17 | 533
-12 | 12 | 4 | 8 | 24 | 7 | 17 | 534
-12 | 12 | 4 | 8 | 24 | 7 | 17 | 535
-12 | 12 | 4 | 8 | 24 | 7 | 17 | 536
-12 | 12 | 4 | 8 | 24 | 7 | 17 | 537
-12 | 12 | 4 | 8 | 24 | 7 | 17 | 538
-12 | 12 | 4 | 8 | 24 | 7 | 17 | 539
-12 | 12 | 4 | 8 | 24 | 7 | 17 | 540
-12 | 12 | 4 | 8 | 24 | 7 | 17 | 541
-12 | 12 | 4 | 8 | 24 | 7 | 17 | 542
-12 | 12 | 4 | 8 | 24 | 7 | 17 | 543
-12 | 12 | 4 | 8 | 24 | 7 | 17 | 544
-12 | 12 | 4 | 8 | 24 | 7 | 17 | 545
-12 | 12 | 4 | 8 | 24 | 7 | 17 | 546
-12 | 12 | 4 | 8 | 24 | 7 | 17 | 547
-12 | 12 | 4 | 8 | 24 | 7 | 17 | 548
-12 | 12 | 4 | 8 | 24 | 7 | 17 | 549
-12 | 12 | 4 | 8 | 24 | 7 | 17 | 550
-12 | 12 | 4 | 8 | 24 | 7 | 17 | 551
-12 | 12 | 4 | 8 | 24 | 7 | 17 | 552
-12 | 12 | 4 | 8 | 24 | 8 | 16 | 553
-12 | 12 | 4 | 8 | 24 | 8 | 16 | 554
-12 | 12 | 4 | 8 | 24 | 8 | 16 | 555
-12 | 12 | 4 | 8 | 24 | 8 | 16 | 556
-12 | 12 | 4 | 8 | 24 | 8 | 16 | 557
-12 | 12 | 4 | 8 | 24 | 8 | 16 | 558
-12 | 12 | 4 | 8 | 24 | 8 | 16 | 559
-12 | 12 | 4 | 8 | 24 | 8 | 16 | 560
-12 | 12 | 4 | 8 | 24 | 8 | 16 | 561
-12 | 12 | 4 | 8 | 24 | 8 | 16 | 562
-12 | 12 | 4 | 8 | 24 | 8 | 16 | 563
-12 | 12 | 4 | 8 | 24 | 8 | 16 | 564
-12 | 12 | 4 | 8 | 24 | 8 | 16 | 565
-12 | 12 | 4 | 8 | 24 | 8 | 16 | 566
-12 | 12 | 4 | 8 | 24 | 8 | 16 | 567
-12 | 12 | 4 | 8 | 24 | 8 | 16 | 568
-12 | 12 | 4 | 8 | 24 | 8 | 16 | 569
-12 | 12 | 4 | 8 | 24 | 8 | 16 | 570
-12 | 12 | 4 | 8 | 24 | 8 | 16 | 571
-12 | 12 | 4 | 8 | 24 | 8 | 16 | 572
-12 | 12 | 4 | 8 | 24 | 8 | 16 | 573
-12 | 12 | 4 | 8 | 24 | 8 | 16 | 574
-12 | 12 | 4 | 8 | 24 | 8 | 16 | 575
-12 | 12 | 4 | 8 | 24 | 8 | 16 | 576
-12 | 12 | 4 | 8 | 24 | 8 | 16 | 577
-12 | 12 | 4 | 8 | 24 | 8 | 16 | 578
-12 | 12 | 4 | 8 | 24 | 8 | 16 | 579
-12 | 12 | 4 | 8 | 24 | 8 | 16 | 580
-12 | 12 | 4 | 8 | 24 | 8 | 16 | 581
-12 | 12 | 4 | 8 | 24 | 8 | 16 | 582
-12 | 12 | 4 | 8 | 24 | 8 | 16 | 583
-12 | 12 | 4 | 8 | 24 | 8 | 16 | 584
-12 | 12 | 4 | 8 | 24 | 8 | 16 | 585
-12 | 12 | 4 | 8 | 24 | 8 | 16 | 586
-12 | 12 | 4 | 8 | 24 | 8 | 16 | 587
-12 | 12 | 4 | 8 | 24 | 7 | 17 | 588
-12 | 12 | 4 | 8 | 24 | 7 | 17 | 589
-12 | 12 | 4 | 8 | 24 | 7 | 17 | 590
-12 | 12 | 4 | 8 | 24 | 7 | 17 | 591
-12 | 12 | 4 | 8 | 24 | 7 | 17 | 592
-12 | 12 | 4 | 8 | 24 | 7 | 17 | 593
-12 | 12 | 4 | 8 | 24 | 7 | 17 | 594
-12 | 12 | 4 | 8 | 24 | 7 | 17 | 595
-12 | 12 | 4 | 8 | 24 | 7 | 17 | 596
-12 | 12 | 4 | 8 | 24 | 7 | 17 | 597
-12 | 12 | 4 | 8 | 24 | 7 | 17 | 598
-12 | 12 | 4 | 8 | 24 | 7 | 17 | 599
-12 | 12 | 4 | 8 | 24 | 7 | 17 | 600
-12 | 12 | 4 | 8 | 24 | 7 | 17 | 601
-12 | 12 | 4 | 8 | 24 | 7 | 17 | 602
-12 | 12 | 4 | 8 | 24 | 7 | 17 | 603
-12 | 12 | 4 | 8 | 24 | 7 | 17 | 604
-12 | 12 | 4 | 8 | 24 | 7 | 17 | 605
-12 | 12 | 4 | 8 | 24 | 7 | 17 | 606
-12 | 12 | 4 | 8 | 24 | 7 | 17 | 607
-12 | 12 | 4 | 8 | 24 | 7 | 17 | 608
-12 | 12 | 4 | 8 | 24 | 7 | 17 | 609
-12 | 12 | 4 | 8 | 24 | 7 | 17 | 610
-12 | 12 | 4 | 8 | 24 | 7 | 17 | 611
-12 | 12 | 4 | 8 | 24 | 6 | 18 | 612
-12 | 12 | 4 | 8 | 24 | 6 | 18 | 613
-12 | 12 | 4 | 8 | 24 | 6 | 18 | 614
-12 | 12 | 4 | 8 | 24 | 6 | 18 | 615
-12 | 12 | 4 | 8 | 24 | 6 | 18 | 616
-12 | 12 | 4 | 8 | 24 | 6 | 18 | 617
-12 | 12 | 4 | 8 | 24 | 6 | 18 | 618
-12 | 12 | 4 | 8 | 24 | 6 | 18 | 619
-12 | 12 | 4 | 8 | 24 | 6 | 18 | 620
-12 | 12 | 4 | 8 | 24 | 6 | 18 | 621
-12 | 12 | 4 | 8 | 24 | 6 | 18 | 622
-12 | 12 | 4 | 8 | 24 | 6 | 18 | 623
-12 | 12 | 4 | 8 | 24 | 6 | 18 | 624
-12 | 12 | 4 | 8 | 24 | 6 | 18 | 625
-12 | 12 | 4 | 8 | 24 | 6 | 18 | 626
-12 | 12 | 4 | 8 | 24 | 6 | 18 | 627
-12 | 12 | 4 | 8 | 24 | 6 | 18 | 628
-12 | 12 | 4 | 8 | 24 | 6 | 18 | 629
-12 | 12 | 4 | 8 | 24 | 6 | 18 | 630
-12 | 12 | 4 | 8 | 24 | 6 | 18 | 631
-12 | 12 | 4 | 8 | 24 | 6 | 18 | 632
-12 | 12 | 4 | 8 | 24 | 6 | 18 | 633
-12 | 12 | 4 | 8 | 24 | 6 | 18 | 634
-12 | 12 | 4 | 8 | 24 | 6 | 18 | 635
-12 | 12 | 4 | 8 | 24 | 6 | 18 | 636
-12 | 12 | 3 | 9 | 24 | 5 | 19 | 637
-12 | 12 | 3 | 9 | 24 | 5 | 19 | 638
-12 | 12 | 3 | 9 | 24 | 6 | 18 | 639
-12 | 12 | 3 | 9 | 24 | 6 | 18 | 640
-12 | 12 | 3 | 9 | 24 | 6 | 18 | 641
-12 | 12 | 3 | 9 | 24 | 6 | 18 | 642
-12 | 12 | 3 | 9 | 24 | 6 | 18 | 643
-12 | 12 | 3 | 9 | 24 | 6 | 18 | 644
-12 | 12 | 3 | 9 | 24 | 7 | 17 | 645
-12 | 12 | 4 | 8 | 24 | 7 | 17 | 646
-12 | 12 | 4 | 8 | 24 | 7 | 17 | 647
-12 | 12 | 4 | 8 | 24 | 7 | 17 | 648
-12 | 12 | 4 | 8 | 24 | 7 | 17 | 649
-12 | 12 | 4 | 8 | 24 | 7 | 17 | 650
-12 | 12 | 4 | 8 | 24 | 7 | 17 | 651
-12 | 12 | 4 | 8 | 24 | 7 | 17 | 652
-12 | 12 | 4 | 8 | 24 | 7 | 17 | 653
-12 | 12 | 4 | 8 | 24 | 7 | 17 | 654
-12 | 12 | 4 | 8 | 24 | 7 | 17 | 655
-12 | 12 | 4 | 8 | 24 | 7 | 17 | 656
-12 | 12 | 4 | 8 | 24 | 7 | 17 | 657
-12 | 12 | 4 | 8 | 24 | 7 | 17 | 658
-12 | 12 | 4 | 8 | 24 | 7 | 17 | 659
-12 | 12 | 4 | 8 | 24 | 7 | 17 | 660
-12 | 12 | 4 | 8 | 24 | 7 | 17 | 661
-12 | 12 | 4 | 8 | 24 | 7 | 17 | 662
-12 | 12 | 4 | 8 | 24 | 6 | 18 | 663
-12 | 12 | 4 | 8 | 24 | 5 | 19 | 664
-12 | 12 | 4 | 8 | 24 | 5 | 19 | 665
-12 | 12 | 4 | 8 | 24 | 5 | 19 | 666
-12 | 12 | 4 | 8 | 24 | 5 | 19 | 667
-12 | 12 | 3 | 9 | 24 | 3 | 21 | 668
-12 | 12 | 3 | 9 | 24 | 3 | 21 | 669
-12 | 12 | 3 | 9 | 24 | 3 | 21 | 670
-12 | 12 | 3 | 9 | 24 | 3 | 21 | 671
-12 | 12 | 3 | 9 | 24 | 3 | 21 | 672
-12 | 12 | 3 | 9 | 24 | 3 | 21 | 673
-12 | 12 | 3 | 9 | 24 | 3 | 21 | 674
-12 | 12 | 3 | 9 | 24 | 3 | 21 | 675
-12 | 12 | 3 | 9 | 24 | 3 | 21 | 676
-12 | 12 | 3 | 9 | 24 | 3 | 21 | 677
-12 | 12 | 3 | 9 | 24 | 4 | 20 | 678
-12 | 12 | 3 | 9 | 24 | 4 | 20 | 679
-12 | 12 | 3 | 9 | 24 | 4 | 20 | 680
-12 | 12 | 3 | 9 | 24 | 4 | 20 | 681
-12 | 12 | 3 | 9 | 24 | 4 | 20 | 682
-12 | 12 | 3 | 9 | 24 | 4 | 20 | 683
-12 | 12 | 3 | 9 | 24 | 4 | 20 | 684
-12 | 12 | 3 | 9 | 24 | 4 | 20 | 685
-12 | 12 | 3 | 9 | 24 | 4 | 20 | 686
-12 | 12 | 3 | 9 | 24 | 4 | 20 | 687
-12 | 12 | 3 | 9 | 24 | 4 | 20 | 688
-12 | 12 | 3 | 9 | 24 | 4 | 20 | 689
-12 | 12 | 3 | 9 | 24 | 3 | 21 | 690
-12 | 12 | 3 | 9 | 24 | 3 | 21 | 691
-12 | 12 | 3 | 9 | 24 | 3 | 21 | 692
-12 | 12 | 3 | 9 | 24 | 3 | 21 | 693
-12 | 12 | 3 | 9 | 24 | 3 | 21 | 694
-12 | 12 | 3 | 9 | 24 | 3 | 21 | 695
-12 | 12 | 3 | 9 | 24 | 3 | 21 | 696
-12 | 12 | 3 | 9 | 24 | 3 | 21 | 697
-12 | 12 | 3 | 9 | 24 | 3 | 21 | 698
-12 | 12 | 3 | 9 | 24 | 3 | 21 | 699
-12 | 12 | 3 | 9 | 24 | 3 | 21 | 700
-12 | 12 | 3 | 9 | 24 | 3 | 21 | 701
-12 | 12 | 3 | 9 | 24 | 3 | 21 | 702
-12 | 12 | 3 | 9 | 24 | 3 | 21 | 703
-12 | 12 | 3 | 9 | 24 | 3 | 21 | 704
-12 | 12 | 3 | 9 | 24 | 3 | 21 | 705
-12 | 12 | 3 | 9 | 24 | 3 | 21 | 706
-12 | 12 | 3 | 9 | 24 | 3 | 21 | 707
-12 | 12 | 3 | 9 | 24 | 3 | 21 | 708
-12 | 12 | 3 | 9 | 24 | 3 | 21 | 709
-12 | 12 | 3 | 9 | 24 | 3 | 21 | 710
-12 | 12 | 3 | 9 | 24 | 3 | 21 | 711
-12 | 12 | 3 | 9 | 24 | 3 | 21 | 712
-12 | 12 | 3 | 9 | 24 | 3 | 21 | 713
-12 | 12 | 3 | 9 | 24 | 3 | 21 | 714
-12 | 12 | 3 | 9 | 24 | 3 | 21 | 715
-12 | 12 | 3 | 9 | 24 | 3 | 21 | 716
-12 | 12 | 3 | 9 | 24 | 3 | 21 | 717
-12 | 12 | 3 | 9 | 24 | 3 | 21 | 718
-12 | 12 | 3 | 9 | 24 | 3 | 21 | 719
-12 | 12 | 3 | 9 | 24 | 3 | 21 | 720
-12 | 12 | 3 | 9 | 24 | 3 | 21 | 721
-12 | 12 | 3 | 9 | 24 | 3 | 21 | 722
-12 | 12 | 3 | 9 | 24 | 3 | 21 | 723
-12 | 12 | 3 | 9 | 24 | 3 | 21 | 724
-12 | 12 | 3 | 9 | 24 | 3 | 21 | 725
-12 | 12 | 3 | 9 | 24 | 3 | 21 | 726
-12 | 12 | 3 | 9 | 24 | 3 | 21 | 727
-12 | 12 | 3 | 9 | 24 | 3 | 21 | 728
-12 | 12 | 3 | 9 | 24 | 3 | 21 | 729
-12 | 12 | 3 | 9 | 24 | 3 | 21 | 730
-12 | 12 | 3 | 9 | 24 | 3 | 21 | 731
-12 | 12 | 3 | 9 | 24 | 3 | 21 | 732
-12 | 12 | 3 | 9 | 24 | 3 | 21 | 733
-12 | 12 | 3 | 9 | 24 | 3 | 21 | 734
-12 | 12 | 3 | 9 | 24 | 3 | 21 | 735
-12 | 12 | 3 | 9 | 24 | 3 | 21 | 736
-12 | 12 | 3 | 9 | 24 | 3 | 21 | 737
-12 | 12 | 3 | 9 | 24 | 3 | 21 | 738
-12 | 12 | 3 | 9 | 24 | 3 | 21 | 739
-12 | 12 | 3 | 9 | 24 | 3 | 21 | 740
-12 | 12 | 3 | 9 | 24 | 3 | 21 | 741
-12 | 12 | 3 | 9 | 24 | 3 | 21 | 742
-12 | 12 | 3 | 9 | 24 | 3 | 21 | 743
-12 | 12 | 3 | 9 | 24 | 3 | 21 | 744
-12 | 12 | 3 | 9 | 24 | 3 | 21 | 745
-12 | 12 | 3 | 9 | 24 | 3 | 21 | 746
-12 | 12 | 3 | 9 | 24 | 3 | 21 | 747
-12 | 12 | 3 | 9 | 24 | 3 | 21 | 748
-12 | 12 | 3 | 9 | 24 | 3 | 21 | 749
-12 | 12 | 3 | 9 | 24 | 3 | 21 | 750
-12 | 12 | 3 | 9 | 24 | 3 | 21 | 751
-12 | 12 | 3 | 9 | 24 | 3 | 21 | 752
-12 | 12 | 3 | 9 | 24 | 3 | 21 | 753
-12 | 12 | 3 | 9 | 24 | 3 | 21 | 754
-12 | 12 | 3 | 9 | 24 | 3 | 21 | 755
-12 | 12 | 3 | 9 | 24 | 3 | 21 | 756
-12 | 12 | 3 | 9 | 24 | 3 | 21 | 757
-12 | 12 | 3 | 9 | 24 | 3 | 21 | 758
-12 | 12 | 3 | 9 | 24 | 3 | 21 | 759
-12 | 12 | 3 | 9 | 24 | 3 | 21 | 760
-12 | 12 | 3 | 9 | 24 | 3 | 21 | 761
-12 | 12 | 3 | 9 | 24 | 3 | 21 | 762
-12 | 12 | 3 | 9 | 24 | 3 | 21 | 763
-12 | 12 | 3 | 9 | 24 | 3 | 21 | 764
-12 | 12 | 3 | 9 | 24 | 3 | 21 | 765
-12 | 12 | 3 | 9 | 24 | 3 | 21 | 766
-12 | 12 | 3 | 9 | 24 | 3 | 21 | 767
-12 | 12 | 3 | 9 | 24 | 3 | 21 | 768
-12 | 12 | 3 | 9 | 24 | 3 | 21 | 769
-12 | 12 | 3 | 9 | 24 | 3 | 21 | 770
-12 | 12 | 3 | 9 | 24 | 3 | 21 | 771
-12 | 12 | 3 | 9 | 24 | 3 | 21 | 772
-12 | 12 | 3 | 9 | 24 | 3 | 21 | 773
-12 | 12 | 3 | 9 | 24 | 3 | 21 | 774
-12 | 12 | 3 | 9 | 24 | 3 | 21 | 775
-12 | 12 | 3 | 9 | 24 | 3 | 21 | 776
-12 | 12 | 3 | 9 | 24 | 3 | 21 | 777
-12 | 12 | 3 | 9 | 24 | 3 | 21 | 778
-12 | 12 | 3 | 9 | 24 | 3 | 21 | 779
-12 | 12 | 3 | 9 | 24 | 3 | 21 | 780
-12 | 12 | 3 | 9 | 24 | 3 | 21 | 781
-12 | 12 | 3 | 9 | 24 | 3 | 21 | 782
-12 | 12 | 3 | 9 | 24 | 3 | 21 | 783
-12 | 12 | 3 | 9 | 24 | 3 | 21 | 784
-12 | 12 | 3 | 9 | 24 | 3 | 21 | 785
-12 | 12 | 3 | 9 | 24 | 3 | 21 | 786
-12 | 12 | 3 | 9 | 24 | 3 | 21 | 787
-12 | 12 | 3 | 9 | 24 | 3 | 21 | 788
-12 | 12 | 3 | 9 | 24 | 3 | 21 | 789
-12 | 12 | 3 | 9 | 24 | 3 | 21 | 790
-12 | 12 | 3 | 9 | 24 | 3 | 21 | 791
-12 | 12 | 3 | 9 | 24 | 4 | 20 | 792
-12 | 12 | 3 | 9 | 24 | 4 | 20 | 793
-12 | 12 | 3 | 9 | 24 | 4 | 20 | 794
-12 | 12 | 3 | 9 | 24 | 4 | 20 | 795
-12 | 12 | 3 | 9 | 24 | 4 | 20 | 796
-12 | 12 | 3 | 9 | 24 | 4 | 20 | 797
-12 | 12 | 3 | 9 | 24 | 4 | 20 | 798
-12 | 12 | 3 | 9 | 24 | 4 | 20 | 799
-12 | 12 | 3 | 9 | 24 | 4 | 20 | 800
-12 | 12 | 3 | 9 | 24 | 4 | 20 | 801
-12 | 12 | 3 | 9 | 24 | 4 | 20 | 802
-12 | 12 | 3 | 9 | 24 | 4 | 20 | 803
-12 | 12 | 3 | 9 | 24 | 4 | 20 | 804
-12 | 12 | 3 | 9 | 24 | 4 | 20 | 805
-12 | 12 | 3 | 9 | 24 | 4 | 20 | 806
-12 | 12 | 3 | 9 | 24 | 4 | 20 | 807
-12 | 12 | 3 | 9 | 24 | 4 | 20 | 808
-12 | 12 | 3 | 9 | 24 | 4 | 20 | 809
-12 | 12 | 3 | 9 | 24 | 4 | 20 | 810
-12 | 12 | 3 | 9 | 24 | 4 | 20 | 811
-12 | 12 | 3 | 9 | 24 | 4 | 20 | 812
-12 | 12 | 3 | 9 | 24 | 4 | 20 | 813
-12 | 12 | 3 | 9 | 24 | 4 | 20 | 814
-12 | 12 | 3 | 9 | 24 | 4 | 20 | 815
-12 | 12 | 3 | 9 | 24 | 4 | 20 | 816
-12 | 12 | 3 | 9 | 24 | 4 | 20 | 817
-12 | 12 | 3 | 9 | 24 | 4 | 20 | 818
-12 | 12 | 3 | 9 | 24 | 4 | 20 | 819
-12 | 12 | 3 | 9 | 24 | 4 | 20 | 820
-12 | 12 | 3 | 9 | 24 | 4 | 20 | 821
-12 | 12 | 3 | 9 | 24 | 4 | 20 | 822
-12 | 12 | 3 | 9 | 24 | 4 | 20 | 823
-12 | 12 | 3 | 9 | 24 | 4 | 20 | 824
-12 | 12 | 3 | 9 | 24 | 4 | 20 | 825
-12 | 12 | 3 | 9 | 24 | 4 | 20 | 826
-12 | 12 | 3 | 9 | 24 | 4 | 20 | 827
-12 | 12 | 3 | 9 | 24 | 4 | 20 | 828
-12 | 12 | 3 | 9 | 24 | 4 | 20 | 829
-12 | 12 | 3 | 9 | 24 | 4 | 20 | 830
-12 | 12 | 3 | 9 | 24 | 4 | 20 | 831
-12 | 12 | 3 | 9 | 24 | 4 | 20 | 832
-12 | 12 | 3 | 9 | 24 | 4 | 20 | 833
-12 | 12 | 3 | 9 | 24 | 4 | 20 | 834
-12 | 12 | 3 | 9 | 24 | 4 | 20 | 835
-12 | 12 | 3 | 9 | 24 | 4 | 20 | 836
-12 | 12 | 3 | 9 | 24 | 4 | 20 | 837
-12 | 12 | 3 | 9 | 24 | 4 | 20 | 838
-12 | 12 | 3 | 9 | 24 | 4 | 20 | 839
-12 | 12 | 3 | 9 | 24 | 5 | 19 | 840
-12 | 12 | 3 | 9 | 24 | 5 | 19 | 841
-12 | 12 | 3 | 9 | 24 | 5 | 19 | 842
-12 | 12 | 3 | 9 | 24 | 5 | 19 | 843
-12 | 12 | 3 | 9 | 24 | 5 | 19 | 844
-12 | 12 | 3 | 9 | 24 | 5 | 19 | 845
-12 | 12 | 3 | 9 | 24 | 5 | 19 | 846
-12 | 12 | 2 | 10 | 24 | 4 | 20 | 847
-12 | 12 | 2 | 10 | 24 | 4 | 20 | 848
-12 | 12 | 2 | 10 | 24 | 4 | 20 | 849
-12 | 12 | 2 | 10 | 24 | 4 | 20 | 850
-12 | 12 | 2 | 10 | 24 | 4 | 20 | 851
-12 | 12 | 2 | 10 | 24 | 4 | 20 | 852
-12 | 12 | 2 | 10 | 24 | 4 | 20 | 853
-12 | 12 | 2 | 10 | 24 | 4 | 20 | 854
-12 | 12 | 2 | 10 | 24 | 4 | 20 | 855
-12 | 12 | 2 | 10 | 24 | 4 | 20 | 856
-12 | 12 | 2 | 10 | 24 | 4 | 20 | 857
-12 | 12 | 2 | 10 | 24 | 4 | 20 | 858
-12 | 12 | 2 | 10 | 24 | 4 | 20 | 859
-12 | 12 | 2 | 10 | 24 | 4 | 20 | 860
-12 | 12 | 2 | 10 | 24 | 4 | 20 | 861
-12 | 12 | 2 | 10 | 24 | 4 | 20 | 862
-12 | 12 | 2 | 10 | 24 | 4 | 20 | 863
-12 | 12 | 2 | 10 | 24 | 4 | 20 | 864
-12 | 12 | 2 | 10 | 24 | 4 | 20 | 865
-12 | 12 | 2 | 10 | 24 | 4 | 20 | 866
-12 | 12 | 2 | 10 | 24 | 4 | 20 | 867
-12 | 12 | 2 | 10 | 24 | 4 | 20 | 868
-12 | 12 | 2 | 10 | 24 | 4 | 20 | 869
-12 | 12 | 2 | 10 | 24 | 4 | 20 | 870
-12 | 12 | 2 | 10 | 24 | 4 | 20 | 871
-12 | 12 | 2 | 10 | 24 | 4 | 20 | 872
-12 | 12 | 2 | 10 | 24 | 4 | 20 | 873
-12 | 12 | 2 | 10 | 24 | 4 | 20 | 874
-12 | 12 | 2 | 10 | 24 | 4 | 20 | 875
-12 | 12 | 2 | 10 | 24 | 4 | 20 | 876
-12 | 12 | 2 | 10 | 24 | 4 | 20 | 877
-12 | 12 | 2 | 10 | 24 | 4 | 20 | 878
-12 | 12 | 2 | 10 | 24 | 4 | 20 | 879
-12 | 12 | 2 | 10 | 24 | 4 | 20 | 880
-12 | 12 | 2 | 10 | 24 | 4 | 20 | 881
-12 | 12 | 2 | 10 | 24 | 4 | 20 | 882
-12 | 12 | 2 | 10 | 24 | 4 | 20 | 883
-12 | 12 | 2 | 10 | 24 | 4 | 20 | 884
-12 | 12 | 2 | 10 | 24 | 4 | 20 | 885
-12 | 12 | 2 | 10 | 24 | 4 | 20 | 886
-12 | 12 | 2 | 10 | 24 | 4 | 20 | 887
-12 | 12 | 2 | 10 | 24 | 4 | 20 | 888
-12 | 12 | 2 | 10 | 24 | 4 | 20 | 889
-12 | 12 | 2 | 10 | 24 | 4 | 20 | 890
-12 | 12 | 2 | 10 | 24 | 4 | 20 | 891
-12 | 12 | 2 | 10 | 24 | 4 | 20 | 892
-12 | 12 | 2 | 10 | 24 | 4 | 20 | 893
-12 | 12 | 2 | 10 | 24 | 4 | 20 | 894
-12 | 12 | 2 | 10 | 24 | 4 | 20 | 895
-12 | 12 | 2 | 10 | 24 | 4 | 20 | 896
-12 | 12 | 2 | 10 | 24 | 4 | 20 | 897
-12 | 12 | 2 | 10 | 24 | 4 | 20 | 898
-12 | 12 | 2 | 10 | 24 | 4 | 20 | 899
-12 | 12 | 2 | 10 | 24 | 3 | 21 | 900
-12 | 12 | 2 | 10 | 24 | 3 | 21 | 901
-12 | 12 | 2 | 10 | 24 | 3 | 21 | 902
-12 | 12 | 2 | 10 | 24 | 3 | 21 | 903
-12 | 12 | 2 | 10 | 24 | 3 | 21 | 904
-12 | 12 | 2 | 10 | 24 | 3 | 21 | 905
-12 | 12 | 2 | 10 | 24 | 3 | 21 | 906
-12 | 12 | 2 | 10 | 24 | 3 | 21 | 907
-12 | 12 | 2 | 10 | 24 | 3 | 21 | 908
-12 | 12 | 2 | 10 | 24 | 3 | 21 | 909
-12 | 12 | 2 | 10 | 24 | 3 | 21 | 910
-12 | 12 | 2 | 10 | 24 | 3 | 21 | 911
-12 | 12 | 2 | 10 | 24 | 3 | 21 | 912
-12 | 12 | 2 | 10 | 24 | 3 | 21 | 913
-12 | 12 | 2 | 10 | 24 | 3 | 21 | 914
-12 | 12 | 1 | 11 | 24 | 3 | 21 | 915
-12 | 12 | 1 | 11 | 24 | 3 | 21 | 916
-12 | 12 | 1 | 11 | 24 | 3 | 21 | 917
-12 | 12 | 1 | 11 | 24 | 3 | 21 | 918
-12 | 12 | 1 | 11 | 24 | 3 | 21 | 919
-12 | 12 | 1 | 11 | 24 | 3 | 21 | 920
-12 | 12 | 1 | 11 | 24 | 3 | 21 | 921
-12 | 12 | 1 | 11 | 24 | 3 | 21 | 922
-12 | 12 | 1 | 11 | 24 | 3 | 21 | 923
-12 | 12 | 1 | 11 | 24 | 3 | 21 | 924
-12 | 12 | 1 | 11 | 24 | 3 | 21 | 925
-12 | 12 | 1 | 11 | 24 | 3 | 21 | 926
-12 | 12 | 1 | 11 | 24 | 3 | 21 | 927
-12 | 12 | 1 | 11 | 24 | 3 | 21 | 928
-12 | 12 | 1 | 11 | 24 | 3 | 21 | 929
-12 | 12 | 1 | 11 | 24 | 3 | 21 | 930
-12 | 12 | 1 | 11 | 24 | 3 | 21 | 931
-12 | 12 | 1 | 11 | 24 | 3 | 21 | 932
-12 | 12 | 1 | 11 | 24 | 3 | 21 | 933
-12 | 12 | 1 | 11 | 24 | 3 | 21 | 934
-12 | 12 | 1 | 11 | 24 | 3 | 21 | 935
-12 | 12 | 1 | 11 | 24 | 3 | 21 | 936
-12 | 12 | 1 | 11 | 24 | 3 | 21 | 937
-12 | 12 | 1 | 11 | 24 | 3 | 21 | 938
-12 | 12 | 1 | 11 | 24 | 3 | 21 | 939
-12 | 12 | 1 | 11 | 24 | 3 | 21 | 940
-12 | 12 | 1 | 11 | 24 | 3 | 21 | 941
-12 | 12 | 1 | 11 | 24 | 3 | 21 | 942
-12 | 12 | 1 | 11 | 24 | 3 | 21 | 943
-12 | 12 | 1 | 11 | 24 | 3 | 21 | 944
-12 | 12 | 1 | 11 | 24 | 4 | 20 | 945
-12 | 12 | 1 | 11 | 24 | 4 | 20 | 946
-12 | 12 | 1 | 11 | 24 | 4 | 20 | 947
-12 | 12 | 1 | 11 | 24 | 4 | 20 | 948
-12 | 12 | 1 | 11 | 24 | 4 | 20 | 949
-12 | 12 | 1 | 11 | 24 | 4 | 20 | 950
-12 | 12 | 1 | 11 | 24 | 4 | 20 | 951
-12 | 12 | 1 | 11 | 24 | 4 | 20 | 952
-12 | 12 | 1 | 11 | 24 | 4 | 20 | 953
-12 | 12 | 1 | 11 | 24 | 4 | 20 | 954
-12 | 12 | 1 | 11 | 24 | 4 | 20 | 955
-12 | 12 | 1 | 11 | 24 | 5 | 19 | 956
-12 | 12 | 1 | 11 | 24 | 5 | 19 | 957
-12 | 12 | 1 | 11 | 24 | 5 | 19 | 958
-12 | 12 | 1 | 11 | 24 | 5 | 19 | 959
-12 | 12 | 1 | 11 | 24 | 4 | 20 | 960
-12 | 12 | 1 | 11 | 24 | 4 | 20 | 961
-12 | 12 | 1 | 11 | 24 | 4 | 20 | 962
-12 | 12 | 1 | 11 | 24 | 4 | 20 | 963
-12 | 12 | 1 | 11 | 24 | 4 | 20 | 964
-12 | 12 | 1 | 11 | 24 | 4 | 20 | 965
-12 | 12 | 1 | 11 | 24 | 4 | 20 | 966
-12 | 12 | 1 | 11 | 24 | 4 | 20 | 967
-12 | 12 | 1 | 11 | 24 | 4 | 20 | 968
-12 | 12 | 1 | 11 | 24 | 4 | 20 | 969
-12 | 12 | 1 | 11 | 24 | 4 | 20 | 970
-12 | 12 | 1 | 11 | 24 | 4 | 20 | 971
-12 | 12 | 1 | 11 | 24 | 4 | 20 | 972
-12 | 12 | 1 | 11 | 24 | 4 | 20 | 973
-12 | 12 | 1 | 11 | 24 | 4 | 20 | 974
-12 | 12 | 1 | 11 | 24 | 4 | 20 | 975
-12 | 12 | 1 | 11 | 24 | 4 | 20 | 976
-12 | 12 | 1 | 11 | 24 | 4 | 20 | 977
-12 | 12 | 1 | 11 | 24 | 4 | 20 | 978
-12 | 12 | 1 | 11 | 24 | 4 | 20 | 979
-12 | 12 | 1 | 11 | 24 | 4 | 20 | 980
-12 | 12 | 1 | 11 | 24 | 4 | 20 | 981
-12 | 12 | 1 | 11 | 24 | 4 | 20 | 982
-12 | 12 | 1 | 11 | 24 | 4 | 20 | 983
-12 | 12 | 1 | 11 | 24 | 4 | 20 | 984
-12 | 12 | 1 | 11 | 24 | 4 | 20 | 985
-12 | 12 | 1 | 11 | 24 | 4 | 20 | 986
-12 | 12 | 1 | 11 | 24 | 4 | 20 | 987
-12 | 12 | 1 | 11 | 24 | 4 | 20 | 988
-12 | 12 | 1 | 11 | 24 | 4 | 20 | 989
-12 | 12 | 1 | 11 | 24 | 4 | 20 | 990
-12 | 12 | 1 | 11 | 24 | 4 | 20 | 991
-12 | 12 | 1 | 11 | 24 | 4 | 20 | 992
-12 | 12 | 1 | 11 | 24 | 5 | 19 | 993
-12 | 12 | 1 | 11 | 24 | 5 | 19 | 994
-12 | 12 | 1 | 11 | 24 | 5 | 19 | 995
-12 | 12 | 1 | 11 | 24 | 5 | 19 | 996
-12 | 12 | 1 | 11 | 24 | 5 | 19 | 997
-12 | 12 | 1 | 11 | 24 | 5 | 19 | 998
-12 | 12 | 1 | 11 | 24 | 5 | 19 | 999
-12 | 12 | 1 | 11 | 24 | 5 | 19 | 1000
