START POLYMER 0
3   210   3 
2   210   3 
1   210   3 
0   210   3 
211   210   3 
211   210   2 
0   210   2 
1   210   2 
2   210   2 
3   210   2 
4   210   2 
5   210   2 
5   211   2 
5   0   2 
5   0   1 
5   1   1 
5   2   1 
5   3   1 
5   3   0 
4   3   0 
4   3   1 
4   4   1 
4   4   2 
3   4   2 
3   4   3 
3   5   3 
3   5   2 
2   5   2 
2   6   2 
2   7   2 
1   7   2 
0   7   2 
0   7   1 
211   7   1 
211   7   2 
210   7   2 
209   7   2 
209   7   1 
210   7   1 
210   6   1 
210   5   1 
210   5   2 
210   6   2 
209   6   2 
209   5   2 
209   4   2 
210   4   2 
210   4   3 
210   3   3 
210   2   3 
210   1   3 
211   1   3 
211   0   3 
210   0   3 
210   0   2 
209   0   2 
209   211   2 
210   211   2 
210   211   1 
210   210   1 
210   210   2 
209   210   2 
209   210   1 
209   211   1 
209   0   1 
209   0   0 
209   0   211 
209   0   210 
209   211   210 
209   210   210 
209   210   211 
209   211   211 
209   211   0 
209   210   0 
210   210   0 
210   211   0 
210   211   211 
210   0   211 
210   0   0 
210   0   1 
211   0   1 
0   0   1 
0   211   1 
211   211   1 
211   211   2 
211   0   2 
0   0   2 
0   0   3 
1   0   3 
1   1   3 
1   2   3 
1   3   3 
2   3   3 
2   4   3 
2   4   2 
1   4   2 
1   4   3 
0   4   3 
0   4   2 
0   5   2 
1   5   2 
1   6   2 
0   6   2 
211   6   2 
211   5   2 
211   4   2 
211   4   3 
211   3   3 
211   2   3 
211   2   2 
0   2   2 
1   2   2 
1   3   2 
0   3   2 
0   3   3 
0   2   3 
0   1   3 
0   1   2 
211   1   2 
210   1   2 
210   1   1 
209   1   1 
209   1   0 
210   1   0 
210   1   211 
210   1   210 
209   1   210 
209   1   211 
209   2   211 
209   2   210 
209   3   210 
209   4   210 
210   4   210 
210   5   210 
209   5   210 
209   5   211 
209   5   0 
209   4   0 
209   4   211 
209   3   211 
209   3   0 
209   2   0 
209   2   1 
209   3   1 
209   4   1 
209   5   1 
209   6   1 
209   6   0 
210   6   0 
210   5   0 
210   5   211 
210   4   211 
210   4   0 
210   3   0 
210   3   211 
210   2   211 
210   2   0 
210   2   1 
210   2   2 
210   3   2 
211   3   2 
211   3   1 
210   3   1 
210   4   1 
211   4   1 
211   5   1 
211   6   1 
0   6   1 
1   6   1 
1   7   1 
2   7   1 
2   6   1 
2   5   1 
2   4   1 
1   4   1 
1   5   1 
0   5   1 
0   4   1 
0   3   1 
1   3   1 
1   2   1 
2   2   1 
2   3   1 
2   3   2 
2   2   2 
2   1   2 
1   1   2 
1   0   2 
1   0   1 
1   1   1 
0   1   1 
0   2   1 
0   2   0 
0   3   0 
1   3   0 
2   3   0 
2   2   0 
2   1   0 
2   1   1 
2   0   1 
2   0   2 
2   211   2 
2   211   1 
1   211   1 
1   210   1 
2   210   1 
2   210   0 
1   210   0 
1   210   211 
0   210   211 
0   210   210 
211   210   210 
211   211   210 
211   211   211 
211   210   211 
210   210   211 
210   210   210 
210   211   210 
210   0   210 
211   0   210 
211   0   211 
211   1   211 
211   1   210 
211   2   210 
210   2   210 
210   3   210 
210   3   209 
211   3   209 
211   3   210 
211   4   210 
0   4   210 
0   5   210 
1   5   210 
1   5   209 
1   4   209 
1   4   210 
1   3   210 
1   3   209 
1   2   209 
1   1   209 
1   1   210 
1   0   210 
1   0   209 
0   0   209 
0   211   209 
0   211   210 
0   211   211 
0   211   0 
1   211   0 
1   0   0 
0   0   0 
211   0   0 
211   211   0 
211   210   0 
211   210   1 
0   210   1 
0   210   0 
0   209   0 
0   209   211 
0   209   210 
0   209   209 
1   209   209 
1   209   210 
1   210   210 
2   210   210 
2   210   209 
1   210   209 
0   210   209 
211   210   209 
211   211   209 
211   0   209 
210   0   209 
210   1   209 
210   2   209 
211   2   209 
211   1   209 
0   1   209 
0   1   210 
0   0   210 
0   0   211 
0   1   211 
0   2   211 
211   2   211 
211   2   0 
211   2   1 
211   1   1 
211   1   0 
0   1   0 
1   1   0 
1   2   0 
1   2   211 
1   1   211 
1   0   211 
1   211   211 
1   211   210 
1   211   209 
2   211   209 
2   211   210 
2   0   210 
2   1   210 
2   1   209 
2   1   208 
2   0   208 
2   0   209 
3   0   209 
4   0   209 
5   0   209 
5   0   210 
5   1   210 
5   1   211 
5   0   211 
5   211   211 
5   210   211 
5   210   210 
5   211   210 
5   211   209 
5   210   209 
5   210   208 
5   211   208 
4   211   208 
4   0   208 
3   0   208 
3   211   208 
2   211   208 
1   211   208 
1   210   208 
2   210   208 
3   210   208 
4   210   208 
4   210   209 
3   210   209 
3   210   210 
4   210   210 
4   210   211 
4   211   211 
4   0   211 
4   0   210 
4   211   210 
4   211   209 
3   211   209 
3   211   210 
3   0   210 
3   0   211 
3   211   211 
3   210   211 
2   210   211 
2   211   211 
2   211   0 
2   0   0 
2   0   211 
2   1   211 
2   2   211 
2   2   210 
1   2   210 
0   2   210 
0   2   209 
0   3   209 
0   3   210 
0   3   211 
1   3   211 
2   3   211 
2   4   211 
1   4   211 
0   4   211 
0   5   211 
1   5   211 
1   5   0 
2   5   0 
2   4   0 
1   4   0 
0   4   0 
0   5   0 
211   5   0 
211   4   0 
211   3   0 
211   3   211 
211   4   211 
211   5   211 
211   5   210 
211   6   210 
210   6   210 
210   7   210 
211   7   210 
211   8   210 
0   8   210 
1   8   210 
1   7   210 
0   7   210 
0   6   210 
0   6   211 
0   7   211 
1   7   211 
2   7   211 
2   7   0 
2   8   0 
1   8   0 
1   7   0 
0   7   0 
0   6   0 
211   6   0 
211   6   211 
210   6   211 
210   7   211 
210   7   0 
211   7   0 
211   7   211 
211   8   211 
0   8   211 
1   8   211 
2   8   211 
2   8   210 
2   7   210 
2   6   210 
1   6   210 
1   6   211 
1   6   0 
2   6   0 
2   6   211 
2   5   211 
3   5   211 
3   6   211 
3   6   210 
3   5   210 
2   5   210 
2   5   209 
2   4   209 
2   3   209 
2   3   210 
2   4   210 
3   4   210 
3   3   210 
3   2   210 
3   1   210 
4   1   210 
4   1   209 
3   1   209 
3   1   208 
4   1   208 
4   2   208 
3   2   208 
2   2   208 
2   2   209 
3   2   209 
4   2   209 
4   2   210 
4   2   211 
4   1   211 
3   1   211 
3   2   211 
3   2   0 
3   3   0 
3   3   1 
3   4   1 
3   5   1 
3   5   0 
3   4   0 
4   4   0 
4   4   211 
3   4   211 
3   3   211 
4   3   211 
5   3   211 
5   2   211 
5   2   0 
4   2   0 
4   2   1 
3   2   1 
3   2   2 
3   3   2 
3   3   3 
3   2   3 
2   2   3 
2   1   3 
2   0   3 
3   0   3 
3   1   3 
3   1   2 
3   1   1 
3   1   0 
3   0   0 
3   211   0 
3   210   0 
3   210   1 
3   211   1 
3   0   1 
4   0   1 
4   0   0 
4   211   0 
4   210   0 
4   210   1 
4   211   1 
5   211   1 
5   210   1 
5   210   0 
5   211   0 
5   0   0 
5   1   0 
4   1   0 
4   1   1 
4   1   2 
4   0   2 
3   0   2 
3   211   2 
4   211   2 
4   211   3 
3   211   3 
2   211   3 
1   211   3 
1   211   2 
0   211   2 
0   211   3 
211   211   3 
END POLYMER 0
