START POLYMER 0
0 0 0
1 0 0
1 2501 0
2 2501 0
2 2500 0
2 2500 2501
2 2501 2501
1 2501 2501
1 0 2501
1 1 2501
1 2 2501
2 2 2501
2 2 2500
2 2 2499
2 2 2498
2 2 2497
3 2 2497
3 1 2497
3 1 2496
4 1 2496
4 2 2496
5 2 2496
5 2 2495
4 2 2495
3 2 2495
3 2 2496
2 2 2496
1 2 2496
0 2 2496
0 3 2496
0 3 2495
0 4 2495
1 4 2495
2 4 2495
2 5 2495
2 5 2494
1 5 2494
1 4 2494
1 4 2493
1 3 2493
1 3 2494
2 3 2494
2 3 2495
2 2 2495
1 2 2495
1 2 2494
2 2 2494
2 1 2494
2 0 2494
2 0 2495
2 0 2496
2 2501 2496
3 2501 2496
3 2500 2496
4 2500 2496
4 2501 2496
4 2501 2497
5 2501 2497
5 2501 2496
6 2501 2496
6 0 2496
5 0 2496
5 0 2497
5 1 2497
5 2 2497
4 2 2497
4 2 2498
4 2 2499
3 2 2499
3 2 2498
3 3 2498
3 3 2499
2 3 2499
2 3 2500
1 3 2500
0 3 2500
0 3 2501
2501 3 2501
2501 2 2501
2501 2 2500
0 2 2500
0 1 2500
0 1 2499
0 0 2499
0 2501 2499
2501 2501 2499
2500 2501 2499
2500 2500 2499
2500 2500 2500
2500 2499 2500
2500 2498 2500
2499 2498 2500
2499 2498 2501
2499 2497 2501
2500 2497 2501
2500 2497 2500
2500 2497 2499
2500 2498 2499
2499 2498 2499
2498 2498 2499
2498 2499 2499
2499 2499 2499
2499 2499 2498
2498 2499 2498
2497 2499 2498
2497 2499 2499
2496 2499 2499
2496 2499 2500
2497 2499 2500
2498 2499 2500
2498 2499 2501
2499 2499 2501
2499 2500 2501
2498 2500 2501
2498 2500 2500
2497 2500 2500
2497 2501 2500
2497 0 2500
2496 0 2500
2496 0 2501
2496 1 2501
2496 1 0
2497 1 0
2497 2 0
2497 2 1
2496 2 1
2495 2 1
2495 2 0
2496 2 0
2496 3 0
2496 3 1
2496 4 1
2496 4 0
2496 4 2501
2496 4 2500
2495 4 2500
2495 4 2501
2495 4 0
2494 4 0
2494 4 2501
2493 4 2501
2493 4 2500
2493 3 2500
2493 2 2500
2493 2 2501
2493 3 2501
2492 3 2501
2492 3 0
2492 3 1
2492 2 1
2491 2 1
2491 3 1
2490 3 1
2490 4 1
2489 4 1
2489 4 0
2490 4 0
2490 3 0
2491 3 0
2491 2 0
2492 2 0
2492 2 2501
2492 1 2501
2492 0 2501
2492 0 2500
2491 0 2500
2491 2501 2500
2491 2501 2501
2491 2501 0
2492 2501 0
2492 2500 0
2493 2500 0
2493 2501 0
2493 0 0
2494 0 0
2495 0 0
2496 0 0
2497 0 0
2498 0 0
2498 0 2501
2498 0 2500
2499 0 2500
2499 2501 2500
2498 2501 2500
2498 2501 2499
2498 2501 2498
2498 2501 2497
2498 2501 2496
2498 2500 2496
2498 2500 2495
2497 2500 2495
2497 2500 2496
2497 2500 2497
2497 2500 2498
2497 2500 2499
2497 2501 2499
2497 2501 2498
2497 2501 2497
2497 2501 2496
2497 2501 2495
2497 2501 2494
2497 2501 2493
2498 2501 2493
2498 0 2493
2497 0 2493
2497 0 2492
2498 0 2492
2498 2501 2492
2498 2501 2491
2498 0 2491
2498 1 2491
2497 1 2491
2497 1 2490
2497 2 2490
2497 2 2491
2497 3 2491
2497 4 2491
2498 4 2491
2498 5 2491
2498 6 2491
2498 6 2490
2498 5 2490
2497 5 2490
2497 5 2489
2497 5 2488
2498 5 2488
2498 5 2487
2498 5 2486
2498 6 2486
2498 6 2485
2498 5 2485
2497 5 2485
2497 4 2485
2497 4 2484
2496 4 2484
2495 4 2484
2495 3 2484
2494 3 2484
2494 4 2484
2493 4 2484
2493 4 2483
2494 4 2483
2494 4 2482
2494 4 2481
2494 4 2480
2494 4 2479
2493 4 2479
2493 4 2478
2493 3 2478
2493 2 2478
2493 2 2477
2493 2 2476
2493 2 2475
2493 2 2474
2493 2 2473
2493 1 2473
2493 1 2474
2492 1 2474
2492 0 2474
2492 0 2473
2492 1 2473
2491 1 2473
2491 1 2472
2492 1 2472
2493 1 2472
2493 2 2472
2494 2 2472
2494 2 2471
2494 3 2471
2495 3 2471
2496 3 2471
2497 3 2471
2497 3 2470
2496 3 2470
2496 4 2470
2496 4 2469
2496 5 2469
2495 5 2469
2495 6 2469
2496 6 2469
2496 6 2468
2497 6 2468
2497 6 2469
2497 7 2469
2497 7 2468
2496 7 2468
2496 7 2469
2496 7 2470
2497 7 2470
2498 7 2470
2498 6 2470
2498 5 2470
2499 5 2470
2499 5 2469
2500 5 2469
2500 5 2468
2499 5 2468
2498 5 2468
2497 5 2468
2497 4 2468
2497 4 2467
2497 3 2467
2497 3 2468
2497 2 2468
2497 1 2468
2498 1 2468
2498 0 2468
2498 0 2467
2497 0 2467
2497 2501 2467
2498 2501 2467
2498 2500 2467
2498 2499 2467
2498 2499 2466
2498 2499 2465
2497 2499 2465
2497 2498 2465
2496 2498 2465
2496 2497 2465
2496 2497 2464
2496 2497 2463
2496 2496 2463
2496 2496 2464
2497 2496 2464
2497 2495 2464
2497 2494 2464
2497 2494 2465
2497 2495 2465
2498 2495 2465
2498 2496 2465
2499 2496 2465
2500 2496 2465
2500 2495 2465
2500 2494 2465
2501 2494 2465
2501 2493 2465
2501 2492 2465
2500 2492 2465
2500 2491 2465
2500 2490 2465
2500 2490 2464
2499 2490 2464
2499 2489 2464
2499 2489 2465
2499 2488 2465
2499 2488 2464
2500 2488 2464
2501 2488 2464
2501 2487 2464
2501 2487 2465
2500 2487 2465
2500 2487 2464
2500 2486 2464
2500 2485 2464
2500 2485 2465
2500 2486 2465
2501 2486 2465
2501 2486 2466
0 2486 2466
0 2486 2465
0 2487 2465
0 2487 2466
0 2488 2466
0 2488 2465
0 2488 2464
0 2488 2463
1 2488 2463
1 2489 2463
2 2489 2463
2 2488 2463
2 2488 2462
1 2488 2462
1 2488 2461
1 2487 2461
1 2486 2461
0 2486 2461
2501 2486 2461
2501 2487 2461
0 2487 2461
0 2487 2460
0 2486 2460
1 2486 2460
1 2486 2459
1 2487 2459
1 2487 2458
2 2487 2458
2 2486 2458
2 2486 2459
3 2486 2459
3 2485 2459
3 2485 2458
3 2485 2457
2 2485 2457
2 2484 2457
2 2483 2457
3 2483 2457
3 2484 2457
3 2484 2456
2 2484 2456
1 2484 2456
1 2484 2457
1 2483 2457
1 2483 2458
1 2482 2458
1 2482 2457
1 2481 2457
2 2481 2457
2 2481 2458
3 2481 2458
4 2481 2458
4 2482 2458
4 2483 2458
4 2483 2457
4 2484 2457
4 2484 2458
4 2485 2458
5 2485 2458
5 2486 2458
4 2486 2458
4 2486 2459
5 2486 2459
5 2485 2459
4 2485 2459
4 2484 2459
4 2483 2459
5 2483 2459
5 2483 2460
5 2483 2461
5 2483 2462
5 2483 2463
5 2482 2463
5 2482 2464
6 2482 2464
6 2482 2465
6 2483 2465
5 2483 2465
4 2483 2465
4 2483 2466
4 2483 2467
4 2482 2467
4 2482 2466
4 2481 2466
4 2480 2466
5 2480 2466
5 2481 2466
5 2482 2466
5 2483 2466
5 2483 2467
5 2484 2467
5 2485 2467
4 2485 2467
4 2485 2466
3 2485 2466
3 2485 2467
3 2486 2467
3 2487 2467
3 2488 2467
2 2488 2467
2 2488 2468
2 2487 2468
2 2487 2467
1 2487 2467
1 2487 2466
1 2486 2466
1 2486 2465
1 2487 2465
2 2487 2465
2 2487 2466
3 2487 2466
3 2486 2466
2 2486 2466
2 2485 2466
2 2485 2467
1 2485 2467
1 2485 2468
1 2485 2469
1 2485 2470
0 2485 2470
0 2484 2470
0 2484 2469
2501 2484 2469
2501 2484 2468
2500 2484 2468
2500 2483 2468
2500 2483 2469
2499 2483 2469
2499 2483 2468
2499 2484 2468
2499 2484 2467
2499 2485 2467
2500 2485 2467
2500 2485 2466
2500 2486 2466
2500 2487 2466
2500 2487 2467
2500 2486 2467
2501 2486 2467
0 2486 2467
1 2486 2467
2 2486 2467
2 2486 2468
1 2486 2468
0 2486 2468
0 2485 2468
0 2485 2469
0 2486 2469
1 2486 2469
1 2487 2469
1 2487 2470
1 2488 2470
0 2488 2470
0 2489 2470
1 2489 2470
1 2490 2470
1 2490 2471
1 2490 2472
1 2489 2472
2 2489 2472
2 2490 2472
2 2490 2471
2 2489 2471
1 2489 2471
0 2489 2471
0 2489 2472
0 2489 2473
2501 2489 2473
2501 2489 2474
2501 2489 2475
2501 2490 2475
2501 2490 2476
2501 2490 2477
2501 2489 2477
2501 2489 2478
2501 2489 2479
2501 2489 2480
0 2489 2480
0 2489 2481
0 2489 2482
0 2488 2482
0 2488 2483
1 2488 2483
1 2487 2483
1 2487 2484
1 2486 2484
2 2486 2484
2 2486 2485
1 2486 2485
1 2485 2485
1 2485 2486
2 2485 2486
2 2486 2486
3 2486 2486
3 2485 2486
3 2485 2485
2 2485 2485
2 2484 2485
2 2484 2484
1 2484 2484
1 2485 2484
2 2485 2484
3 2485 2484
3 2486 2484
3 2486 2485
3 2487 2485
2 2487 2485
2 2488 2485
3 2488 2485
3 2488 2484
3 2488 2483
3 2488 2482
3 2488 2481
3 2488 2480
3 2488 2479
3 2488 2478
2 2488 2478
2 2488 2479
2 2489 2479
1 2489 2479
1 2490 2479
1 2491 2479
1 2491 2478
2 2491 2478
2 2492 2478
3 2492 2478
3 2493 2478
3 2493 2479
3 2492 2479
2 2492 2479
2 2491 2479
2 2491 2480
2 2492 2480
2 2493 2480
2 2494 2480
2 2494 2479
2 2494 2478
3 2494 2478
4 2494 2478
5 2494 2478
5 2493 2478
5 2492 2478
4 2492 2478
4 2492 2479
5 2492 2479
6 2492 2479
6 2491 2479
5 2491 2479
5 2491 2480
5 2492 2480
5 2493 2480
5 2493 2481
6 2493 2481
7 2493 2481
7 2493 2482
7 2493 2483
8 2493 2483
9 2493 2483
9 2494 2483
10 2494 2483
10 2494 2482
9 2494 2482
9 2494 2481
9 2495 2481
9 2495 2480
9 2496 2480
9 2496 2479
10 2496 2479
10 2497 2479
10 2497 2480
9 2497 2480
9 2498 2480
10 2498 2480
10 2498 2479
10 2498 2478
10 2497 2478
10 2497 2477
10 2496 2477
11 2496 2477
12 2496 2477
12 2496 2478
13 2496 2478
13 2495 2478
13 2495 2479
13 2495 2480
13 2494 2480
13 2494 2481
13 2495 2481
14 2495 2481
14 2496 2481
14 2496 2482
13 2496 2482
13 2496 2481
13 2496 2480
13 2496 2479
13 2497 2479
12 2497 2479
12 2497 2480
12 2497 2481
12 2498 2481
12 2498 2482
12 2497 2482
12 2497 2483
11 2497 2483
11 2497 2484
11 2496 2484
11 2495 2484
12 2495 2484
12 2495 2483
12 2494 2483
12 2494 2484
12 2494 2485
12 2495 2485
11 2495 2485
10 2495 2485
10 2496 2485
11 2496 2485
11 2496 2486
10 2496 2486
10 2497 2486
10 2497 2485
9 2497 2485
9 2497 2486
9 2496 2486
9 2495 2486
9 2495 2487
9 2496 2487
10 2496 2487
10 2497 2487
11 2497 2487
11 2497 2486
11 2497 2485
11 2498 2485
11 2499 2485
11 2499 2484
11 2498 2484
10 2498 2484
10 2498 2485
10 2498 2486
11 2498 2486
11 2499 2486
10 2499 2486
10 2499 2487
10 2498 2487
11 2498 2487
12 2498 2487
13 2498 2487
14 2498 2487
14 2499 2487
14 2499 2488
14 2500 2488
14 2501 2488
13 2501 2488
12 2501 2488
12 2501 2489
12 2500 2489
13 2500 2489
13 2499 2489
13 2498 2489
13 2498 2490
12 2498 2490
12 2498 2489
11 2498 2489
11 2497 2489
12 2497 2489
12 2497 2490
11 2497 2490
11 2496 2490
12 2496 2490
12 2496 2491
11 2496 2491
11 2497 2491
10 2497 2491
10 2498 2491
11 2498 2491
12 2498 2491
12 2499 2491
12 2499 2490
12 2499 2489
12 2499 2488
12 2499 2487
12 2499 2486
12 2498 2486
13 2498 2486
13 2497 2486
13 2497 2487
14 2497 2487
14 2497 2486
14 2496 2486
14 2496 2485
15 2496 2485
16 2496 2485
16 2497 2485
16 2497 2486
16 2498 2486
16 2498 2485
17 2498 2485
17 2497 2485
17 2497 2486
17 2497 2487
17 2497 2488
17 2496 2488
17 2496 2489
17 2497 2489
16 2497 2489
16 2498 2489
17 2498 2489
17 2498 2490
17 2498 2491
17 2498 2492
17 2499 2492
17 2499 2491
18 2499 2491
18 2499 2492
18 2499 2493
18 2498 2493
18 2498 2494
18 2498 2495
19 2498 2495
19 2497 2495
19 2497 2494
19 2497 2493
19 2497 2492
19 2496 2492
20 2496 2492
21 2496 2492
21 2496 2491
22 2496 2491
22 2496 2492
22 2496 2493
22 2496 2494
23 2496 2494
23 2497 2494
23 2497 2493
24 2497 2493
24 2496 2493
24 2495 2493
25 2495 2493
25 2495 2494
24 2495 2494
24 2494 2494
23 2494 2494
23 2493 2494
24 2493 2494
24 2493 2495
25 2493 2495
25 2492 2495
25 2491 2495
25 2491 2494
25 2492 2494
25 2492 2493
25 2492 2492
24 2492 2492
24 2491 2492
24 2490 2492
24 2490 2491
23 2490 2491
23 2491 2491
22 2491 2491
22 2491 2490
22 2491 2489
22 2492 2489
22 2493 2489
21 2493 2489
21 2492 2489
20 2492 2489
20 2492 2488
19 2492 2488
19 2491 2488
19 2490 2488
19 2490 2489
19 2490 2490
19 2489 2490
18 2489 2490
18 2489 2491
19 2489 2491
19 2490 2491
18 2490 2491
18 2490 2492
18 2489 2492
18 2489 2493
17 2489 2493
17 2489 2494
17 2488 2494
16 2488 2494
16 2488 2493
17 2488 2493
17 2488 2492
17 2487 2492
17 2487 2493
18 2487 2493
18 2486 2493
19 2486 2493
19 2487 2493
20 2487 2493
20 2487 2492
20 2488 2492
21 2488 2492
22 2488 2492
23 2488 2492
23 2488 2493
23 2489 2493
23 2489 2492
23 2489 2491
22 2489 2491
22 2489 2490
22 2490 2490
22 2490 2491
22 2490 2492
22 2489 2492
21 2489 2492
21 2490 2492
20 2490 2492
19 2490 2492
19 2490 2493
19 2489 2493
19 2489 2492
19 2488 2492
19 2487 2492
19 2487 2491
19 2488 2491
19 2488 2490
19 2487 2490
19 2487 2489
20 2487 2489
20 2487 2488
20 2486 2488
20 2486 2487
19 2486 2487
19 2485 2487
19 2485 2488
18 2485 2488
18 2486 2488
19 2486 2488
19 2486 2489
20 2486 2489
21 2486 2489
21 2486 2488
21 2485 2488
20 2485 2488
20 2485 2489
20 2484 2489
21 2484 2489
21 2485 2489
21 2485 2490
21 2484 2490
20 2484 2490
20 2483 2490
20 2483 2489
21 2483 2489
21 2482 2489
21 2482 2488
21 2481 2488
21 2481 2487
21 2482 2487
21 2482 2486
20 2482 2486
20 2481 2486
21 2481 2486
22 2481 2486
22 2480 2486
21 2480 2486
21 2480 2485
21 2480 2484
22 2480 2484
22 2480 2483
23 2480 2483
23 2481 2483
22 2481 2483
21 2481 2483
21 2482 2483
21 2482 2482
20 2482 2482
20 2482 2481
20 2482 2480
21 2482 2480
21 2482 2481
21 2481 2481
21 2481 2480
21 2480 2480
20 2480 2480
20 2479 2480
20 2478 2480
20 2478 2479
20 2477 2479
20 2476 2479
20 2476 2480
20 2475 2480
20 2475 2481
21 2475 2481
21 2475 2480
21 2476 2480
21 2477 2480
21 2477 2481
21 2478 2481
20 2478 2481
19 2478 2481
19 2477 2481
19 2477 2482
19 2478 2482
19 2479 2482
19 2480 2482
19 2480 2483
19 2481 2483
20 2481 2483
20 2481 2484
21 2481 2484
21 2481 2485
21 2482 2485
22 2482 2485
22 2482 2484
23 2482 2484
23 2481 2484
22 2481 2484
22 2481 2485
23 2481 2485
23 2480 2485
23 2480 2484
24 2480 2484
24 2480 2485
24 2479 2485
24 2479 2484
25 2479 2484
25 2480 2484
25 2481 2484
25 2482 2484
25 2483 2484
24 2483 2484
24 2483 2485
24 2484 2485
24 2484 2484
23 2484 2484
23 2484 2483
23 2485 2483
23 2486 2483
23 2486 2484
23 2486 2485
23 2485 2485
22 2485 2485
22 2485 2486
21 2485 2486
21 2486 2486
22 2486 2486
22 2487 2486
21 2487 2486
21 2488 2486
20 2488 2486
20 2489 2486
19 2489 2486
19 2489 2485
20 2489 2485
20 2488 2485
19 2488 2485
19 2487 2485
20 2487 2485
21 2487 2485
21 2487 2484
21 2486 2484
22 2486 2484
22 2486 2483
21 2486 2483
21 2486 2482
21 2485 2482
21 2484 2482
21 2483 2482
20 2483 2482
20 2483 2483
20 2484 2483
20 2485 2483
20 2485 2482
20 2486 2482
20 2486 2483
20 2486 2484
19 2486 2484
19 2485 2484
20 2485 2484
20 2484 2484
20 2484 2485
20 2483 2485
20 2483 2486
20 2483 2487
19 2483 2487
19 2482 2487
19 2482 2486
19 2481 2486
18 2481 2486
18 2481 2485
18 2482 2485
18 2482 2486
18 2482 2487
18 2481 2487
18 2481 2488
17 2481 2488
16 2481 2488
16 2480 2488
16 2480 2489
16 2481 2489
16 2481 2490
16 2481 2491
17 2481 2491
17 2481 2492
17 2480 2492
18 2480 2492
19 2480 2492
19 2480 2491
20 2480 2491
20 2479 2491
20 2478 2491
21 2478 2491
21 2478 2492
22 2478 2492
22 2479 2492
22 2480 2492
21 2480 2492
21 2479 2492
20 2479 2492
20 2479 2493
21 2479 2493
21 2480 2493
21 2481 2493
22 2481 2493
22 2480 2493
22 2480 2494
22 2480 2495
22 2480 2496
21 2480 2496
21 2480 2497
21 2480 2498
22 2480 2498
22 2481 2498
22 2482 2498
22 2483 2498
21 2483 2498
21 2483 2499
22 2483 2499
22 2483 2500
22 2482 2500
22 2482 2501
23 2482 2501
23 2482 0
22 2482 0
22 2483 0
22 2483 1
22 2482 1
22 2482 2
22 2481 2
23 2481 2
23 2481 3
22 2481 3
21 2481 3
21 2482 3
22 2482 3
22 2483 3
22 2483 4
23 2483 4
23 2483 5
23 2484 5
23 2485 5
23 2486 5
23 2486 4
23 2486 3
23 2486 2
23 2485 2
22 2485 2
22 2486 2
21 2486 2
21 2486 1
20 2486 1
20 2487 1
20 2487 2
20 2488 2
21 2488 2
21 2488 1
21 2487 1
21 2487 0
20 2487 0
20 2486 0
21 2486 0
22 2486 0
22 2485 0
22 2485 2501
22 2484 2501
22 2484 0
23 2484 0
23 2483 0
23 2483 2501
22 2483 2501
21 2483 2501
21 2483 0
21 2482 0
20 2482 0
20 2482 1
19 2482 1
18 2482 1
18 2482 0
19 2482 0
19 2481 0
19 2481 1
19 2480 1
19 2479 1
19 2479 0
19 2479 2501
19 2480 2501
20 2480 2501
20 2481 2501
20 2481 0
21 2481 0
22 2481 0
22 2480 0
22 2480 1
22 2481 1
21 2481 1
20 2481 1
20 2481 2
19 2481 2
18 2481 2
18 2480 2
18 2479 2
18 2478 2
18 2478 3
18 2477 3
18 2477 4
18 2476 4
17 2476 4
17 2476 5
16 2476 5
16 2476 6
17 2476 6
17 2477 6
17 2478 6
17 2479 6
16 2479 6
15 2479 6
15 2480 6
15 2481 6
16 2481 6
16 2481 7
16 2481 8
17 2481 8
17 2480 8
18 2480 8
18 2481 8
18 2481 7
18 2482 7
18 2482 8
18 2482 9
19 2482 9
19 2482 10
18 2482 10
17 2482 10
17 2481 10
17 2480 10
17 2479 10
17 2479 11
17 2479 12
17 2479 13
17 2478 13
17 2478 14
18 2478 14
19 2478 14
19 2477 14
20 2477 14
21 2477 14
21 2478 14
21 2478 15
21 2478 16
21 2479 16
20 2479 16
19 2479 16
19 2480 16
20 2480 16
21 2480 16
21 2480 17
21 2479 17
22 2479 17
22 2480 17
22 2480 16
23 2480 16
23 2480 17
23 2481 17
22 2481 17
22 2482 17
22 2482 16
22 2481 16
21 2481 16
20 2481 16
20 2481 15
19 2481 15
19 2482 15
18 2482 15
18 2483 15
18 2483 14
19 2483 14
19 2483 13
19 2482 13
20 2482 13
20 2482 14
19 2482 14
18 2482 14
17 2482 14
17 2482 13
17 2482 12
17 2481 12
16 2481 12
16 2481 11
16 2481 10
16 2480 10
15 2480 10
15 2479 10
15 2479 11
15 2479 12
16 2479 12
16 2479 13
16 2479 14
16 2480 14
16 2480 13
16 2480 12
15 2480 12
15 2481 12
15 2481 11
14 2481 11
13 2481 11
13 2480 11
13 2480 10
14 2480 10
14 2480 11
14 2479 11
13 2479 11
13 2479 12
13 2480 12
14 2480 12
14 2481 12
14 2481 13
14 2482 13
14 2483 13
14 2483 14
14 2482 14
15 2482 14
15 2481 14
15 2481 13
16 2481 13
16 2482 13
15 2482 13
15 2483 13
15 2483 14
15 2483 15
16 2483 15
16 2482 15
17 2482 15
17 2482 16
17 2482 17
17 2482 18
16 2482 18
16 2482 17
15 2482 17
14 2482 17
14 2482 18
14 2482 19
15 2482 19
15 2483 19
15 2483 20
16 2483 20
16 2484 20
17 2484 20
17 2483 20
17 2482 20
17 2481 20
17 2481 21
18 2481 21
19 2481 21
19 2480 21
19 2479 21
19 2479 22
18 2479 22
18 2479 23
18 2479 24
17 2479 24
17 2479 25
16 2479 25
16 2478 25
16 2478 26
16 2479 26
16 2480 26
15 2480 26
15 2480 27
15 2480 28
15 2480 29
15 2480 30
16 2480 30
16 2480 29
17 2480 29
18 2480 29
18 2480 28
17 2480 28
17 2480 27
18 2480 27
19 2480 27
19 2479 27
20 2479 27
20 2480 27
20 2480 26
21 2480 26
22 2480 26
22 2480 27
21 2480 27
21 2480 28
21 2479 28
21 2478 28
21 2478 27
20 2478 27
20 2478 26
21 2478 26
21 2478 25
21 2477 25
21 2477 26
22 2477 26
22 2478 26
22 2479 26
22 2479 27
22 2478 27
22 2478 28
22 2477 28
22 2476 28
22 2476 29
22 2475 29
23 2475 29
23 2475 30
24 2475 30
24 2474 30
24 2473 30
23 2473 30
23 2472 30
23 2472 29
23 2472 28
23 2471 28
23 2471 29
22 2471 29
21 2471 29
21 2470 29
22 2470 29
22 2469 29
22 2469 28
23 2469 28
23 2468 28
23 2468 29
23 2469 29
23 2470 29
24 2470 29
25 2470 29
25 2469 29
25 2468 29
26 2468 29
27 2468 29
27 2468 30
27 2467 30
27 2467 31
26 2467 31
26 2467 32
25 2467 32
25 2467 33
24 2467 33
24 2467 32
24 2467 31
24 2467 30
25 2467 30
26 2467 30
26 2466 30
26 2466 31
26 2465 31
26 2465 30
27 2465 30
28 2465 30
28 2465 31
28 2466 31
28 2466 30
27 2466 30
27 2466 29
27 2465 29
27 2464 29
27 2464 30
26 2464 30
26 2463 30
26 2463 31
26 2464 31
27 2464 31
27 2463 31
27 2462 31
27 2462 32
27 2461 32
27 2461 33
27 2461 34
26 2461 34
25 2461 34
24 2461 34
23 2461 34
23 2461 35
23 2461 36
22 2461 36
21 2461 36
21 2461 37
22 2461 37
22 2462 37
22 2462 36
23 2462 36
23 2462 37
24 2462 37
24 2461 37
25 2461 37
25 2461 36
25 2461 35
25 2462 35
24 2462 35
23 2462 35
23 2463 35
24 2463 35
25 2463 35
25 2463 34
25 2462 34
25 2462 33
24 2462 33
24 2463 33
24 2463 34
24 2464 34
25 2464 34
25 2464 33
25 2463 33
25 2463 32
25 2464 32
25 2465 32
26 2465 32
26 2466 32
25 2466 32
25 2466 33
25 2466 34
24 2466 34
23 2466 34
23 2466 35
24 2466 35
25 2466 35
25 2467 35
25 2468 35
25 2468 36
24 2468 36
23 2468 36
23 2468 37
22 2468 37
21 2468 37
21 2469 37
21 2469 36
21 2468 36
20 2468 36
20 2469 36
20 2469 35
20 2470 35
20 2470 36
20 2470 37
20 2469 37
20 2469 38
21 2469 38
22 2469 38
22 2470 38
22 2470 39
23 2470 39
23 2470 38
24 2470 38
24 2471 38
24 2471 37
23 2471 37
23 2470 37
23 2469 37
22 2469 37
22 2469 36
22 2469 35
22 2470 35
23 2470 35
23 2470 36
23 2471 36
23 2472 36
23 2472 37
24 2472 37
24 2473 37
24 2473 38
24 2473 39
25 2473 39
26 2473 39
27 2473 39
28 2473 39
28 2473 40
28 2473 41
28 2472 41
29 2472 41
29 2472 42
29 2472 43
29 2473 43
29 2473 44
30 2473 44
30 2473 45
30 2472 45
30 2472 44
31 2472 44
31 2472 45
31 2472 46
32 2472 46
33 2472 46
33 2472 45
34 2472 45
35 2472 45
35 2472 44
35 2471 44
34 2471 44
34 2472 44
33 2472 44
33 2472 43
33 2472 42
34 2472 42
35 2472 42
35 2472 41
35 2471 41
35 2471 42
34 2471 42
33 2471 42
33 2471 43
33 2470 43
33 2469 43
33 2469 44
33 2470 44
33 2470 45
33 2471 45
34 2471 45
34 2470 45
35 2470 45
35 2470 46
35 2471 46
36 2471 46
36 2472 46
36 2473 46
35 2473 46
35 2473 47
35 2474 47
35 2474 48
36 2474 48
36 2474 47
37 2474 47
37 2475 47
37 2475 46
37 2476 46
37 2476 45
37 2476 44
37 2475 44
38 2475 44
38 2474 44
38 2474 43
39 2474 43
39 2474 44
39 2474 45
40 2474 45
40 2474 44
40 2475 44
41 2475 44
41 2475 43
40 2475 43
40 2476 43
40 2477 43
40 2477 44
40 2478 44
40 2478 43
40 2478 42
40 2479 42
39 2479 42
39 2480 42
39 2480 41
39 2480 40
40 2480 40
40 2480 41
40 2481 41
41 2481 41
41 2480 41
41 2480 42
41 2479 42
41 2479 43
40 2479 43
40 2479 44
39 2479 44
39 2479 43
38 2479 43
37 2479 43
37 2479 44
37 2479 45
37 2478 45
37 2477 45
36 2477 45
36 2477 44
36 2477 43
36 2477 42
35 2477 42
35 2476 42
36 2476 42
36 2476 43
36 2476 44
35 2476 44
35 2476 43
35 2477 43
35 2477 44
35 2477 45
35 2476 45
36 2476 45
36 2475 45
36 2474 45
36 2474 46
37 2474 46
38 2474 46
38 2474 47
38 2473 47
38 2473 46
38 2473 45
38 2472 45
38 2472 44
39 2472 44
39 2473 44
40 2473 44
40 2472 44
40 2472 43
40 2472 42
40 2473 42
40 2473 43
39 2473 43
39 2473 42
39 2473 41
39 2473 40
38 2473 40
38 2473 39
39 2473 39
39 2473 38
39 2474 38
39 2474 39
39 2474 40
38 2474 40
38 2475 40
37 2475 40
37 2475 41
36 2475 41
36 2476 41
35 2476 41
35 2475 41
35 2474 41
36 2474 41
36 2474 40
36 2473 40
36 2473 39
37 2473 39
37 2473 38
37 2472 38
37 2471 38
37 2471 37
37 2471 36
38 2471 36
38 2470 36
39 2470 36
39 2471 36
39 2471 37
38 2471 37
38 2472 37
38 2472 36
38 2473 36
38 2474 36
38 2474 37
37 2474 37
36 2474 37
36 2475 37
37 2475 37
38 2475 37
38 2476 37
39 2476 37
39 2477 37
39 2477 38
40 2477 38
41 2477 38
41 2477 37
40 2477 37
40 2478 37
40 2478 38
39 2478 38
38 2478 38
38 2479 38
38 2479 39
38 2478 39
37 2478 39
37 2477 39
36 2477 39
36 2477 40
36 2476 40
36 2475 40
35 2475 40
35 2476 40
35 2477 40
35 2478 40
35 2478 41
35 2478 42
35 2478 43
35 2479 43
35 2480 43
35 2480 42
35 2481 42
35 2481 41
35 2481 40
34 2481 40
34 2480 40
34 2479 40
34 2479 41
35 2479 41
36 2479 41
36 2478 41
36 2478 42
36 2478 43
36 2478 44
36 2479 44
36 2479 45
36 2479 46
36 2479 47
37 2479 47
37 2480 47
37 2480 48
37 2481 48
38 2481 48
38 2481 49
38 2482 49
39 2482 49
40 2482 49
40 2483 49
40 2484 49
40 2484 50
40 2485 50
41 2485 50
42 2485 50
42 2485 49
42 2484 49
43 2484 49
43 2484 50
43 2484 51
43 2484 52
43 2484 53
43 2484 54
44 2484 54
45 2484 54
46 2484 54
46 2483 54
46 2483 55
47 2483 55
47 2484 55
48 2484 55
48 2483 55
48 2483 54
49 2483 54
49 2484 54
48 2484 54
47 2484 54
47 2483 54
47 2483 53
47 2484 53
47 2484 52
47 2484 51
47 2485 51
47 2485 50
47 2484 50
47 2484 49
47 2483 49
47 2483 48
47 2482 48
47 2481 48
47 2481 47
47 2481 46
47 2482 46
47 2482 45
48 2482 45
49 2482 45
49 2482 44
49 2482 43
49 2483 43
49 2483 42
48 2483 42
48 2482 42
48 2482 41
48 2481 41
47 2481 41
47 2481 40
47 2482 40
47 2483 40
47 2483 39
48 2483 39
48 2483 38
48 2483 37
48 2484 37
48 2485 37
48 2485 36
48 2484 36
47 2484 36
47 2483 36
46 2483 36
46 2484 36
46 2484 37
46 2484 38
46 2485 38
46 2485 37
46 2485 36
45 2485 36
45 2486 36
45 2487 36
45 2488 36
45 2489 36
45 2489 37
45 2488 37
46 2488 37
46 2488 38
46 2487 38
46 2487 39
46 2486 39
47 2486 39
47 2486 38
48 2486 38
48 2485 38
48 2485 39
48 2486 39
48 2487 39
47 2487 39
47 2487 40
47 2488 40
47 2488 41
46 2488 41
46 2488 42
46 2489 42
46 2490 42
47 2490 42
47 2490 41
46 2490 41
46 2490 40
46 2490 39
46 2491 39
45 2491 39
45 2490 39
45 2489 39
45 2488 39
45 2488 38
45 2489 38
45 2490 38
44 2490 38
44 2490 37
45 2490 37
45 2490 36
46 2490 36
47 2490 36
47 2491 36
48 2491 36
48 2491 35
48 2490 35
48 2490 34
48 2491 34
49 2491 34
49 2490 34
49 2489 34
49 2489 35
50 2489 35
50 2489 36
51 2489 36
51 2488 36
52 2488 36
52 2487 36
53 2487 36
53 2486 36
53 2486 37
52 2486 37
52 2487 37
52 2488 37
52 2488 38
53 2488 38
54 2488 38
54 2489 38
53 2489 38
52 2489 38
52 2489 39
52 2489 40
51 2489 40
51 2488 40
51 2488 41
51 2489 41
50 2489 41
49 2489 41
48 2489 41
47 2489 41
47 2489 40
48 2489 40
49 2489 40
50 2489 40
50 2489 39
50 2489 38
50 2488 38
50 2488 37
50 2487 37
50 2487 38
50 2487 39
49 2487 39
49 2487 38
49 2488 38
49 2489 38
49 2490 38
48 2490 38
48 2489 38
48 2488 38
48 2488 37
48 2488 36
48 2488 35
49 2488 35
50 2488 35
50 2488 34
51 2488 34
52 2488 34
52 2489 34
52 2489 33
53 2489 33
53 2489 32
53 2490 32
52 2490 32
52 2489 32
52 2488 32
52 2488 33
51 2488 33
51 2489 33
50 2489 33
50 2489 32
50 2488 32
51 2488 32
51 2488 31
51 2487 31
51 2487 32
51 2486 32
51 2485 32
51 2485 31
50 2485 31
50 2485 32
49 2485 32
48 2485 32
48 2485 33
49 2485 33
49 2484 33
50 2484 33
50 2484 32
50 2483 32
50 2483 31
50 2484 31
49 2484 31
49 2484 30
48 2484 30
48 2484 29
49 2484 29
49 2485 29
49 2485 30
48 2485 30
48 2485 29
48 2485 28
48 2485 27
48 2484 27
48 2484 28
49 2484 28
49 2483 28
49 2483 27
48 2483 27
48 2483 28
48 2482 28
48 2482 27
48 2481 27
47 2481 27
47 2481 26
47 2482 26
47 2482 25
47 2481 25
48 2481 25
48 2481 24
47 2481 24
47 2482 24
47 2482 23
46 2482 23
46 2483 23
47 2483 23
47 2483 22
47 2483 21
48 2483 21
48 2482 21
47 2482 21
46 2482 21
46 2481 21
46 2481 20
46 2481 19
45 2481 19
45 2482 19
45 2482 18
45 2481 18
44 2481 18
44 2481 17
45 2481 17
45 2481 16
45 2482 16
45 2482 17
45 2483 17
44 2483 17
43 2483 17
43 2482 17
43 2482 18
43 2482 19
43 2482 20
43 2483 20
42 2483 20
42 2482 20
42 2481 20
42 2481 21
42 2480 21
43 2480 21
43 2479 21
44 2479 21
44 2479 22
44 2479 23
45 2479 23
45 2480 23
45 2480 22
45 2479 22
46 2479 22
47 2479 22
47 2479 21
47 2478 21
47 2477 21
47 2477 22
47 2476 22
47 2476 23
47 2477 23
48 2477 23
48 2476 23
48 2476 22
48 2475 22
47 2475 22
47 2474 22
47 2474 23
47 2473 23
47 2473 22
48 2473 22
48 2473 23
49 2473 23
49 2473 22
49 2472 22
48 2472 22
48 2472 21
49 2472 21
49 2472 20
50 2472 20
50 2473 20
50 2473 19
50 2474 19
50 2474 20
49 2474 20
49 2474 19
49 2475 19
49 2475 18
49 2474 18
49 2473 18
49 2473 17
49 2472 17
49 2472 16
49 2471 16
49 2471 15
49 2472 15
48 2472 15
48 2472 16
48 2471 16
48 2471 17
48 2470 17
47 2470 17
47 2470 16
46 2470 16
45 2470 16
45 2470 15
44 2470 15
43 2470 15
43 2469 15
43 2468 15
43 2467 15
44 2467 15
44 2467 16
44 2466 16
43 2466 16
43 2467 16
43 2468 16
42 2468 16
41 2468 16
40 2468 16
40 2468 17
41 2468 17
41 2469 17
40 2469 17
40 2469 18
41 2469 18
42 2469 18
42 2470 18
43 2470 18
43 2470 17
44 2470 17
44 2470 18
44 2469 18
43 2469 18
43 2468 18
43 2467 18
43 2467 19
43 2467 20
43 2468 20
42 2468 20
41 2468 20
41 2468 19
41 2468 18
40 2468 18
40 2467 18
41 2467 18
41 2466 18
42 2466 18
42 2467 18
42 2467 17
42 2466 17
42 2465 17
42 2465 16
42 2466 16
42 2466 15
42 2466 14
43 2466 14
43 2466 15
43 2465 15
44 2465 15
44 2465 16
44 2465 17
44 2466 17
44 2466 18
45 2466 18
45 2465 18
45 2465 19
45 2465 20
44 2465 20
44 2465 21
44 2466 21
44 2466 22
44 2466 23
44 2465 23
44 2465 24
43 2465 24
43 2465 25
43 2465 26
43 2464 26
42 2464 26
42 2465 26
42 2465 27
42 2464 27
41 2464 27
40 2464 27
40 2463 27
39 2463 27
38 2463 27
38 2463 28
39 2463 28
40 2463 28
40 2462 28
40 2461 28
40 2461 27
40 2462 27
39 2462 27
39 2462 28
38 2462 28
38 2462 29
38 2463 29
39 2463 29
39 2463 30
39 2464 30
39 2464 29
39 2464 28
39 2465 28
38 2465 28
38 2466 28
39 2466 28
39 2467 28
39 2467 29
39 2467 30
39 2468 30
39 2469 30
40 2469 30
40 2470 30
41 2470 30
42 2470 30
42 2471 30
41 2471 30
41 2471 29
41 2471 28
41 2470 28
40 2470 28
39 2470 28
39 2470 27
39 2471 27
40 2471 27
40 2470 27
40 2469 27
40 2468 27
39 2468 27
39 2468 26
39 2467 26
39 2467 25
39 2468 25
39 2468 24
39 2467 24
39 2466 24
39 2465 24
38 2465 24
38 2465 25
37 2465 25
37 2466 25
36 2466 25
36 2466 26
36 2466 27
35 2466 27
35 2466 26
35 2467 26
36 2467 26
36 2468 26
36 2468 25
36 2468 24
36 2467 24
37 2467 24
38 2467 24
38 2467 23
38 2468 23
38 2469 23
38 2470 23
38 2470 22
38 2469 22
39 2469 22
39 2469 21
39 2469 20
39 2469 19
38 2469 19
38 2468 19
39 2468 19
40 2468 19
40 2467 19
40 2467 20
40 2467 21
39 2467 21
39 2466 21
40 2466 21
40 2465 21
40 2464 21
40 2464 20
40 2463 20
40 2463 21
41 2463 21
41 2463 20
41 2462 20
42 2462 20
42 2461 20
42 2461 19
42 2462 19
43 2462 19
43 2462 20
44 2462 20
44 2462 19
45 2462 19
45 2462 18
44 2462 18
44 2461 18
43 2461 18
43 2462 18
43 2463 18
42 2463 18
42 2463 19
41 2463 19
41 2462 19
41 2461 19
40 2461 19
40 2462 19
40 2462 20
39 2462 20
39 2461 20
39 2461 21
39 2461 22
39 2462 22
39 2462 21
38 2462 21
38 2463 21
39 2463 21
39 2464 21
39 2464 22
38 2464 22
38 2463 22
37 2463 22
37 2463 23
37 2464 23
36 2464 23
36 2464 22
36 2465 22
36 2466 22
36 2467 22
36 2467 23
36 2466 23
35 2466 23
35 2465 23
34 2465 23
34 2465 24
33 2465 24
33 2465 25
33 2464 25
34 2464 25
34 2464 24
35 2464 24
35 2464 23
35 2463 23
35 2463 22
35 2462 22
35 2461 22
36 2461 22
36 2460 22
36 2459 22
36 2459 21
35 2459 21
35 2460 21
35 2460 22
35 2460 23
36 2460 23
37 2460 23
37 2461 23
37 2461 24
37 2460 24
38 2460 24
38 2460 25
38 2459 25
38 2459 26
38 2458 26
38 2458 25
38 2458 24
38 2459 24
39 2459 24
39 2459 23
38 2459 23
38 2460 23
39 2460 23
39 2460 22
38 2460 22
37 2460 22
37 2460 21
36 2460 21
36 2460 20
35 2460 20
34 2460 20
34 2461 20
33 2461 20
33 2461 21
33 2461 22
33 2462 22
34 2462 22
34 2462 23
34 2463 23
33 2463 23
33 2464 23
33 2465 23
33 2466 23
33 2466 22
34 2466 22
35 2466 22
35 2466 21
35 2466 20
36 2466 20
36 2466 19
37 2466 19
37 2466 20
38 2466 20
38 2466 21
38 2467 21
37 2467 21
37 2468 21
38 2468 21
38 2468 22
38 2467 22
39 2467 22
39 2467 23
40 2467 23
40 2467 22
40 2466 22
40 2465 22
40 2465 23
41 2465 23
42 2465 23
42 2465 24
42 2465 25
41 2465 25
41 2465 24
41 2464 24
41 2463 24
42 2463 24
42 2464 24
42 2464 23
42 2463 23
42 2462 23
42 2462 22
41 2462 22
41 2463 22
42 2463 22
43 2463 22
43 2463 21
44 2463 21
45 2463 21
45 2464 21
46 2464 21
46 2463 21
47 2463 21
48 2463 21
48 2463 20
48 2463 19
49 2463 19
50 2463 19
50 2463 20
50 2464 20
50 2465 20
50 2465 19
50 2464 19
50 2464 18
49 2464 18
49 2465 18
50 2465 18
51 2465 18
51 2465 17
51 2465 16
51 2465 15
50 2465 15
50 2464 15
50 2463 15
50 2463 16
51 2463 16
51 2464 16
51 2464 15
52 2464 15
52 2463 15
53 2463 15
53 2463 14
53 2463 13
END POLYMER 0