-54 | 9 | 9 | 0 | 30 | 30 | 0 | 0
-54 | 9 | 9 | 0 | 30 | 30 | 0 | 1
-52.8 | 9 | 9 | 0 | 30 | 29 | 1 | 2
-52.8 | 9 | 9 | 0 | 30 | 29 | 1 | 3
-52.8 | 9 | 9 | 0 | 30 | 29 | 1 | 4
-54.4 | 8 | 8 | 0 | 32 | 32 | 0 | 5
-54.4 | 8 | 8 | 0 | 32 | 32 | 0 | 6
-54.4 | 8 | 8 | 0 | 32 | 32 | 0 | 7
-54.4 | 8 | 8 | 0 | 32 | 32 | 0 | 8
-54.4 | 8 | 8 | 0 | 32 | 32 | 0 | 9
-54.4 | 8 | 8 | 0 | 32 | 32 | 0 | 10
-54.4 | 8 | 8 | 0 | 32 | 32 | 0 | 11
-54.4 | 8 | 8 | 0 | 32 | 32 | 0 | 12
-54.4 | 8 | 8 | 0 | 32 | 32 | 0 | 13
-54.4 | 8 | 8 | 0 | 32 | 32 | 0 | 14
-54.4 | 8 | 8 | 0 | 32 | 32 | 0 | 15
-54.4 | 8 | 8 | 0 | 32 | 32 | 0 | 16
-53.2 | 8 | 8 | 0 | 32 | 31 | 1 | 17
-53.2 | 8 | 8 | 0 | 32 | 31 | 1 | 18
-53.2 | 8 | 8 | 0 | 32 | 31 | 1 | 19
-53.2 | 8 | 8 | 0 | 32 | 31 | 1 | 20
-54.4 | 8 | 8 | 0 | 32 | 32 | 0 | 21
-54.4 | 8 | 8 | 0 | 32 | 32 | 0 | 22
-54.4 | 8 | 8 | 0 | 32 | 32 | 0 | 23
-54.4 | 8 | 8 | 0 | 32 | 32 | 0 | 24
-54.4 | 8 | 8 | 0 | 32 | 32 | 0 | 25
-54.4 | 8 | 8 | 0 | 32 | 32 | 0 | 26
-54.4 | 8 | 8 | 0 | 32 | 32 | 0 | 27
-54.4 | 8 | 8 | 0 | 32 | 32 | 0 | 28
-54.4 | 8 | 8 | 0 | 32 | 32 | 0 | 29
-54.4 | 8 | 8 | 0 | 32 | 32 | 0 | 30
-54.4 | 8 | 8 | 0 | 32 | 32 | 0 | 31
-54.4 | 8 | 8 | 0 | 32 | 32 | 0 | 32
-54.4 | 8 | 8 | 0 | 32 | 32 | 0 | 33
-54.4 | 8 | 8 | 0 | 32 | 32 | 0 | 34
-54.4 | 8 | 8 | 0 | 32 | 32 | 0 | 35
-54.4 | 8 | 8 | 0 | 32 | 32 | 0 | 36
-54.4 | 8 | 8 | 0 | 32 | 32 | 0 | 37
-54.4 | 8 | 8 | 0 | 32 | 32 | 0 | 38
-54.4 | 8 | 8 | 0 | 32 | 32 | 0 | 39
-54.4 | 8 | 8 | 0 | 32 | 32 | 0 | 40
-53.2 | 8 | 8 | 0 | 32 | 31 | 1 | 41
-53.6 | 7 | 7 | 0 | 34 | 33 | 1 | 42
-53.6 | 7 | 7 | 0 | 34 | 33 | 1 | 43
-53.6 | 7 | 7 | 0 | 34 | 33 | 1 | 44
-53.6 | 7 | 7 | 0 | 34 | 33 | 1 | 45
-53.6 | 7 | 7 | 0 | 34 | 33 | 1 | 46
-53.6 | 7 | 7 | 0 | 34 | 33 | 1 | 47
-53.6 | 7 | 7 | 0 | 34 | 33 | 1 | 48
-53.6 | 7 | 7 | 0 | 34 | 33 | 1 | 49
-52.8 | 9 | 9 | 0 | 30 | 29 | 1 | 50
-53.6 | 7 | 7 | 0 | 34 | 33 | 1 | 51
-53.6 | 7 | 7 | 0 | 34 | 33 | 1 | 52
-53.6 | 7 | 7 | 0 | 34 | 33 | 1 | 53
-53.6 | 7 | 7 | 0 | 34 | 33 | 1 | 54
-53.6 | 7 | 7 | 0 | 34 | 33 | 1 | 55
-53.6 | 7 | 7 | 0 | 34 | 33 | 1 | 56
-53.6 | 7 | 7 | 0 | 34 | 33 | 1 | 57
-53.6 | 7 | 7 | 0 | 34 | 33 | 1 | 58
-53.6 | 7 | 7 | 0 | 34 | 33 | 1 | 59
-53.6 | 7 | 7 | 0 | 34 | 33 | 1 | 60
-53.6 | 7 | 7 | 0 | 34 | 33 | 1 | 61
-53.6 | 7 | 7 | 0 | 34 | 33 | 1 | 62
-53.6 | 7 | 7 | 0 | 34 | 33 | 1 | 63
-52.4 | 7 | 7 | 0 | 34 | 32 | 2 | 64
-52.4 | 7 | 7 | 0 | 34 | 32 | 2 | 65
-52.4 | 7 | 7 | 0 | 34 | 32 | 2 | 66
-52.4 | 7 | 7 | 0 | 34 | 32 | 2 | 67
-52.4 | 7 | 7 | 0 | 34 | 32 | 2 | 68
-50.8 | 8 | 8 | 0 | 32 | 29 | 3 | 69
-50.8 | 8 | 8 | 0 | 32 | 29 | 3 | 70
-50.8 | 8 | 8 | 0 | 32 | 29 | 3 | 71
-50.8 | 8 | 8 | 0 | 32 | 29 | 3 | 72
-50.8 | 8 | 8 | 0 | 32 | 29 | 3 | 73
-52 | 8 | 8 | 0 | 32 | 30 | 2 | 74
-52 | 8 | 8 | 0 | 32 | 30 | 2 | 75
-52 | 8 | 8 | 0 | 32 | 30 | 2 | 76
-52.4 | 7 | 7 | 0 | 34 | 32 | 2 | 77
-52.4 | 7 | 7 | 0 | 34 | 32 | 2 | 78
-52.4 | 7 | 7 | 0 | 34 | 32 | 2 | 79
-52.4 | 7 | 7 | 0 | 34 | 32 | 2 | 80
-52.4 | 7 | 7 | 0 | 34 | 32 | 2 | 81
-52.4 | 7 | 7 | 0 | 34 | 32 | 2 | 82
-53.6 | 7 | 7 | 0 | 34 | 33 | 1 | 83
-53.6 | 7 | 7 | 0 | 34 | 33 | 1 | 84
-53.6 | 7 | 7 | 0 | 34 | 33 | 1 | 85
-53.6 | 7 | 7 | 0 | 34 | 33 | 1 | 86
-54.8 | 7 | 7 | 0 | 34 | 34 | 0 | 87
-54.8 | 7 | 7 | 0 | 34 | 34 | 0 | 88
-54.8 | 7 | 7 | 0 | 34 | 34 | 0 | 89
-54.8 | 7 | 7 | 0 | 34 | 34 | 0 | 90
-54.8 | 7 | 7 | 0 | 34 | 34 | 0 | 91
-54.8 | 7 | 7 | 0 | 34 | 34 | 0 | 92
-54.8 | 7 | 7 | 0 | 34 | 34 | 0 | 93
-54.8 | 7 | 7 | 0 | 34 | 34 | 0 | 94
-53.6 | 7 | 7 | 0 | 34 | 33 | 1 | 95
-53.6 | 7 | 7 | 0 | 34 | 33 | 1 | 96
-53.6 | 7 | 7 | 0 | 34 | 33 | 1 | 97
-53.6 | 7 | 7 | 0 | 34 | 33 | 1 | 98
-53.6 | 7 | 7 | 0 | 34 | 33 | 1 | 99
-53.6 | 7 | 7 | 0 | 34 | 33 | 1 | 100
-54.8 | 7 | 7 | 0 | 34 | 34 | 0 | 101
-54.8 | 7 | 7 | 0 | 34 | 34 | 0 | 102
-54.8 | 7 | 7 | 0 | 34 | 34 | 0 | 103
-54.8 | 7 | 7 | 0 | 34 | 34 | 0 | 104
-54.8 | 7 | 7 | 0 | 34 | 34 | 0 | 105
-54.8 | 7 | 7 | 0 | 34 | 34 | 0 | 106
-54.8 | 7 | 7 | 0 | 34 | 34 | 0 | 107
-54.8 | 7 | 7 | 0 | 34 | 34 | 0 | 108
-54.8 | 7 | 7 | 0 | 34 | 34 | 0 | 109
-54.8 | 7 | 7 | 0 | 34 | 34 | 0 | 110
-54.8 | 7 | 7 | 0 | 34 | 34 | 0 | 111
-54.8 | 7 | 7 | 0 | 34 | 34 | 0 | 112
-54.8 | 7 | 7 | 0 | 34 | 34 | 0 | 113
-54.8 | 7 | 7 | 0 | 34 | 34 | 0 | 114
-54.8 | 7 | 7 | 0 | 34 | 34 | 0 | 115
-54.8 | 7 | 7 | 0 | 34 | 34 | 0 | 116
-54.8 | 7 | 7 | 0 | 34 | 34 | 0 | 117
-54.8 | 7 | 7 | 0 | 34 | 34 | 0 | 118
-54.8 | 7 | 7 | 0 | 34 | 34 | 0 | 119
-54.4 | 8 | 8 | 0 | 32 | 32 | 0 | 120
-54.8 | 7 | 7 | 0 | 34 | 34 | 0 | 121
-54.8 | 7 | 7 | 0 | 34 | 34 | 0 | 122
-54.8 | 7 | 7 | 0 | 34 | 34 | 0 | 123
-54.8 | 7 | 7 | 0 | 34 | 34 | 0 | 124
-54.8 | 7 | 7 | 0 | 34 | 34 | 0 | 125
-54.8 | 7 | 7 | 0 | 34 | 34 | 0 | 126
-53.6 | 7 | 7 | 0 | 34 | 33 | 1 | 127
-53.6 | 7 | 7 | 0 | 34 | 33 | 1 | 128
-53.6 | 7 | 7 | 0 | 34 | 33 | 1 | 129
-53.6 | 7 | 7 | 0 | 34 | 33 | 1 | 130
-53.6 | 7 | 7 | 0 | 34 | 33 | 1 | 131
-54.8 | 7 | 7 | 0 | 34 | 34 | 0 | 132
-54.8 | 7 | 7 | 0 | 34 | 34 | 0 | 133
-54.4 | 8 | 8 | 0 | 32 | 32 | 0 | 134
-54.4 | 8 | 8 | 0 | 32 | 32 | 0 | 135
-54.4 | 8 | 8 | 0 | 32 | 32 | 0 | 136
-54.4 | 8 | 8 | 0 | 32 | 32 | 0 | 137
-53.2 | 8 | 8 | 0 | 32 | 31 | 1 | 138
-53.2 | 8 | 8 | 0 | 32 | 31 | 1 | 139
-52.8 | 9 | 9 | 0 | 30 | 29 | 1 | 140
-52.8 | 9 | 9 | 0 | 30 | 29 | 1 | 141
-52.8 | 9 | 9 | 0 | 30 | 29 | 1 | 142
-52.8 | 9 | 9 | 0 | 30 | 29 | 1 | 143
-52.8 | 9 | 9 | 0 | 30 | 29 | 1 | 144
-51.6 | 9 | 9 | 0 | 30 | 28 | 2 | 145
-51.6 | 9 | 9 | 0 | 30 | 28 | 2 | 146
-50.4 | 9 | 9 | 0 | 30 | 27 | 3 | 147
-51.6 | 9 | 9 | 0 | 30 | 28 | 2 | 148
-51.2 | 10 | 10 | 0 | 28 | 26 | 2 | 149
-51.6 | 9 | 9 | 0 | 30 | 28 | 2 | 150
-51.6 | 9 | 9 | 0 | 30 | 28 | 2 | 151
-51.6 | 9 | 9 | 0 | 30 | 28 | 2 | 152
-51.6 | 9 | 9 | 0 | 30 | 28 | 2 | 153
-51.6 | 9 | 9 | 0 | 30 | 28 | 2 | 154
-51.6 | 9 | 9 | 0 | 30 | 28 | 2 | 155
-51.6 | 9 | 9 | 0 | 30 | 28 | 2 | 156
-50.8 | 8 | 8 | 0 | 32 | 29 | 3 | 157
-50.8 | 8 | 8 | 0 | 32 | 29 | 3 | 158
-52.4 | 7 | 7 | 0 | 34 | 32 | 2 | 159
-52.4 | 7 | 7 | 0 | 34 | 32 | 2 | 160
-53.6 | 7 | 7 | 0 | 34 | 33 | 1 | 161
-53.6 | 7 | 7 | 0 | 34 | 33 | 1 | 162
-53.6 | 7 | 7 | 0 | 34 | 33 | 1 | 163
-53.6 | 7 | 7 | 0 | 34 | 33 | 1 | 164
-53.6 | 7 | 7 | 0 | 34 | 33 | 1 | 165
-53.6 | 7 | 7 | 0 | 34 | 33 | 1 | 166
-53.6 | 7 | 7 | 0 | 34 | 33 | 1 | 167
-53.6 | 7 | 7 | 0 | 34 | 33 | 1 | 168
-53.6 | 7 | 7 | 0 | 34 | 33 | 1 | 169
-53.6 | 7 | 7 | 0 | 34 | 33 | 1 | 170
-53.6 | 7 | 7 | 0 | 34 | 33 | 1 | 171
-53.6 | 7 | 7 | 0 | 34 | 33 | 1 | 172
-53.6 | 7 | 7 | 0 | 34 | 33 | 1 | 173
-53.6 | 7 | 7 | 0 | 34 | 33 | 1 | 174
-53.6 | 7 | 7 | 0 | 34 | 33 | 1 | 175
-53.6 | 7 | 7 | 0 | 34 | 33 | 1 | 176
-53.6 | 7 | 7 | 0 | 34 | 33 | 1 | 177
-53.6 | 7 | 7 | 0 | 34 | 33 | 1 | 178
-53.6 | 7 | 7 | 0 | 34 | 33 | 1 | 179
-53.6 | 7 | 7 | 0 | 34 | 33 | 1 | 180
-53.6 | 7 | 7 | 0 | 34 | 33 | 1 | 181
-53.6 | 7 | 7 | 0 | 34 | 33 | 1 | 182
-53.6 | 7 | 7 | 0 | 34 | 33 | 1 | 183
-53.6 | 7 | 7 | 0 | 34 | 33 | 1 | 184
-54.8 | 7 | 7 | 0 | 34 | 34 | 0 | 185
-54.8 | 7 | 7 | 0 | 34 | 34 | 0 | 186
-54.8 | 7 | 7 | 0 | 34 | 34 | 0 | 187
-54.8 | 7 | 7 | 0 | 34 | 34 | 0 | 188
-53.6 | 7 | 7 | 0 | 34 | 33 | 1 | 189
-53.6 | 7 | 7 | 0 | 34 | 33 | 1 | 190
-53.6 | 7 | 7 | 0 | 34 | 33 | 1 | 191
-53.6 | 7 | 7 | 0 | 34 | 33 | 1 | 192
-53.6 | 7 | 7 | 0 | 34 | 33 | 1 | 193
-54.4 | 8 | 8 | 0 | 32 | 32 | 0 | 194
-54.4 | 8 | 8 | 0 | 32 | 32 | 0 | 195
-54.4 | 8 | 8 | 0 | 32 | 32 | 0 | 196
-54.8 | 7 | 7 | 0 | 34 | 34 | 0 | 197
-54.8 | 7 | 7 | 0 | 34 | 34 | 0 | 198
-54.8 | 7 | 7 | 0 | 34 | 34 | 0 | 199
-54.8 | 7 | 7 | 0 | 34 | 34 | 0 | 200
-54.8 | 7 | 7 | 0 | 34 | 34 | 0 | 201
-54.8 | 7 | 7 | 0 | 34 | 34 | 0 | 202
-54.8 | 7 | 7 | 0 | 34 | 34 | 0 | 203
-54.8 | 7 | 7 | 0 | 34 | 34 | 0 | 204
-54.8 | 7 | 7 | 0 | 34 | 34 | 0 | 205
-54.8 | 7 | 7 | 0 | 34 | 34 | 0 | 206
-54.4 | 8 | 8 | 0 | 32 | 32 | 0 | 207
-54.4 | 8 | 8 | 0 | 32 | 32 | 0 | 208
-54.4 | 8 | 8 | 0 | 32 | 32 | 0 | 209
-54 | 9 | 9 | 0 | 30 | 30 | 0 | 210
-54 | 9 | 9 | 0 | 30 | 30 | 0 | 211
-54.4 | 8 | 8 | 0 | 32 | 32 | 0 | 212
-54.4 | 8 | 8 | 0 | 32 | 32 | 0 | 213
-54.4 | 8 | 8 | 0 | 32 | 32 | 0 | 214
-54.4 | 8 | 8 | 0 | 32 | 32 | 0 | 215
-54.4 | 8 | 8 | 0 | 32 | 32 | 0 | 216
-54.4 | 8 | 8 | 0 | 32 | 32 | 0 | 217
-54.4 | 8 | 8 | 0 | 32 | 32 | 0 | 218
-54.4 | 8 | 8 | 0 | 32 | 32 | 0 | 219
-54.4 | 8 | 8 | 0 | 32 | 32 | 0 | 220
-54.8 | 7 | 7 | 0 | 34 | 34 | 0 | 221
-54.8 | 7 | 7 | 0 | 34 | 34 | 0 | 222
-54 | 9 | 9 | 0 | 30 | 30 | 0 | 223
-54 | 9 | 9 | 0 | 30 | 30 | 0 | 224
-54 | 9 | 9 | 0 | 30 | 30 | 0 | 225
-54 | 9 | 9 | 0 | 30 | 30 | 0 | 226
-54.8 | 7 | 7 | 0 | 34 | 34 | 0 | 227
-54.8 | 7 | 7 | 0 | 34 | 34 | 0 | 228
-54.8 | 7 | 7 | 0 | 34 | 34 | 0 | 229
-54.8 | 7 | 7 | 0 | 34 | 34 | 0 | 230
-54.8 | 7 | 7 | 0 | 34 | 34 | 0 | 231
-54.8 | 7 | 7 | 0 | 34 | 34 | 0 | 232
-54.8 | 7 | 7 | 0 | 34 | 34 | 0 | 233
-54.8 | 7 | 7 | 0 | 34 | 34 | 0 | 234
-54 | 9 | 9 | 0 | 30 | 30 | 0 | 235
-54 | 9 | 9 | 0 | 30 | 30 | 0 | 236
-54 | 9 | 9 | 0 | 30 | 30 | 0 | 237
-52.8 | 9 | 9 | 0 | 30 | 29 | 1 | 238
-52.8 | 9 | 9 | 0 | 30 | 29 | 1 | 239
-52.8 | 9 | 9 | 0 | 30 | 29 | 1 | 240
-53.6 | 7 | 7 | 0 | 34 | 33 | 1 | 241
-53.6 | 7 | 7 | 0 | 34 | 33 | 1 | 242
-53.6 | 7 | 7 | 0 | 34 | 33 | 1 | 243
-53.6 | 7 | 7 | 0 | 34 | 33 | 1 | 244
-54.4 | 8 | 8 | 0 | 32 | 32 | 0 | 245
-54.8 | 7 | 7 | 0 | 34 | 34 | 0 | 246
-54.8 | 7 | 7 | 0 | 34 | 34 | 0 | 247
-54.8 | 7 | 7 | 0 | 34 | 34 | 0 | 248
-54.8 | 7 | 7 | 0 | 34 | 34 | 0 | 249
-54.8 | 7 | 7 | 0 | 34 | 34 | 0 | 250
-54.8 | 7 | 7 | 0 | 34 | 34 | 0 | 251
-54.8 | 7 | 7 | 0 | 34 | 34 | 0 | 252
-54.8 | 7 | 7 | 0 | 34 | 34 | 0 | 253
-53.6 | 7 | 7 | 0 | 34 | 33 | 1 | 254
-53.6 | 7 | 7 | 0 | 34 | 33 | 1 | 255
-53.6 | 7 | 7 | 0 | 34 | 33 | 1 | 256
-53.6 | 7 | 7 | 0 | 34 | 33 | 1 | 257
-53.6 | 7 | 7 | 0 | 34 | 33 | 1 | 258
-53.6 | 7 | 7 | 0 | 34 | 33 | 1 | 259
-53.6 | 7 | 7 | 0 | 34 | 33 | 1 | 260
-53.6 | 7 | 7 | 0 | 34 | 33 | 1 | 261
-53.6 | 7 | 7 | 0 | 34 | 33 | 1 | 262
-53.6 | 7 | 7 | 0 | 34 | 33 | 1 | 263
-53.6 | 7 | 7 | 0 | 34 | 33 | 1 | 264
-53.6 | 7 | 7 | 0 | 34 | 33 | 1 | 265
-53.6 | 7 | 7 | 0 | 34 | 33 | 1 | 266
-53.6 | 7 | 7 | 0 | 34 | 33 | 1 | 267
-54.8 | 7 | 7 | 0 | 34 | 34 | 0 | 268
-54.8 | 7 | 7 | 0 | 34 | 34 | 0 | 269
-54.4 | 8 | 8 | 0 | 32 | 32 | 0 | 270
-54.4 | 8 | 8 | 0 | 32 | 32 | 0 | 271
-54.4 | 8 | 8 | 0 | 32 | 32 | 0 | 272
-54.4 | 8 | 8 | 0 | 32 | 32 | 0 | 273
-54.4 | 8 | 8 | 0 | 32 | 32 | 0 | 274
-53.2 | 8 | 8 | 0 | 32 | 31 | 1 | 275
-53.2 | 8 | 8 | 0 | 32 | 31 | 1 | 276
-53.6 | 7 | 7 | 0 | 34 | 33 | 1 | 277
-53.6 | 7 | 7 | 0 | 34 | 33 | 1 | 278
-53.6 | 7 | 7 | 0 | 34 | 33 | 1 | 279
-53.6 | 7 | 7 | 0 | 34 | 33 | 1 | 280
-53.6 | 7 | 7 | 0 | 34 | 33 | 1 | 281
-53.6 | 7 | 7 | 0 | 34 | 33 | 1 | 282
-53.6 | 7 | 7 | 0 | 34 | 33 | 1 | 283
-53.6 | 7 | 7 | 0 | 34 | 33 | 1 | 284
-53.6 | 7 | 7 | 0 | 34 | 33 | 1 | 285
-53.6 | 7 | 7 | 0 | 34 | 33 | 1 | 286
-53.6 | 7 | 7 | 0 | 34 | 33 | 1 | 287
-53.6 | 7 | 7 | 0 | 34 | 33 | 1 | 288
-53.6 | 7 | 7 | 0 | 34 | 33 | 1 | 289
-53.6 | 7 | 7 | 0 | 34 | 33 | 1 | 290
-53.6 | 7 | 7 | 0 | 34 | 33 | 1 | 291
-53.6 | 7 | 7 | 0 | 34 | 33 | 1 | 292
-53.6 | 7 | 7 | 0 | 34 | 33 | 1 | 293
-53.6 | 7 | 7 | 0 | 34 | 33 | 1 | 294
-53.6 | 7 | 7 | 0 | 34 | 33 | 1 | 295
-53.2 | 8 | 8 | 0 | 32 | 31 | 1 | 296
-53.2 | 8 | 8 | 0 | 32 | 31 | 1 | 297
-53.2 | 8 | 8 | 0 | 32 | 31 | 1 | 298
-53.2 | 8 | 8 | 0 | 32 | 31 | 1 | 299
-54.4 | 8 | 8 | 0 | 32 | 32 | 0 | 300
-54.8 | 7 | 7 | 0 | 34 | 34 | 0 | 301
-54.8 | 7 | 7 | 0 | 34 | 34 | 0 | 302
-54.8 | 7 | 7 | 0 | 34 | 34 | 0 | 303
-54.8 | 7 | 7 | 0 | 34 | 34 | 0 | 304
-54.8 | 7 | 7 | 0 | 34 | 34 | 0 | 305
-54.8 | 7 | 7 | 0 | 34 | 34 | 0 | 306
-53.6 | 7 | 7 | 0 | 34 | 33 | 1 | 307
-53.6 | 7 | 7 | 0 | 34 | 33 | 1 | 308
-53.6 | 7 | 7 | 0 | 34 | 33 | 1 | 309
-53.6 | 7 | 7 | 0 | 34 | 33 | 1 | 310
-53.6 | 7 | 7 | 0 | 34 | 33 | 1 | 311
-53.6 | 7 | 7 | 0 | 34 | 33 | 1 | 312
-53.6 | 7 | 7 | 0 | 34 | 33 | 1 | 313
-53.6 | 7 | 7 | 0 | 34 | 33 | 1 | 314
-53.6 | 7 | 7 | 0 | 34 | 33 | 1 | 315
-53.6 | 7 | 7 | 0 | 34 | 33 | 1 | 316
-53.6 | 7 | 7 | 0 | 34 | 33 | 1 | 317
-53.6 | 7 | 7 | 0 | 34 | 33 | 1 | 318
-53.6 | 7 | 7 | 0 | 34 | 33 | 1 | 319
-53.6 | 7 | 7 | 0 | 34 | 33 | 1 | 320
-53.6 | 7 | 7 | 0 | 34 | 33 | 1 | 321
-53.6 | 7 | 7 | 0 | 34 | 33 | 1 | 322
-52.4 | 7 | 7 | 0 | 34 | 32 | 2 | 323
-52.4 | 7 | 7 | 0 | 34 | 32 | 2 | 324
-51.2 | 7 | 7 | 0 | 34 | 31 | 3 | 325
-51.2 | 7 | 7 | 0 | 34 | 31 | 3 | 326
-51.2 | 7 | 7 | 0 | 34 | 31 | 3 | 327
-51.2 | 7 | 7 | 0 | 34 | 31 | 3 | 328
-52.4 | 7 | 7 | 0 | 34 | 32 | 2 | 329
-52.4 | 7 | 7 | 0 | 34 | 32 | 2 | 330
-52.4 | 7 | 7 | 0 | 34 | 32 | 2 | 331
-52.4 | 7 | 7 | 0 | 34 | 32 | 2 | 332
-52.4 | 7 | 7 | 0 | 34 | 32 | 2 | 333
-53.2 | 8 | 8 | 0 | 32 | 31 | 1 | 334
-54.4 | 8 | 8 | 0 | 32 | 32 | 0 | 335
-54.4 | 8 | 8 | 0 | 32 | 32 | 0 | 336
-54.4 | 8 | 8 | 0 | 32 | 32 | 0 | 337
-54.4 | 8 | 8 | 0 | 32 | 32 | 0 | 338
-54.4 | 8 | 8 | 0 | 32 | 32 | 0 | 339
-54.4 | 8 | 8 | 0 | 32 | 32 | 0 | 340
-54.4 | 8 | 8 | 0 | 32 | 32 | 0 | 341
-54.4 | 8 | 8 | 0 | 32 | 32 | 0 | 342
-54.4 | 8 | 8 | 0 | 32 | 32 | 0 | 343
-53.2 | 8 | 8 | 0 | 32 | 31 | 1 | 344
-53.2 | 8 | 8 | 0 | 32 | 31 | 1 | 345
-53.6 | 7 | 7 | 0 | 34 | 33 | 1 | 346
-53.6 | 7 | 7 | 0 | 34 | 33 | 1 | 347
-53.6 | 7 | 7 | 0 | 34 | 33 | 1 | 348
-52.4 | 7 | 7 | 0 | 34 | 32 | 2 | 349
-52 | 8 | 8 | 0 | 32 | 30 | 2 | 350
-52 | 8 | 8 | 0 | 32 | 30 | 2 | 351
-52 | 8 | 8 | 0 | 32 | 30 | 2 | 352
-52.4 | 7 | 7 | 0 | 34 | 32 | 2 | 353
-52.4 | 7 | 7 | 0 | 34 | 32 | 2 | 354
-52.4 | 7 | 7 | 0 | 34 | 32 | 2 | 355
-52.4 | 7 | 7 | 0 | 34 | 32 | 2 | 356
-52.4 | 7 | 7 | 0 | 34 | 32 | 2 | 357
-52.4 | 7 | 7 | 0 | 34 | 32 | 2 | 358
-52.4 | 7 | 7 | 0 | 34 | 32 | 2 | 359
-52.4 | 7 | 7 | 0 | 34 | 32 | 2 | 360
-52.4 | 7 | 7 | 0 | 34 | 32 | 2 | 361
-52.4 | 7 | 7 | 0 | 34 | 32 | 2 | 362
-52.4 | 7 | 7 | 0 | 34 | 32 | 2 | 363
-52.4 | 7 | 7 | 0 | 34 | 32 | 2 | 364
-52.4 | 7 | 7 | 0 | 34 | 32 | 2 | 365
-52.4 | 7 | 7 | 0 | 34 | 32 | 2 | 366
-52.4 | 7 | 7 | 0 | 34 | 32 | 2 | 367
-52.4 | 7 | 7 | 0 | 34 | 32 | 2 | 368
-51.2 | 7 | 7 | 0 | 34 | 31 | 3 | 369
-51.2 | 7 | 7 | 0 | 34 | 31 | 3 | 370
-51.2 | 7 | 7 | 0 | 34 | 31 | 3 | 371
-51.2 | 7 | 7 | 0 | 34 | 31 | 3 | 372
-51.2 | 7 | 7 | 0 | 34 | 31 | 3 | 373
-51.2 | 7 | 7 | 0 | 34 | 31 | 3 | 374
-51.2 | 7 | 7 | 0 | 34 | 31 | 3 | 375
-51.2 | 7 | 7 | 0 | 34 | 31 | 3 | 376
-51.2 | 7 | 7 | 0 | 34 | 31 | 3 | 377
-51.2 | 7 | 7 | 0 | 34 | 31 | 3 | 378
-51.2 | 7 | 7 | 0 | 34 | 31 | 3 | 379
-51.2 | 7 | 7 | 0 | 34 | 31 | 3 | 380
-51.2 | 7 | 7 | 0 | 34 | 31 | 3 | 381
-51.2 | 7 | 7 | 0 | 34 | 31 | 3 | 382
-51.2 | 7 | 7 | 0 | 34 | 31 | 3 | 383
-51.2 | 7 | 7 | 0 | 34 | 31 | 3 | 384
-51.2 | 7 | 7 | 0 | 34 | 31 | 3 | 385
-51.2 | 7 | 7 | 0 | 34 | 31 | 3 | 386
-51.2 | 7 | 7 | 0 | 34 | 31 | 3 | 387
-51.2 | 7 | 7 | 0 | 34 | 31 | 3 | 388
-51.2 | 7 | 7 | 0 | 34 | 31 | 3 | 389
-50.8 | 8 | 8 | 0 | 32 | 29 | 3 | 390
-50.8 | 8 | 8 | 0 | 32 | 29 | 3 | 391
-50.8 | 8 | 8 | 0 | 32 | 29 | 3 | 392
-50.8 | 8 | 8 | 0 | 32 | 29 | 3 | 393
-50.8 | 8 | 8 | 0 | 32 | 29 | 3 | 394
-52.4 | 7 | 7 | 0 | 34 | 32 | 2 | 395
-52.4 | 7 | 7 | 0 | 34 | 32 | 2 | 396
-52.4 | 7 | 7 | 0 | 34 | 32 | 2 | 397
-52.4 | 7 | 7 | 0 | 34 | 32 | 2 | 398
-52.4 | 7 | 7 | 0 | 34 | 32 | 2 | 399
-52.4 | 7 | 7 | 0 | 34 | 32 | 2 | 400
-52.4 | 7 | 7 | 0 | 34 | 32 | 2 | 401
-52.4 | 7 | 7 | 0 | 34 | 32 | 2 | 402
-52.4 | 7 | 7 | 0 | 34 | 32 | 2 | 403
-51.2 | 7 | 7 | 0 | 34 | 31 | 3 | 404
-50.8 | 8 | 8 | 0 | 32 | 29 | 3 | 405
-50.8 | 8 | 8 | 0 | 32 | 29 | 3 | 406
-50.8 | 8 | 8 | 0 | 32 | 29 | 3 | 407
-50.8 | 8 | 8 | 0 | 32 | 29 | 3 | 408
-52.4 | 7 | 7 | 0 | 34 | 32 | 2 | 409
-52.4 | 7 | 7 | 0 | 34 | 32 | 2 | 410
-52.4 | 7 | 7 | 0 | 34 | 32 | 2 | 411
-52.4 | 7 | 7 | 0 | 34 | 32 | 2 | 412
-52.4 | 7 | 7 | 0 | 34 | 32 | 2 | 413
-52.4 | 7 | 7 | 0 | 34 | 32 | 2 | 414
-52.4 | 7 | 7 | 0 | 34 | 32 | 2 | 415
-52.4 | 7 | 7 | 0 | 34 | 32 | 2 | 416
-52.4 | 7 | 7 | 0 | 34 | 32 | 2 | 417
-52.4 | 7 | 7 | 0 | 34 | 32 | 2 | 418
-52.4 | 7 | 7 | 0 | 34 | 32 | 2 | 419
-52.4 | 7 | 7 | 0 | 34 | 32 | 2 | 420
-52.4 | 7 | 7 | 0 | 34 | 32 | 2 | 421
-52.4 | 7 | 7 | 0 | 34 | 32 | 2 | 422
-51.2 | 7 | 7 | 0 | 34 | 31 | 3 | 423
-51.2 | 7 | 7 | 0 | 34 | 31 | 3 | 424
-52.4 | 7 | 7 | 0 | 34 | 32 | 2 | 425
-52.4 | 7 | 7 | 0 | 34 | 32 | 2 | 426
-52.4 | 7 | 7 | 0 | 34 | 32 | 2 | 427
-52.4 | 7 | 7 | 0 | 34 | 32 | 2 | 428
-52.4 | 7 | 7 | 0 | 34 | 32 | 2 | 429
-54.8 | 7 | 7 | 0 | 34 | 34 | 0 | 430
-54.8 | 7 | 7 | 0 | 34 | 34 | 0 | 431
-54.8 | 7 | 7 | 0 | 34 | 34 | 0 | 432
-54.8 | 7 | 7 | 0 | 34 | 34 | 0 | 433
-54.8 | 7 | 7 | 0 | 34 | 34 | 0 | 434
-53.6 | 7 | 7 | 0 | 34 | 33 | 1 | 435
-53.6 | 7 | 7 | 0 | 34 | 33 | 1 | 436
-53.6 | 7 | 7 | 0 | 34 | 33 | 1 | 437
-53.6 | 7 | 7 | 0 | 34 | 33 | 1 | 438
-53.6 | 7 | 7 | 0 | 34 | 33 | 1 | 439
-54.8 | 7 | 7 | 0 | 34 | 34 | 0 | 440
-54.8 | 7 | 7 | 0 | 34 | 34 | 0 | 441
-54.8 | 7 | 7 | 0 | 34 | 34 | 0 | 442
-54.8 | 7 | 7 | 0 | 34 | 34 | 0 | 443
-54.8 | 7 | 7 | 0 | 34 | 34 | 0 | 444
-54.8 | 7 | 7 | 0 | 34 | 34 | 0 | 445
-54.8 | 7 | 7 | 0 | 34 | 34 | 0 | 446
-54.8 | 7 | 7 | 0 | 34 | 34 | 0 | 447
-54.8 | 7 | 7 | 0 | 34 | 34 | 0 | 448
-54.8 | 7 | 7 | 0 | 34 | 34 | 0 | 449
-54.8 | 7 | 7 | 0 | 34 | 34 | 0 | 450
-52.4 | 7 | 7 | 0 | 34 | 32 | 2 | 451
-53.6 | 7 | 7 | 0 | 34 | 33 | 1 | 452
-53.6 | 7 | 7 | 0 | 34 | 33 | 1 | 453
-53.6 | 7 | 7 | 0 | 34 | 33 | 1 | 454
-53.6 | 7 | 7 | 0 | 34 | 33 | 1 | 455
-53.6 | 7 | 7 | 0 | 34 | 33 | 1 | 456
-53.6 | 7 | 7 | 0 | 34 | 33 | 1 | 457
-53.6 | 7 | 7 | 0 | 34 | 33 | 1 | 458
-53.6 | 7 | 7 | 0 | 34 | 33 | 1 | 459
-53.6 | 7 | 7 | 0 | 34 | 33 | 1 | 460
-53.6 | 7 | 7 | 0 | 34 | 33 | 1 | 461
-53.6 | 7 | 7 | 0 | 34 | 33 | 1 | 462
-53.6 | 7 | 7 | 0 | 34 | 33 | 1 | 463
-53.6 | 7 | 7 | 0 | 34 | 33 | 1 | 464
-53.6 | 7 | 7 | 0 | 34 | 33 | 1 | 465
-53.6 | 7 | 7 | 0 | 34 | 33 | 1 | 466
-53.6 | 7 | 7 | 0 | 34 | 33 | 1 | 467
-53.6 | 7 | 7 | 0 | 34 | 33 | 1 | 468
-53.6 | 7 | 7 | 0 | 34 | 33 | 1 | 469
-52.4 | 7 | 7 | 0 | 34 | 32 | 2 | 470
-52.4 | 7 | 7 | 0 | 34 | 32 | 2 | 471
-52.4 | 7 | 7 | 0 | 34 | 32 | 2 | 472
-52.4 | 7 | 7 | 0 | 34 | 32 | 2 | 473
-52.4 | 7 | 7 | 0 | 34 | 32 | 2 | 474
-52.4 | 7 | 7 | 0 | 34 | 32 | 2 | 475
-52.4 | 7 | 7 | 0 | 34 | 32 | 2 | 476
-52.4 | 7 | 7 | 0 | 34 | 32 | 2 | 477
-52.4 | 7 | 7 | 0 | 34 | 32 | 2 | 478
-52.4 | 7 | 7 | 0 | 34 | 32 | 2 | 479
-51.2 | 7 | 7 | 0 | 34 | 31 | 3 | 480
-50.8 | 8 | 8 | 0 | 32 | 29 | 3 | 481
-50.8 | 8 | 8 | 0 | 32 | 29 | 3 | 482
-50.8 | 8 | 8 | 0 | 32 | 29 | 3 | 483
-51.2 | 7 | 7 | 0 | 34 | 31 | 3 | 484
-51.2 | 7 | 7 | 0 | 34 | 31 | 3 | 485
-51.2 | 7 | 7 | 0 | 34 | 31 | 3 | 486
-51.2 | 7 | 7 | 0 | 34 | 31 | 3 | 487
-51.2 | 7 | 7 | 0 | 34 | 31 | 3 | 488
-51.2 | 7 | 7 | 0 | 34 | 31 | 3 | 489
-51.2 | 7 | 7 | 0 | 34 | 31 | 3 | 490
-51.2 | 7 | 7 | 0 | 34 | 31 | 3 | 491
-51.2 | 7 | 7 | 0 | 34 | 31 | 3 | 492
-51.2 | 7 | 7 | 0 | 34 | 31 | 3 | 493
-51.2 | 7 | 7 | 0 | 34 | 31 | 3 | 494
-51.2 | 7 | 7 | 0 | 34 | 31 | 3 | 495
-51.2 | 7 | 7 | 0 | 34 | 31 | 3 | 496
-52.4 | 7 | 7 | 0 | 34 | 32 | 2 | 497
-52.8 | 9 | 9 | 0 | 30 | 29 | 1 | 498
-53.2 | 8 | 8 | 0 | 32 | 31 | 1 | 499
-53.2 | 8 | 8 | 0 | 32 | 31 | 1 | 500
-53.2 | 8 | 8 | 0 | 32 | 31 | 1 | 501
-53.2 | 8 | 8 | 0 | 32 | 31 | 1 | 502
-53.2 | 8 | 8 | 0 | 32 | 31 | 1 | 503
-54 | 9 | 9 | 0 | 30 | 30 | 0 | 504
-54 | 9 | 9 | 0 | 30 | 30 | 0 | 505
-54.4 | 8 | 8 | 0 | 32 | 32 | 0 | 506
-54.4 | 8 | 8 | 0 | 32 | 32 | 0 | 507
-54 | 9 | 9 | 0 | 30 | 30 | 0 | 508
-54 | 9 | 9 | 0 | 30 | 30 | 0 | 509
-54.4 | 8 | 8 | 0 | 32 | 32 | 0 | 510
-54.4 | 8 | 8 | 0 | 32 | 32 | 0 | 511
-54.4 | 8 | 8 | 0 | 32 | 32 | 0 | 512
-54.4 | 8 | 8 | 0 | 32 | 32 | 0 | 513
-54 | 9 | 9 | 0 | 30 | 30 | 0 | 514
-54 | 9 | 9 | 0 | 30 | 30 | 0 | 515
-52.8 | 9 | 9 | 0 | 30 | 29 | 1 | 516
-52.8 | 9 | 9 | 0 | 30 | 29 | 1 | 517
-52.8 | 9 | 9 | 0 | 30 | 29 | 1 | 518
-52.8 | 9 | 9 | 0 | 30 | 29 | 1 | 519
-52.8 | 9 | 9 | 0 | 30 | 29 | 1 | 520
-54.4 | 8 | 8 | 0 | 32 | 32 | 0 | 521
-54.4 | 8 | 8 | 0 | 32 | 32 | 0 | 522
-54.4 | 8 | 8 | 0 | 32 | 32 | 0 | 523
-54.8 | 7 | 7 | 0 | 34 | 34 | 0 | 524
-54.8 | 7 | 7 | 0 | 34 | 34 | 0 | 525
-54.8 | 7 | 7 | 0 | 34 | 34 | 0 | 526
-54.8 | 7 | 7 | 0 | 34 | 34 | 0 | 527
-54.8 | 7 | 7 | 0 | 34 | 34 | 0 | 528
-54.8 | 7 | 7 | 0 | 34 | 34 | 0 | 529
-54.8 | 7 | 7 | 0 | 34 | 34 | 0 | 530
-54.8 | 7 | 7 | 0 | 34 | 34 | 0 | 531
-54.8 | 7 | 7 | 0 | 34 | 34 | 0 | 532
-54.8 | 7 | 7 | 0 | 34 | 34 | 0 | 533
-54.8 | 7 | 7 | 0 | 34 | 34 | 0 | 534
-54.8 | 7 | 7 | 0 | 34 | 34 | 0 | 535
-54.8 | 7 | 7 | 0 | 34 | 34 | 0 | 536
-54.8 | 7 | 7 | 0 | 34 | 34 | 0 | 537
-54.8 | 7 | 7 | 0 | 34 | 34 | 0 | 538
-54.8 | 7 | 7 | 0 | 34 | 34 | 0 | 539
-54.8 | 7 | 7 | 0 | 34 | 34 | 0 | 540
-54.8 | 7 | 7 | 0 | 34 | 34 | 0 | 541
-54.8 | 7 | 7 | 0 | 34 | 34 | 0 | 542
-54.8 | 7 | 7 | 0 | 34 | 34 | 0 | 543
-54.8 | 7 | 7 | 0 | 34 | 34 | 0 | 544
-54.8 | 7 | 7 | 0 | 34 | 34 | 0 | 545
-54.8 | 7 | 7 | 0 | 34 | 34 | 0 | 546
-54.8 | 7 | 7 | 0 | 34 | 34 | 0 | 547
-54.8 | 7 | 7 | 0 | 34 | 34 | 0 | 548
-54.8 | 7 | 7 | 0 | 34 | 34 | 0 | 549
-54.8 | 7 | 7 | 0 | 34 | 34 | 0 | 550
-54.8 | 7 | 7 | 0 | 34 | 34 | 0 | 551
-54.8 | 7 | 7 | 0 | 34 | 34 | 0 | 552
-54.8 | 7 | 7 | 0 | 34 | 34 | 0 | 553
-54.8 | 7 | 7 | 0 | 34 | 34 | 0 | 554
-54.8 | 7 | 7 | 0 | 34 | 34 | 0 | 555
-54.8 | 7 | 7 | 0 | 34 | 34 | 0 | 556
-54.8 | 7 | 7 | 0 | 34 | 34 | 0 | 557
-54.8 | 7 | 7 | 0 | 34 | 34 | 0 | 558
-54.8 | 7 | 7 | 0 | 34 | 34 | 0 | 559
-54.8 | 7 | 7 | 0 | 34 | 34 | 0 | 560
-54.8 | 7 | 7 | 0 | 34 | 34 | 0 | 561
-54.8 | 7 | 7 | 0 | 34 | 34 | 0 | 562
-54.8 | 7 | 7 | 0 | 34 | 34 | 0 | 563
-54.8 | 7 | 7 | 0 | 34 | 34 | 0 | 564
-54.8 | 7 | 7 | 0 | 34 | 34 | 0 | 565
-54.8 | 7 | 7 | 0 | 34 | 34 | 0 | 566
-54.8 | 7 | 7 | 0 | 34 | 34 | 0 | 567
-54.8 | 7 | 7 | 0 | 34 | 34 | 0 | 568
-54.4 | 8 | 8 | 0 | 32 | 32 | 0 | 569
-54.4 | 8 | 8 | 0 | 32 | 32 | 0 | 570
-54.4 | 8 | 8 | 0 | 32 | 32 | 0 | 571
-54.4 | 8 | 8 | 0 | 32 | 32 | 0 | 572
-54.4 | 8 | 8 | 0 | 32 | 32 | 0 | 573
-54.4 | 8 | 8 | 0 | 32 | 32 | 0 | 574
-54.4 | 8 | 8 | 0 | 32 | 32 | 0 | 575
-54.4 | 8 | 8 | 0 | 32 | 32 | 0 | 576
-54.4 | 8 | 8 | 0 | 32 | 32 | 0 | 577
-54.4 | 8 | 8 | 0 | 32 | 32 | 0 | 578
-54.4 | 8 | 8 | 0 | 32 | 32 | 0 | 579
-54.4 | 8 | 8 | 0 | 32 | 32 | 0 | 580
-52.8 | 9 | 9 | 0 | 30 | 29 | 1 | 581
-53.2 | 8 | 8 | 0 | 32 | 31 | 1 | 582
-53.2 | 8 | 8 | 0 | 32 | 31 | 1 | 583
-53.2 | 8 | 8 | 0 | 32 | 31 | 1 | 584
-53.2 | 8 | 8 | 0 | 32 | 31 | 1 | 585
-50.8 | 8 | 8 | 0 | 32 | 29 | 3 | 586
-50.8 | 8 | 8 | 0 | 32 | 29 | 3 | 587
-50.8 | 8 | 8 | 0 | 32 | 29 | 3 | 588
-50.8 | 8 | 8 | 0 | 32 | 29 | 3 | 589
-50.8 | 8 | 8 | 0 | 32 | 29 | 3 | 590
-50.8 | 8 | 8 | 0 | 32 | 29 | 3 | 591
-53.6 | 7 | 7 | 0 | 34 | 33 | 1 | 592
-53.6 | 7 | 7 | 0 | 34 | 33 | 1 | 593
-53.6 | 7 | 7 | 0 | 34 | 33 | 1 | 594
-53.6 | 7 | 7 | 0 | 34 | 33 | 1 | 595
-54.4 | 8 | 8 | 0 | 32 | 32 | 0 | 596
-54.4 | 8 | 8 | 0 | 32 | 32 | 0 | 597
-54.8 | 7 | 7 | 0 | 34 | 34 | 0 | 598
-54.4 | 8 | 8 | 0 | 32 | 32 | 0 | 599
-54.4 | 8 | 8 | 0 | 32 | 32 | 0 | 600
-54.4 | 8 | 8 | 0 | 32 | 32 | 0 | 601
-53.2 | 8 | 8 | 0 | 32 | 31 | 1 | 602
-53.2 | 8 | 8 | 0 | 32 | 31 | 1 | 603
-53.6 | 7 | 7 | 0 | 34 | 33 | 1 | 604
-53.6 | 7 | 7 | 0 | 34 | 33 | 1 | 605
-53.6 | 7 | 7 | 0 | 34 | 33 | 1 | 606
-53.6 | 7 | 7 | 0 | 34 | 33 | 1 | 607
-53.6 | 7 | 7 | 0 | 34 | 33 | 1 | 608
-53.6 | 7 | 7 | 0 | 34 | 33 | 1 | 609
-53.6 | 7 | 7 | 0 | 34 | 33 | 1 | 610
-53.6 | 7 | 7 | 0 | 34 | 33 | 1 | 611
-53.6 | 7 | 7 | 0 | 34 | 33 | 1 | 612
-53.6 | 7 | 7 | 0 | 34 | 33 | 1 | 613
-53.6 | 7 | 7 | 0 | 34 | 33 | 1 | 614
-53.2 | 8 | 8 | 0 | 32 | 31 | 1 | 615
-53.2 | 8 | 8 | 0 | 32 | 31 | 1 | 616
-53.2 | 8 | 8 | 0 | 32 | 31 | 1 | 617
-52 | 8 | 8 | 0 | 32 | 30 | 2 | 618
-52 | 8 | 8 | 0 | 32 | 30 | 2 | 619
-52.4 | 7 | 7 | 0 | 34 | 32 | 2 | 620
-52.4 | 7 | 7 | 0 | 34 | 32 | 2 | 621
-52.4 | 7 | 7 | 0 | 34 | 32 | 2 | 622
-52.4 | 7 | 7 | 0 | 34 | 32 | 2 | 623
-52.4 | 7 | 7 | 0 | 34 | 32 | 2 | 624
-52.4 | 7 | 7 | 0 | 34 | 32 | 2 | 625
-52 | 8 | 8 | 0 | 32 | 30 | 2 | 626
-52 | 8 | 8 | 0 | 32 | 30 | 2 | 627
-52 | 8 | 8 | 0 | 32 | 30 | 2 | 628
-53.6 | 7 | 7 | 0 | 34 | 33 | 1 | 629
-54.4 | 8 | 8 | 0 | 32 | 32 | 0 | 630
-54 | 9 | 9 | 0 | 30 | 30 | 0 | 631
-54 | 9 | 9 | 0 | 30 | 30 | 0 | 632
-54 | 9 | 9 | 0 | 30 | 30 | 0 | 633
-54.4 | 8 | 8 | 0 | 32 | 32 | 0 | 634
-54.4 | 8 | 8 | 0 | 32 | 32 | 0 | 635
-54.4 | 8 | 8 | 0 | 32 | 32 | 0 | 636
-54.4 | 8 | 8 | 0 | 32 | 32 | 0 | 637
-54.4 | 8 | 8 | 0 | 32 | 32 | 0 | 638
-54.4 | 8 | 8 | 0 | 32 | 32 | 0 | 639
-54.4 | 8 | 8 | 0 | 32 | 32 | 0 | 640
-54.4 | 8 | 8 | 0 | 32 | 32 | 0 | 641
-54.4 | 8 | 8 | 0 | 32 | 32 | 0 | 642
-54.8 | 7 | 7 | 0 | 34 | 34 | 0 | 643
-54.8 | 7 | 7 | 0 | 34 | 34 | 0 | 644
-54.8 | 7 | 7 | 0 | 34 | 34 | 0 | 645
-54.8 | 7 | 7 | 0 | 34 | 34 | 0 | 646
-54.8 | 7 | 7 | 0 | 34 | 34 | 0 | 647
-54.8 | 7 | 7 | 0 | 34 | 34 | 0 | 648
-54.8 | 7 | 7 | 0 | 34 | 34 | 0 | 649
-54.8 | 7 | 7 | 0 | 34 | 34 | 0 | 650
-54.8 | 7 | 7 | 0 | 34 | 34 | 0 | 651
-54.8 | 7 | 7 | 0 | 34 | 34 | 0 | 652
-53.6 | 7 | 7 | 0 | 34 | 33 | 1 | 653
-53.6 | 7 | 7 | 0 | 34 | 33 | 1 | 654
-53.6 | 7 | 7 | 0 | 34 | 33 | 1 | 655
-53.6 | 7 | 7 | 0 | 34 | 33 | 1 | 656
-53.6 | 7 | 7 | 0 | 34 | 33 | 1 | 657
-53.6 | 7 | 7 | 0 | 34 | 33 | 1 | 658
-53.6 | 7 | 7 | 0 | 34 | 33 | 1 | 659
-53.6 | 7 | 7 | 0 | 34 | 33 | 1 | 660
-53.6 | 7 | 7 | 0 | 34 | 33 | 1 | 661
-53.6 | 7 | 7 | 0 | 34 | 33 | 1 | 662
-53.6 | 7 | 7 | 0 | 34 | 33 | 1 | 663
-53.6 | 7 | 7 | 0 | 34 | 33 | 1 | 664
-53.6 | 7 | 7 | 0 | 34 | 33 | 1 | 665
-54.8 | 7 | 7 | 0 | 34 | 34 | 0 | 666
-54.8 | 7 | 7 | 0 | 34 | 34 | 0 | 667
-54.8 | 7 | 7 | 0 | 34 | 34 | 0 | 668
-54.8 | 7 | 7 | 0 | 34 | 34 | 0 | 669
-54.8 | 7 | 7 | 0 | 34 | 34 | 0 | 670
-54.8 | 7 | 7 | 0 | 34 | 34 | 0 | 671
-54.8 | 7 | 7 | 0 | 34 | 34 | 0 | 672
-54.8 | 7 | 7 | 0 | 34 | 34 | 0 | 673
-54.8 | 7 | 7 | 0 | 34 | 34 | 0 | 674
-54 | 9 | 9 | 0 | 30 | 30 | 0 | 675
-54 | 9 | 9 | 0 | 30 | 30 | 0 | 676
-54 | 9 | 9 | 0 | 30 | 30 | 0 | 677
-54 | 9 | 9 | 0 | 30 | 30 | 0 | 678
-54 | 9 | 9 | 0 | 30 | 30 | 0 | 679
-54 | 9 | 9 | 0 | 30 | 30 | 0 | 680
-52.4 | 10 | 10 | 0 | 28 | 27 | 1 | 681
-54 | 9 | 9 | 0 | 30 | 30 | 0 | 682
-54 | 9 | 9 | 0 | 30 | 30 | 0 | 683
-54 | 9 | 9 | 0 | 30 | 30 | 0 | 684
-53.6 | 10 | 10 | 0 | 28 | 28 | 0 | 685
-53.6 | 10 | 10 | 0 | 28 | 28 | 0 | 686
-53.6 | 10 | 10 | 0 | 28 | 28 | 0 | 687
-53.6 | 10 | 10 | 0 | 28 | 28 | 0 | 688
-53.6 | 10 | 10 | 0 | 28 | 28 | 0 | 689
-53.6 | 10 | 10 | 0 | 28 | 28 | 0 | 690
-54.4 | 8 | 8 | 0 | 32 | 32 | 0 | 691
-54.4 | 8 | 8 | 0 | 32 | 32 | 0 | 692
-54.4 | 8 | 8 | 0 | 32 | 32 | 0 | 693
-54.4 | 8 | 8 | 0 | 32 | 32 | 0 | 694
-54.4 | 8 | 8 | 0 | 32 | 32 | 0 | 695
-54.4 | 8 | 8 | 0 | 32 | 32 | 0 | 696
-54.4 | 8 | 8 | 0 | 32 | 32 | 0 | 697
-54.4 | 8 | 8 | 0 | 32 | 32 | 0 | 698
-54.4 | 8 | 8 | 0 | 32 | 32 | 0 | 699
-54.4 | 8 | 8 | 0 | 32 | 32 | 0 | 700
-54.4 | 8 | 8 | 0 | 32 | 32 | 0 | 701
-54.4 | 8 | 8 | 0 | 32 | 32 | 0 | 702
-54.4 | 8 | 8 | 0 | 32 | 32 | 0 | 703
-54.4 | 8 | 8 | 0 | 32 | 32 | 0 | 704
-54.4 | 8 | 8 | 0 | 32 | 32 | 0 | 705
-54.4 | 8 | 8 | 0 | 32 | 32 | 0 | 706
-54.8 | 7 | 7 | 0 | 34 | 34 | 0 | 707
-54.8 | 7 | 7 | 0 | 34 | 34 | 0 | 708
-54.8 | 7 | 7 | 0 | 34 | 34 | 0 | 709
-54.8 | 7 | 7 | 0 | 34 | 34 | 0 | 710
-54.8 | 7 | 7 | 0 | 34 | 34 | 0 | 711
-54 | 9 | 9 | 0 | 30 | 30 | 0 | 712
-54 | 9 | 9 | 0 | 30 | 30 | 0 | 713
-54 | 9 | 9 | 0 | 30 | 30 | 0 | 714
-54 | 9 | 9 | 0 | 30 | 30 | 0 | 715
-54 | 9 | 9 | 0 | 30 | 30 | 0 | 716
-54 | 9 | 9 | 0 | 30 | 30 | 0 | 717
-54 | 9 | 9 | 0 | 30 | 30 | 0 | 718
-54 | 9 | 9 | 0 | 30 | 30 | 0 | 719
-54 | 9 | 9 | 0 | 30 | 30 | 0 | 720
-54.4 | 8 | 8 | 0 | 32 | 32 | 0 | 721
-54.4 | 8 | 8 | 0 | 32 | 32 | 0 | 722
-54.4 | 8 | 8 | 0 | 32 | 32 | 0 | 723
-54.4 | 8 | 8 | 0 | 32 | 32 | 0 | 724
-54.4 | 8 | 8 | 0 | 32 | 32 | 0 | 725
-54.4 | 8 | 8 | 0 | 32 | 32 | 0 | 726
-54.4 | 8 | 8 | 0 | 32 | 32 | 0 | 727
-54.4 | 8 | 8 | 0 | 32 | 32 | 0 | 728
-54.8 | 7 | 7 | 0 | 34 | 34 | 0 | 729
-54.8 | 7 | 7 | 0 | 34 | 34 | 0 | 730
-54.8 | 7 | 7 | 0 | 34 | 34 | 0 | 731
-54.8 | 7 | 7 | 0 | 34 | 34 | 0 | 732
-54.8 | 7 | 7 | 0 | 34 | 34 | 0 | 733
-54.8 | 7 | 7 | 0 | 34 | 34 | 0 | 734
-54.8 | 7 | 7 | 0 | 34 | 34 | 0 | 735
-54.8 | 7 | 7 | 0 | 34 | 34 | 0 | 736
-54.8 | 7 | 7 | 0 | 34 | 34 | 0 | 737
-54.8 | 7 | 7 | 0 | 34 | 34 | 0 | 738
-54.8 | 7 | 7 | 0 | 34 | 34 | 0 | 739
-54.8 | 7 | 7 | 0 | 34 | 34 | 0 | 740
-54.8 | 7 | 7 | 0 | 34 | 34 | 0 | 741
-54.8 | 7 | 7 | 0 | 34 | 34 | 0 | 742
-54.8 | 7 | 7 | 0 | 34 | 34 | 0 | 743
-54.8 | 7 | 7 | 0 | 34 | 34 | 0 | 744
-54.8 | 7 | 7 | 0 | 34 | 34 | 0 | 745
-54.8 | 7 | 7 | 0 | 34 | 34 | 0 | 746
-54.8 | 7 | 7 | 0 | 34 | 34 | 0 | 747
-54.8 | 7 | 7 | 0 | 34 | 34 | 0 | 748
-54.8 | 7 | 7 | 0 | 34 | 34 | 0 | 749
-54.8 | 7 | 7 | 0 | 34 | 34 | 0 | 750
-54.8 | 7 | 7 | 0 | 34 | 34 | 0 | 751
-54.8 | 7 | 7 | 0 | 34 | 34 | 0 | 752
-54.8 | 7 | 7 | 0 | 34 | 34 | 0 | 753
-54.8 | 7 | 7 | 0 | 34 | 34 | 0 | 754
-54.8 | 7 | 7 | 0 | 34 | 34 | 0 | 755
-54.8 | 7 | 7 | 0 | 34 | 34 | 0 | 756
-54.8 | 7 | 7 | 0 | 34 | 34 | 0 | 757
-54.8 | 7 | 7 | 0 | 34 | 34 | 0 | 758
-54.8 | 7 | 7 | 0 | 34 | 34 | 0 | 759
-54.8 | 7 | 7 | 0 | 34 | 34 | 0 | 760
-54.8 | 7 | 7 | 0 | 34 | 34 | 0 | 761
-54.8 | 7 | 7 | 0 | 34 | 34 | 0 | 762
-54.8 | 7 | 7 | 0 | 34 | 34 | 0 | 763
-54.8 | 7 | 7 | 0 | 34 | 34 | 0 | 764
-54.8 | 7 | 7 | 0 | 34 | 34 | 0 | 765
-54.8 | 7 | 7 | 0 | 34 | 34 | 0 | 766
-54.8 | 7 | 7 | 0 | 34 | 34 | 0 | 767
-54.8 | 7 | 7 | 0 | 34 | 34 | 0 | 768
-54.8 | 7 | 7 | 0 | 34 | 34 | 0 | 769
-54.8 | 7 | 7 | 0 | 34 | 34 | 0 | 770
-54.8 | 7 | 7 | 0 | 34 | 34 | 0 | 771
-54.8 | 7 | 7 | 0 | 34 | 34 | 0 | 772
-54.8 | 7 | 7 | 0 | 34 | 34 | 0 | 773
-53.6 | 7 | 7 | 0 | 34 | 33 | 1 | 774
-53.6 | 7 | 7 | 0 | 34 | 33 | 1 | 775
-53.6 | 7 | 7 | 0 | 34 | 33 | 1 | 776
-53.6 | 7 | 7 | 0 | 34 | 33 | 1 | 777
-53.6 | 7 | 7 | 0 | 34 | 33 | 1 | 778
-53.6 | 7 | 7 | 0 | 34 | 33 | 1 | 779
-53.6 | 7 | 7 | 0 | 34 | 33 | 1 | 780
-53.6 | 7 | 7 | 0 | 34 | 33 | 1 | 781
-54.4 | 8 | 8 | 0 | 32 | 32 | 0 | 782
-54.4 | 8 | 8 | 0 | 32 | 32 | 0 | 783
-54.4 | 8 | 8 | 0 | 32 | 32 | 0 | 784
-54.4 | 8 | 8 | 0 | 32 | 32 | 0 | 785
-54.4 | 8 | 8 | 0 | 32 | 32 | 0 | 786
-54.8 | 7 | 7 | 0 | 34 | 34 | 0 | 787
-54.8 | 7 | 7 | 0 | 34 | 34 | 0 | 788
-54.8 | 7 | 7 | 0 | 34 | 34 | 0 | 789
-54.8 | 7 | 7 | 0 | 34 | 34 | 0 | 790
-54.8 | 7 | 7 | 0 | 34 | 34 | 0 | 791
-54.8 | 7 | 7 | 0 | 34 | 34 | 0 | 792
-54.8 | 7 | 7 | 0 | 34 | 34 | 0 | 793
-54.8 | 7 | 7 | 0 | 34 | 34 | 0 | 794
-54.8 | 7 | 7 | 0 | 34 | 34 | 0 | 795
-54.8 | 7 | 7 | 0 | 34 | 34 | 0 | 796
-54.8 | 7 | 7 | 0 | 34 | 34 | 0 | 797
-54.8 | 7 | 7 | 0 | 34 | 34 | 0 | 798
-54.8 | 7 | 7 | 0 | 34 | 34 | 0 | 799
-54.8 | 7 | 7 | 0 | 34 | 34 | 0 | 800
-54.8 | 7 | 7 | 0 | 34 | 34 | 0 | 801
-54.8 | 7 | 7 | 0 | 34 | 34 | 0 | 802
-54.8 | 7 | 7 | 0 | 34 | 34 | 0 | 803
-54.8 | 7 | 7 | 0 | 34 | 34 | 0 | 804
-54.8 | 7 | 7 | 0 | 34 | 34 | 0 | 805
-54.8 | 7 | 7 | 0 | 34 | 34 | 0 | 806
-54.8 | 7 | 7 | 0 | 34 | 34 | 0 | 807
-54.8 | 7 | 7 | 0 | 34 | 34 | 0 | 808
-54.8 | 7 | 7 | 0 | 34 | 34 | 0 | 809
-54.8 | 7 | 7 | 0 | 34 | 34 | 0 | 810
-54.8 | 7 | 7 | 0 | 34 | 34 | 0 | 811
-54.8 | 7 | 7 | 0 | 34 | 34 | 0 | 812
-54.8 | 7 | 7 | 0 | 34 | 34 | 0 | 813
-54.8 | 7 | 7 | 0 | 34 | 34 | 0 | 814
-54.8 | 7 | 7 | 0 | 34 | 34 | 0 | 815
-54.4 | 8 | 8 | 0 | 32 | 32 | 0 | 816
-54.4 | 8 | 8 | 0 | 32 | 32 | 0 | 817
-54.4 | 8 | 8 | 0 | 32 | 32 | 0 | 818
-54.4 | 8 | 8 | 0 | 32 | 32 | 0 | 819
-54.4 | 8 | 8 | 0 | 32 | 32 | 0 | 820
-54.4 | 8 | 8 | 0 | 32 | 32 | 0 | 821
-54.4 | 8 | 8 | 0 | 32 | 32 | 0 | 822
-54.4 | 8 | 8 | 0 | 32 | 32 | 0 | 823
-54.4 | 8 | 8 | 0 | 32 | 32 | 0 | 824
-54.4 | 8 | 8 | 0 | 32 | 32 | 0 | 825
-54.4 | 8 | 8 | 0 | 32 | 32 | 0 | 826
-54.4 | 8 | 8 | 0 | 32 | 32 | 0 | 827
-54.4 | 8 | 8 | 0 | 32 | 32 | 0 | 828
-54.4 | 8 | 8 | 0 | 32 | 32 | 0 | 829
-54.4 | 8 | 8 | 0 | 32 | 32 | 0 | 830
-54.4 | 8 | 8 | 0 | 32 | 32 | 0 | 831
-54.4 | 8 | 8 | 0 | 32 | 32 | 0 | 832
-54.4 | 8 | 8 | 0 | 32 | 32 | 0 | 833
-54.4 | 8 | 8 | 0 | 32 | 32 | 0 | 834
-54.4 | 8 | 8 | 0 | 32 | 32 | 0 | 835
-54.4 | 8 | 8 | 0 | 32 | 32 | 0 | 836
-54.4 | 8 | 8 | 0 | 32 | 32 | 0 | 837
-54.4 | 8 | 8 | 0 | 32 | 32 | 0 | 838
-54.4 | 8 | 8 | 0 | 32 | 32 | 0 | 839
-54.8 | 7 | 7 | 0 | 34 | 34 | 0 | 840
-54.8 | 7 | 7 | 0 | 34 | 34 | 0 | 841
-54.8 | 7 | 7 | 0 | 34 | 34 | 0 | 842
-54.8 | 7 | 7 | 0 | 34 | 34 | 0 | 843
-54.8 | 7 | 7 | 0 | 34 | 34 | 0 | 844
-54.8 | 7 | 7 | 0 | 34 | 34 | 0 | 845
-54.8 | 7 | 7 | 0 | 34 | 34 | 0 | 846
-54.8 | 7 | 7 | 0 | 34 | 34 | 0 | 847
-54.8 | 7 | 7 | 0 | 34 | 34 | 0 | 848
-54.8 | 7 | 7 | 0 | 34 | 34 | 0 | 849
-54.8 | 7 | 7 | 0 | 34 | 34 | 0 | 850
-54.8 | 7 | 7 | 0 | 34 | 34 | 0 | 851
-54.8 | 7 | 7 | 0 | 34 | 34 | 0 | 852
-54.8 | 7 | 7 | 0 | 34 | 34 | 0 | 853
-54.8 | 7 | 7 | 0 | 34 | 34 | 0 | 854
-54.8 | 7 | 7 | 0 | 34 | 34 | 0 | 855
-54.8 | 7 | 7 | 0 | 34 | 34 | 0 | 856
-54.8 | 7 | 7 | 0 | 34 | 34 | 0 | 857
-54.8 | 7 | 7 | 0 | 34 | 34 | 0 | 858
-54.8 | 7 | 7 | 0 | 34 | 34 | 0 | 859
-54.8 | 7 | 7 | 0 | 34 | 34 | 0 | 860
-54.8 | 7 | 7 | 0 | 34 | 34 | 0 | 861
-54.8 | 7 | 7 | 0 | 34 | 34 | 0 | 862
-54.8 | 7 | 7 | 0 | 34 | 34 | 0 | 863
-54.8 | 7 | 7 | 0 | 34 | 34 | 0 | 864
-54.8 | 7 | 7 | 0 | 34 | 34 | 0 | 865
-53.6 | 7 | 7 | 0 | 34 | 33 | 1 | 866
-53.6 | 7 | 7 | 0 | 34 | 33 | 1 | 867
-53.6 | 7 | 7 | 0 | 34 | 33 | 1 | 868
-53.6 | 7 | 7 | 0 | 34 | 33 | 1 | 869
-53.6 | 7 | 7 | 0 | 34 | 33 | 1 | 870
-53.2 | 8 | 8 | 0 | 32 | 31 | 1 | 871
-53.2 | 8 | 8 | 0 | 32 | 31 | 1 | 872
-53.6 | 7 | 7 | 0 | 34 | 33 | 1 | 873
-53.6 | 7 | 7 | 0 | 34 | 33 | 1 | 874
-53.6 | 7 | 7 | 0 | 34 | 33 | 1 | 875
-54.4 | 8 | 8 | 0 | 32 | 32 | 0 | 876
-54.4 | 8 | 8 | 0 | 32 | 32 | 0 | 877
-54.4 | 8 | 8 | 0 | 32 | 32 | 0 | 878
-54.4 | 8 | 8 | 0 | 32 | 32 | 0 | 879
-54.4 | 8 | 8 | 0 | 32 | 32 | 0 | 880
-54.4 | 8 | 8 | 0 | 32 | 32 | 0 | 881
-54.4 | 8 | 8 | 0 | 32 | 32 | 0 | 882
-54.4 | 8 | 8 | 0 | 32 | 32 | 0 | 883
-54.4 | 8 | 8 | 0 | 32 | 32 | 0 | 884
-54.4 | 8 | 8 | 0 | 32 | 32 | 0 | 885
-54.4 | 8 | 8 | 0 | 32 | 32 | 0 | 886
-54.4 | 8 | 8 | 0 | 32 | 32 | 0 | 887
-54.4 | 8 | 8 | 0 | 32 | 32 | 0 | 888
-54.4 | 8 | 8 | 0 | 32 | 32 | 0 | 889
-54.4 | 8 | 8 | 0 | 32 | 32 | 0 | 890
-54.4 | 8 | 8 | 0 | 32 | 32 | 0 | 891
-54.8 | 7 | 7 | 0 | 34 | 34 | 0 | 892
-54.8 | 7 | 7 | 0 | 34 | 34 | 0 | 893
-54.8 | 7 | 7 | 0 | 34 | 34 | 0 | 894
-54.8 | 7 | 7 | 0 | 34 | 34 | 0 | 895
-54.4 | 8 | 8 | 0 | 32 | 32 | 0 | 896
-54.4 | 8 | 8 | 0 | 32 | 32 | 0 | 897
-54 | 9 | 9 | 0 | 30 | 30 | 0 | 898
-54.4 | 8 | 8 | 0 | 32 | 32 | 0 | 899
-54.4 | 8 | 8 | 0 | 32 | 32 | 0 | 900
-54.4 | 8 | 8 | 0 | 32 | 32 | 0 | 901
-54.4 | 8 | 8 | 0 | 32 | 32 | 0 | 902
-54 | 9 | 9 | 0 | 30 | 30 | 0 | 903
-54.4 | 8 | 8 | 0 | 32 | 32 | 0 | 904
-53.2 | 8 | 8 | 0 | 32 | 31 | 1 | 905
-53.2 | 8 | 8 | 0 | 32 | 31 | 1 | 906
-53.2 | 8 | 8 | 0 | 32 | 31 | 1 | 907
-53.2 | 8 | 8 | 0 | 32 | 31 | 1 | 908
-53.2 | 8 | 8 | 0 | 32 | 31 | 1 | 909
-53.6 | 7 | 7 | 0 | 34 | 33 | 1 | 910
-53.2 | 8 | 8 | 0 | 32 | 31 | 1 | 911
-52 | 8 | 8 | 0 | 32 | 30 | 2 | 912
-52 | 8 | 8 | 0 | 32 | 30 | 2 | 913
-52 | 8 | 8 | 0 | 32 | 30 | 2 | 914
-50.8 | 8 | 8 | 0 | 32 | 29 | 3 | 915
-50.8 | 8 | 8 | 0 | 32 | 29 | 3 | 916
-52.4 | 7 | 7 | 0 | 34 | 32 | 2 | 917
-52.4 | 7 | 7 | 0 | 34 | 32 | 2 | 918
-52.4 | 7 | 7 | 0 | 34 | 32 | 2 | 919
-52.4 | 7 | 7 | 0 | 34 | 32 | 2 | 920
-52.4 | 7 | 7 | 0 | 34 | 32 | 2 | 921
-52.4 | 7 | 7 | 0 | 34 | 32 | 2 | 922
-52.4 | 7 | 7 | 0 | 34 | 32 | 2 | 923
-53.6 | 7 | 7 | 0 | 34 | 33 | 1 | 924
-53.6 | 7 | 7 | 0 | 34 | 33 | 1 | 925
-53.6 | 7 | 7 | 0 | 34 | 33 | 1 | 926
-53.6 | 7 | 7 | 0 | 34 | 33 | 1 | 927
-53.6 | 7 | 7 | 0 | 34 | 33 | 1 | 928
-53.2 | 8 | 8 | 0 | 32 | 31 | 1 | 929
-53.2 | 8 | 8 | 0 | 32 | 31 | 1 | 930
-53.2 | 8 | 8 | 0 | 32 | 31 | 1 | 931
-53.2 | 8 | 8 | 0 | 32 | 31 | 1 | 932
-53.2 | 8 | 8 | 0 | 32 | 31 | 1 | 933
-53.2 | 8 | 8 | 0 | 32 | 31 | 1 | 934
-53.2 | 8 | 8 | 0 | 32 | 31 | 1 | 935
-53.2 | 8 | 8 | 0 | 32 | 31 | 1 | 936
-53.2 | 8 | 8 | 0 | 32 | 31 | 1 | 937
-53.2 | 8 | 8 | 0 | 32 | 31 | 1 | 938
-53.2 | 8 | 8 | 0 | 32 | 31 | 1 | 939
-53.2 | 8 | 8 | 0 | 32 | 31 | 1 | 940
-53.2 | 8 | 8 | 0 | 32 | 31 | 1 | 941
-53.2 | 8 | 8 | 0 | 32 | 31 | 1 | 942
-53.2 | 8 | 8 | 0 | 32 | 31 | 1 | 943
-53.2 | 8 | 8 | 0 | 32 | 31 | 1 | 944
-53.2 | 8 | 8 | 0 | 32 | 31 | 1 | 945
-53.2 | 8 | 8 | 0 | 32 | 31 | 1 | 946
-53.2 | 8 | 8 | 0 | 32 | 31 | 1 | 947
-52 | 8 | 8 | 0 | 32 | 30 | 2 | 948
-52 | 8 | 8 | 0 | 32 | 30 | 2 | 949
-52 | 8 | 8 | 0 | 32 | 30 | 2 | 950
-52.4 | 7 | 7 | 0 | 34 | 32 | 2 | 951
-51.2 | 7 | 5 | 2 | 34 | 31 | 3 | 952
-50 | 7 | 5 | 2 | 34 | 30 | 4 | 953
-50 | 7 | 5 | 2 | 34 | 30 | 4 | 954
-50 | 7 | 5 | 2 | 34 | 30 | 4 | 955
-50 | 7 | 5 | 2 | 34 | 30 | 4 | 956
-51.2 | 7 | 5 | 2 | 34 | 31 | 3 | 957
-51.2 | 7 | 5 | 2 | 34 | 31 | 3 | 958
-51.2 | 7 | 5 | 2 | 34 | 31 | 3 | 959
-51.2 | 7 | 5 | 2 | 34 | 31 | 3 | 960
-51.2 | 7 | 5 | 2 | 34 | 31 | 3 | 961
-50 | 7 | 5 | 2 | 34 | 30 | 4 | 962
-50 | 7 | 5 | 2 | 34 | 30 | 4 | 963
-50 | 7 | 5 | 2 | 34 | 30 | 4 | 964
-50 | 7 | 5 | 2 | 34 | 30 | 4 | 965
-50 | 7 | 5 | 2 | 34 | 30 | 4 | 966
-50 | 7 | 5 | 2 | 34 | 30 | 4 | 967
-46.4 | 7 | 5 | 2 | 34 | 27 | 7 | 968
-45.2 | 7 | 5 | 2 | 34 | 26 | 8 | 969
-46.4 | 7 | 5 | 2 | 34 | 27 | 7 | 970
-46.4 | 7 | 5 | 2 | 34 | 27 | 7 | 971
-46 | 8 | 6 | 2 | 32 | 25 | 7 | 972
-46 | 8 | 6 | 2 | 32 | 25 | 7 | 973
-46 | 8 | 6 | 2 | 32 | 25 | 7 | 974
-46.8 | 9 | 6 | 3 | 30 | 24 | 6 | 975
-46.8 | 9 | 6 | 3 | 30 | 24 | 6 | 976
-46.8 | 9 | 6 | 3 | 30 | 24 | 6 | 977
-46.8 | 9 | 6 | 3 | 30 | 24 | 6 | 978
-46.8 | 9 | 6 | 3 | 30 | 24 | 6 | 979
-46.8 | 9 | 6 | 3 | 30 | 24 | 6 | 980
-46.8 | 9 | 6 | 3 | 30 | 24 | 6 | 981
-46.8 | 9 | 6 | 3 | 30 | 24 | 6 | 982
-46.8 | 9 | 6 | 3 | 30 | 24 | 6 | 983
-46.8 | 9 | 6 | 3 | 30 | 24 | 6 | 984
-46.4 | 10 | 8 | 2 | 28 | 22 | 6 | 985
-46.4 | 10 | 8 | 2 | 28 | 22 | 6 | 986
-46.4 | 10 | 8 | 2 | 28 | 22 | 6 | 987
-46.8 | 9 | 7 | 2 | 30 | 24 | 6 | 988
-46.8 | 9 | 7 | 2 | 30 | 24 | 6 | 989
-46.8 | 9 | 7 | 2 | 30 | 24 | 6 | 990
-47.2 | 8 | 6 | 2 | 32 | 26 | 6 | 991
-47.2 | 8 | 6 | 2 | 32 | 26 | 6 | 992
-47.2 | 8 | 6 | 2 | 32 | 26 | 6 | 993
-47.2 | 8 | 6 | 2 | 32 | 26 | 6 | 994
-47.2 | 8 | 6 | 2 | 32 | 26 | 6 | 995
-47.2 | 8 | 6 | 2 | 32 | 26 | 6 | 996
-47.2 | 8 | 6 | 2 | 32 | 26 | 6 | 997
-47.2 | 8 | 6 | 2 | 32 | 26 | 6 | 998
-47.2 | 8 | 6 | 2 | 32 | 26 | 6 | 999
-47.2 | 8 | 6 | 2 | 32 | 26 | 6 | 1000
