% # columns="iteration, evaluation, sigma, max axis length,  min axis length, all principal axes lengths  (sorted square roots of eigenvalues of C)", seed=967515, Mon May 27 23:08:18 2024
1 10 0.00892001956964184 1.0000450010125153 1.0 1.0 1.0000050000125 1.00001000005 1.0000150001125006 1.0000200002000015 1.0000250003125026 1.0000300004500045 1.0000350006125072 1.0000400008000108 1.0000450010125153
2 20 0.008368838976350448 1.040981281295025 0.8944538564783274 0.8944538564783274 0.9603553531002282 0.9717709340099114 0.9915025092592074 0.99617405136158 1.000368063468117 1.0014102235395614 1.0070114967776986 1.0165681578878232 1.040981281295025
3 30 0.008003293164221643 1.074618719117187 0.8489533256525876 0.8489533256525876 0.9384611987546032 0.949605529218014 0.9702702361170586 0.9930510400681225 0.9982283085186747 1.0037269022866329 1.0120438876050337 1.0190478673687728 1.074618719117187
4 40 0.008360425992417384 1.0908303480771955 0.8489165679087542 0.8489165679087542 0.9084669449723904 0.9268934638988984 0.9536192162049886 0.9793058409473118 0.984345554105527 1.0003656184861751 1.0256586172063056 1.044378908721182 1.0908303480771955
5 50 0.008719053633526196 1.1932621939988053 0.834523470311683 0.834523470311683 0.8545754896891447 0.924904427998559 0.931414257747448 0.9572574140266278 0.9904474368763496 1.0209085769216788 1.0273063778525107 1.0417970241173018 1.1932621939988053
6 60 0.008518377356086612 1.2749795191209197 0.8099410056270945 0.8099410056270945 0.8441200396625389 0.9125184663326539 0.9286134842810972 0.9429873389530344 0.9688123456054212 1.0253894017544296 1.0295676901507662 1.0462389968962271 1.2749795191209197
7 70 0.007830206146113787 1.2937065445034879 0.7582727102605121 0.7582727102605121 0.8132424105694827 0.8987236740723444 0.9275886275735766 0.9511997220658692 0.9725715747413473 1.0243872832111733 1.0404247314186001 1.058526251996874 1.2937065445034879
8 80 0.007150436760700806 1.2850249438071661 0.7443244156245391 0.7443244156245391 0.8384890406661232 0.8776220480006209 0.9018456646894724 0.9429662892418429 0.9527344559788975 1.0210547954231421 1.0401181417962817 1.078625663667817 1.2850249438071661
9 90 0.006671995373701016 1.2842525661664148 0.7257070079302385 0.7257070079302385 0.8281104892164958 0.8767592676950208 0.9211361419429074 0.933550255806286 0.9392419699287304 0.9844748201636796 1.0527288743979695 1.0845997568515657 1.2842525661664148
10 100 0.006207992840096255 1.3064816837089706 0.6858060614499021 0.6858060614499021 0.8023553350054791 0.8521461546218726 0.9030190390687679 0.9391218739988719 0.9787760476895813 1.0081658908147764 1.048637277491312 1.0890385892256171 1.3064816837089706
11 110 0.006187262007008518 1.310957591454797 0.6687050408160399 0.6687050408160399 0.8016292497039397 0.8243585079732687 0.8982016829959989 0.9326456178072072 0.9705116471416072 0.9959884329846579 1.0691709219733403 1.0759009364896652 1.310957591454797
12 120 0.005638744399008996 1.3207494895511207 0.654343055445463 0.654343055445463 0.7732491985433332 0.8208762587776983 0.8915673056059714 0.949416015506813 0.9864003206999127 1.0080777111797734 1.0706030349529994 1.0984617724691774 1.3207494895511207
13 130 0.005094607093253803 1.3142500569728963 0.6254331831622284 0.6254331831622284 0.7516990028391515 0.8172862097869039 0.8803044110021041 0.9363273827729532 0.9729137781035962 1.0088523159109195 1.064590499128111 1.1050968074177971 1.3142500569728963
14 140 0.005126159779507527 1.308458887370603 0.6006206255621793 0.6006206255621793 0.7506130496668679 0.80636058010179 0.8742446347556094 0.9279316588394178 0.9560136107586971 1.037074719456281 1.0562054464693027 1.1036551627604212 1.308458887370603
15 150 0.005583685422759546 1.3085522198136061 0.5752891466400826 0.5752891466400826 0.7443870766791625 0.7998021312529277 0.8770122074391471 0.9400733552942697 0.9474534151549243 1.041962328186091 1.0481841664136449 1.1332954697932753 1.3085522198136061
16 160 0.005540099481954858 1.3337050672108017 0.5751665207907385 0.5751665207907385 0.7401814452191274 0.7911401613423548 0.8517806572384244 0.9312377418279095 0.9499066880390918 1.032299633368942 1.0619741627279455 1.2126498215604866 1.3337050672108017
17 170 0.0050518535215128835 1.3522701955449814 0.5622504068219654 0.5622504068219654 0.7246912698356762 0.7936391568152741 0.8500783267884499 0.9314247309954808 0.9340115326908697 1.0001102059763478 1.0489730148170207 1.2590530184423188 1.3522701955449814
18 180 0.004835434338628736 1.3559545531731436 0.5558715278571541 0.5558715278571541 0.7258701958216155 0.7874296053693925 0.8268656015637512 0.9020697961430655 0.9125987662680943 1.00379847938938 1.055873722381634 1.2350372424830902 1.3559545531731436
19 190 0.0051024387854240036 1.3272464414740925 0.5455575225492244 0.5455575225492244 0.7167982096642181 0.7961624417234983 0.8283008919842384 0.9015508854739891 0.90819982537423 0.9957464275624249 1.070102050113415 1.2018314157935122 1.3272464414740925
20 200 0.005411059571144613 1.3758328938976436 0.5091645889246503 0.5091645889246503 0.7038372388748222 0.7996076847988197 0.834085492567338 0.8905122102796524 0.8963128091087473 1.001935793624623 1.1134607980638578 1.2264334281576175 1.3758328938976436
21 210 0.005657779487892529 1.4063610877933743 0.49678226474157977 0.49678226474157977 0.6940188038084135 0.7901062193316932 0.8228474009020841 0.883171303526552 0.8964388248096018 1.00741324914876 1.1142621387246183 1.3039749239778078 1.4063610877933743
22 220 0.006201911028201588 1.4335674565691827 0.47128355113707704 0.47128355113707704 0.6991097803980411 0.7712448207217784 0.8351810385474014 0.8905238236184659 0.9200987364476778 1.0154824881081663 1.1056041644197805 1.3008680995993285 1.4335674565691827
23 230 0.007029013371027715 1.4983161265608547 0.45732196684477994 0.45732196684477994 0.6829141550295275 0.7594700462397582 0.8404430486169827 0.898476696796991 0.90973339785341 1.0462561244147799 1.1027150203177816 1.315911947589918 1.4983161265608547
24 240 0.007936431395404567 1.5482561740105976 0.4442154298729768 0.4442154298729768 0.6800651386380479 0.7444612047675176 0.8159462358476388 0.8905921555954525 0.9058669063296604 1.0778330479636673 1.120807494689981 1.3945992917001009 1.5482561740105976
25 250 0.008613693919330229 1.6723211934727662 0.4270622265808534 0.4270622265808534 0.6743640089512566 0.7758472059393782 0.8056680456965367 0.8874135235911831 0.9077524045590047 1.057147016237031 1.1234695473829392 1.3733083108973005 1.6723211934727662
26 260 0.008255691318188324 1.7227808681624426 0.4105027989575848 0.4105027989575848 0.690238671008065 0.7541325561818626 0.8072491317316812 0.872963447220497 0.9367056568373328 1.0565977352371014 1.1113189614261445 1.3818076965645063 1.7227808681624426
27 270 0.008102896030642617 1.7421987554658114 0.37744241527474 0.37744241527474 0.6864402860115136 0.7647771843029558 0.8003684317791939 0.8636844513276896 0.9381763472036181 1.0354107138972388 1.1319126253751421 1.3862743221545988 1.7421987554658114
28 280 0.00838264767039222 1.752638909351973 0.3648531164391808 0.3648531164391808 0.6764817404433201 0.7531689583957681 0.796269984746363 0.8693897067608078 0.9592611363260616 1.0135842477362718 1.1600956690012498 1.376225499556917 1.752638909351973
29 290 0.009468992213911318 1.7350241397282027 0.3503978130004537 0.3503978130004537 0.6842434087441862 0.7545447891026551 0.7987814815860285 0.8548351142474402 0.9418157178975646 1.0000086268071364 1.2157597417105512 1.3805979046735828 1.7350241397282027
30 300 0.010363071677367249 1.7291896701525364 0.3433869962418375 0.3433869962418375 0.6849974048203508 0.7451338589494861 0.7967257328216496 0.8426589429059087 0.9343102966997733 1.016706177833305 1.3454324188061577 1.3717672647328916 1.7291896701525364
31 310 0.011261892583356385 1.7149021040919856 0.3400103615965636 0.3400103615965636 0.6841313820666907 0.7199799703825099 0.800878675794123 0.828495186337572 0.9254509562521973 1.0590226635689182 1.311323093962984 1.4492373894286636 1.7149021040919856
32 320 0.012174891755646637 1.7436338133544342 0.33096140894307824 0.33096140894307824 0.6827842725813411 0.7135137420758564 0.7804023866687819 0.8195986222572019 0.9193606327966757 1.0691082413421853 1.3134591413808854 1.5126289832489106 1.7436338133544342
33 330 0.012084838233231815 1.729274883343681 0.3204730612690673 0.3204730612690673 0.6807698961621921 0.7193409146792684 0.7673988107640969 0.828240169382565 0.9139639696342069 1.0651385690681074 1.334239193786785 1.5440200515830818 1.729274883343681
34 340 0.011692215056413793 1.7615618058697384 0.3084852030216894 0.3084852030216894 0.6745658083734567 0.7254790117704829 0.7707388617775106 0.8387234593344653 0.9317046500784082 1.0471194310449594 1.332103909425138 1.4979129970631422 1.7615618058697384
35 350 0.011812171208873954 1.7364567948452267 0.30471901235599685 0.30471901235599685 0.6620204043025617 0.726516901339837 0.7653716216626635 0.8263431168132884 0.9206851525118421 1.071287471544707 1.327714434889749 1.472455225617813 1.7364567948452267
36 360 0.01191028072752591 1.8419502667207774 0.29050778349691125 0.29050778349691125 0.666340189358685 0.7154332648676514 0.7631350936394007 0.8319819854599074 0.9187763823056283 1.0795006322645588 1.3309755077963012 1.4065922053727915 1.8419502667207774
37 370 0.01247668916807624 1.9351733461633431 0.28114189046637494 0.28114189046637494 0.6740186321154379 0.7255807742483529 0.7639549794518937 0.8164891952851805 0.8848569104167601 1.065198814423504 1.3243246163765057 1.3793354413279304 1.9351733461633431
38 380 0.012658877833949747 2.0290649204310225 0.276796503449556 0.276796503449556 0.6631690391137797 0.7178414682789154 0.7447419916348602 0.8171668096723064 0.8893684817950767 1.0793674354301346 1.2993910011899834 1.3902337694510605 2.0290649204310225
39 390 0.013029441831728585 2.1284021051057715 0.27048013065122267 0.27048013065122267 0.6576151414188374 0.7024517248249232 0.7356310863989013 0.8137702049075151 0.8883867930166087 1.0630143051903032 1.2933162671310847 1.3762475767773523 2.1284021051057715
40 400 0.014573028336617121 2.1887269371184086 0.26749159247232485 0.26749159247232485 0.6639440917624813 0.7097023144517324 0.7230256909570537 0.7897104313039887 0.8966088350004249 1.0770086824326919 1.287156779908639 1.3686183516116786 2.1887269371184086
41 410 0.016574820705805134 2.4368142149582313 0.256682908851491 0.256682908851491 0.6566784084599532 0.7147893629137217 0.7201899151233787 0.8154615626019047 0.8438609551125762 1.0795172317497301 1.2701590845140247 1.3593934181641718 2.4368142149582313
42 420 0.019233333079885 2.6001883269059882 0.2436885936414181 0.2436885936414181 0.6477537265650405 0.7027503618593025 0.7153431437990919 0.8268967389181743 0.8325998930134587 1.0739858226011423 1.2713944580715364 1.44976420681276 2.6001883269059882
43 430 0.019810201723341803 2.7040395669840795 0.23561539577673077 0.23561539577673077 0.6454638533589659 0.6992955491341891 0.7127186123473706 0.8154554107856131 0.8333291967393772 1.0709788969508216 1.2447333810396246 1.4682370818865538 2.7040395669840795
44 440 0.01983674976769205 2.7083680371247274 0.22943785055109026 0.22943785055109026 0.6348107063007182 0.696768826930925 0.709037648339561 0.8140040757968039 0.8324197885013974 1.0502073906812857 1.250199651806507 1.453574365304202 2.7083680371247274
45 450 0.020763115926008963 2.6865582792180636 0.22058736745362656 0.22058736745362656 0.6346866247873961 0.6949336148951084 0.7135072493269211 0.8014514788786367 0.8281415295811503 1.0591809315496645 1.2294233609913192 1.4536535613189445 2.6865582792180636
46 460 0.02152723246858562 2.7145159985245186 0.21327193652871548 0.21327193652871548 0.6345423212492615 0.6936930383823774 0.7060881997555302 0.803773888238286 0.849042327922652 1.0665051432967656 1.230503734467919 1.4690412626289058 2.7145159985245186
47 470 0.023441087993805888 2.811975011929957 0.20709809086650083 0.20709809086650083 0.6316109058956528 0.6926608719466906 0.7080243739546533 0.8012453527396953 0.8456003568357079 1.0426732663742242 1.233319826181214 1.4848022838977963 2.811975011929957
48 480 0.02403492780380869 2.909895976670421 0.20103094256321746 0.20103094256321746 0.6213898637095352 0.6751228795079329 0.7138096458607645 0.8023833099955014 0.8633376774258215 1.0250359390159058 1.2379004784763263 1.4791494510372682 2.909895976670421
49 490 0.024083819424077346 3.0022292801083834 0.19361024545719502 0.19361024545719502 0.6198543001838616 0.6650719280174294 0.7059553165567679 0.797732072480526 0.8628349577997954 1.0444218942689305 1.2370333348950704 1.452448900272499 3.0022292801083834
50 500 0.024622021767433784 3.032143014135314 0.1911767724959961 0.1911767724959961 0.6167391920996916 0.6530642727019538 0.6899249394375555 0.7840142490839591 0.8741753050866188 1.037983776925049 1.2451385719758263 1.4318534865738677 3.032143014135314
