START for Step 0.
0 | 0 | 0 | 0 | 0 | 0 | 
0 | 0 | 0 | 0 | 
0 | 0 | 0 | 0 | 0 | 
0 | 0 | 0 | 0 | 
0 | 0 | 0 | 0 | 
0 | 0 | 0 | 0 | 0 | 
0 | 0 | 0 | 0 | 
0 | 0 | 0 | 0 | 0 | 0 | 
END. 
START for Step 1.
0 | 0 | 0 | 0 | 0 | 0 | 
0 | 0 | 0 | 0 | 
0 | 0 | 0 | 0 | 0 | 
0 | 0 | 0 | 0 | 
0 | 0 | 0 | 0 | 
0 | 0 | 0 | 0 | 0 | 
0 | 0 | 0 | 0 | 
0 | 0 | 0 | 0 | 0 | 0 | 
END. 
START for Step 2.
0 | 0 | 0 | 0 | 0 | 0 | 
0 | 0 | 0 | 0 | 
0 | 0 | 0 | 0 | 0 | 
0 | 0 | 0 | 0 | 
0 | 0 | 0 | 0 | 
0 | 0 | 0 | 0 | 0 | 
0 | 0 | 0 | 0 | 
0 | 0 | 0 | 0 | 0 | 0 | 
END. 
START for Step 3.
0 | 0 | 0 | 0 | 0 | 0 | 
0 | 0 | 0 | 0 | 0 | 
0 | 0 | 0 | 0 | 0 | 
0 | 0 | 0 | 0 | 
0 | 0 | 0 | 0 | 0 | 
0 | 0 | 0 | 0 | 0 | 
0 | 0 | 0 | 0 | 
0 | 0 | 0 | 0 | 0 | 0 | 
END. 
START for Step 4.
0 | 0 | 0 | 0 | 0 | 0 | 
0 | 0 | 0 | 0 | 0 | 
0 | 0 | 0 | 0 | 0 | 
0 | 0 | 0 | 0 | 
0 | 0 | 0 | 0 | 0 | 
0 | 0 | 0 | 0 | 0 | 
0 | 0 | 0 | 0 | 
0 | 0 | 0 | 0 | 0 | 0 | 
END. 
START for Step 5.
0 | 0 | 0 | 0 | 0 | 0 | 
0 | 0 | 0 | 0 | 0 | 
0 | 0 | 0 | 0 | 0 | 
0 | 0 | 0 | 0 | 
0 | 0 | 0 | 0 | 0 | 
0 | 0 | 0 | 0 | 0 | 
0 | 0 | 0 | 0 | 
0 | 0 | 0 | 0 | 0 | 0 | 
END. 
START for Step 6.
0 | 0 | 0 | 0 | 0 | 0 | 
0 | 0 | 0 | 0 | 0 | 
0 | 0 | 0 | 0 | 0 | 
0 | 0 | 0 | 0 | 
0 | 0 | 0 | 0 | 0 | 
0 | 0 | 0 | 0 | 0 | 
0 | 0 | 0 | 0 | 
0 | 0 | 0 | 0 | 0 | 0 | 
END. 
START for Step 7.
0 | 0 | 0 | 0 | 0 | 0 | 
0 | 0 | 0 | 0 | 0 | 
0 | 0 | 0 | 0 | 0 | 
0 | 0 | 0 | 0 | 
0 | 0 | 0 | 0 | 0 | 
0 | 0 | 0 | 0 | 0 | 
0 | 0 | 0 | 0 | 
0 | 0 | 0 | 0 | 0 | 0 | 
END. 
START for Step 8.
0 | 0 | 0 | 0 | 0 | 0 | 
0 | 0 | 0 | 0 | 0 | 
0 | 0 | 0 | 0 | 0 | 
0 | 0 | 0 | 0 | 
0 | 0 | 0 | 0 | 0 | 
0 | 0 | 0 | 0 | 0 | 
0 | 0 | 0 | 0 | 
0 | 0 | 0 | 0 | 0 | 0 | 
END. 
START for Step 9.
0 | 0 | 0 | 0 | 0 | 0 | 
0 | 0 | 0 | 0 | 0 | 
0 | 0 | 0 | 0 | 0 | 
0 | 0 | 0 | 0 | 0 | 
0 | 0 | 0 | 0 | 
0 | 0 | 0 | 0 | 0 | 
0 | 0 | 0 | 0 | 0 | 
0 | 0 | 0 | 0 | 0 | 
END. 
START for Step 10.
0 | 0 | 0 | 0 | 0 | 0 | 
0 | 0 | 0 | 0 | 0 | 
0 | 0 | 0 | 0 | 0 | 
0 | 0 | 0 | 0 | 0 | 
0 | 0 | 0 | 0 | 
0 | 0 | 0 | 0 | 0 | 
0 | 0 | 0 | 0 | 0 | 
0 | 0 | 0 | 0 | 0 | 
END. 
