START for Step 0.
0 | 3 | 5 | 3 | 2 | 0 | 3 | 5 | 1 | 0 | 3 | 4 | 0 | 3 | 0 | 1 | 3 | 3 | 1 | 2 | 1 | 1 | 0 | 3 | 
0 | 1 | 2 | 1 | 3 | 5 | 3 | 2 | 0 | 3 | 0 | 1 | 1 | 3 | 4 | 0 | 3 | 5 | 5 | 4 | 3 | 1 | 2 | 1 | 
0 | 0 | 1 | 1 | 3 | 4 | 0 | 3 | 5 | 5 | 4 | 3 | 1 | 2 | 1 | 3 | 1 | 4 | 1 | 4 | 4 | 5 | 1 | 
1 | 3 | 4 | 0 | 3 | 0 | 1 | 3 | 3 | 1 | 2 | 1 | 1 | 0 | 3 | 1 | 4 | 4 | 5 | 1 | 1 | 3 | 5 | 
0 | 3 | 1 | 2 | 1 | 1 | 0 | 3 | 1 | 4 | 4 | 5 | 1 | 1 | 3 | 5 | 1 | 5 | 0 | 3 | 5 | 5 | 0 | 2 | 
0 | 1 | 4 | 4 | 5 | 1 | 1 | 3 | 5 | 1 | 5 | 0 | 3 | 5 | 5 | 0 | 2 | 3 | 5 | 2 | 3 | 5 | 5 | 5 | 3 | 
0 | 1 | 5 | 0 | 3 | 5 | 5 | 0 | 2 | 3 | 5 | 2 | 3 | 5 | 5 | 5 | 3 | 1 | 5 | 3 | 5 | 3 | 3 | 3 | 0 | 
1 | 3 | 5 | 2 | 3 | 5 | 5 | 5 | 3 | 1 | 5 | 3 | 5 | 3 | 3 | 3 | 0 | 1 | 4 | 3 | 2 | 2 | 2 | 4 | 4 | 2 | 
END. 
START for Step 10.
0 | 3 | 2 | 5 | 3 | 3 | 3 | 3 | 4 | 0 | 3 | 2 | 0 | 1 | 5 | 3 | 1 | 1 | 1 | 0 | 3 | 0 | 0 | 1 | 
0 | 5 | 3 | 2 | 3 | 1 | 3 | 1 | 1 | 3 | 0 | 3 | 5 | 3 | 1 | 4 | 2 | 1 | 0 | 1 | 0 | 4 | 5 | 2 | 
0 | 3 | 3 | 1 | 4 | 1 | 1 | 0 | 4 | 3 | 5 | 4 | 1 | 1 | 3 | 5 | 4 | 0 | 1 | 4 | 2 | 1 | 5 | 
1 | 1 | 0 | 3 | 5 | 3 | 3 | 1 | 2 | 3 | 5 | 4 | 3 | 4 | 0 | 4 | 1 | 0 | 1 | 1 | 1 | 3 | 1 | 
0 | 1 | 2 | 1 | 2 | 5 | 3 | 4 | 5 | 1 | 5 | 3 | 4 | 0 | 1 | 1 | 0 | 3 | 5 | 1 | 1 | 0 | 5 | 
0 | 3 | 5 | 4 | 1 | 3 | 2 | 1 | 0 | 1 | 3 | 5 | 5 | 5 | 2 | 1 | 4 | 3 | 0 | 5 | 5 | 5 | 5 | 5 | 
0 | 1 | 5 | 5 | 0 | 3 | 1 | 2 | 3 | 3 | 3 | 5 | 5 | 2 | 5 | 3 | 5 | 0 | 0 | 5 | 3 | 5 | 5 | 3 | 3 | 
1 | 0 | 4 | 1 | 5 | 0 | 5 | 5 | 1 | 0 | 3 | 4 | 3 | 3 | 1 | 5 | 1 | 4 | 1 | 5 | 5 | 5 | 5 | 5 | 
END. 
START for Step 20.
0 | 3 | 2 | 5 | 3 | 1 | 0 | 1 | 1 | 0 | 3 | 4 | 5 | 1 | 1 | 0 | 1 | 3 | 0 | 4 | 2 | 5 | 5 | 4 | 
0 | 3 | 1 | 2 | 1 | 0 | 0 | 0 | 0 | 2 | 0 | 0 | 1 | 2 | 3 | 0 | 3 | 5 | 0 | 1 | 1 | 5 | 0 | 3 | 4 | 
0 | 3 | 0 | 2 | 2 | 3 | 4 | 4 | 0 | 0 | 1 | 3 | 3 | 2 | 4 | 3 | 1 | 4 | 0 | 1 | 5 | 0 | 0 | 1 | 
1 | 3 | 1 | 0 | 5 | 2 | 1 | 2 | 0 | 1 | 1 | 5 | 0 | 0 | 2 | 4 | 2 | 4 | 0 | 3 | 3 | 4 | 0 | 
0 | 0 | 4 | 0 | 0 | 4 | 1 | 1 | 2 | 3 | 2 | 0 | 1 | 1 | 3 | 1 | 4 | 3 | 5 | 0 | 0 | 5 | 3 | 
0 | 5 | 4 | 1 | 4 | 1 | 2 | 3 | 5 | 2 | 1 | 1 | 2 | 3 | 2 | 5 | 3 | 1 | 5 | 4 | 1 | 4 | 0 | 5 | 2 | 
0 | 3 | 4 | 0 | 3 | 2 | 4 | 2 | 3 | 2 | 4 | 3 | 3 | 5 | 4 | 1 | 0 | 4 | 1 | 0 | 0 | 1 | 0 | 5 | 
1 | 4 | 3 | 3 | 4 | 4 | 0 | 2 | 4 | 1 | 5 | 1 | 1 | 4 | 3 | 3 | 0 | 4 | 0 | 5 | 1 | 1 | 3 | 2 | 
END. 
START for Step 30.
0 | 3 | 0 | 4 | 1 | 0 | 3 | 0 | 3 | 0 | 0 | 5 | 1 | 2 | 1 | 0 | 0 | 4 | 1 | 0 | 0 | 0 | 0 | 2 | 
0 | 3 | 4 | 0 | 0 | 1 | 2 | 5 | 4 | 2 | 2 | 0 | 3 | 1 | 0 | 1 | 4 | 3 | 5 | 1 | 1 | 3 | 1 | 0 | 0 | 
0 | 0 | 2 | 0 | 2 | 4 | 3 | 1 | 3 | 0 | 1 | 4 | 3 | 0 | 1 | 0 | 1 | 3 | 0 | 4 | 2 | 5 | 4 | 3 | 
1 | 0 | 3 | 4 | 1 | 1 | 2 | 5 | 4 | 4 | 0 | 2 | 2 | 3 | 1 | 0 | 5 | 0 | 0 | 1 | 0 | 3 | 2 | 
0 | 1 | 0 | 0 | 2 | 1 | 0 | 3 | 4 | 3 | 1 | 0 | 3 | 4 | 3 | 2 | 5 | 0 | 4 | 1 | 5 | 1 | 0 | 
0 | 2 | 1 | 0 | 1 | 4 | 2 | 1 | 3 | 4 | 5 | 1 | 3 | 4 | 1 | 4 | 2 | 2 | 5 | 3 | 5 | 2 | 1 | 5 | 5 | 
0 | 4 | 0 | 1 | 3 | 3 | 2 | 4 | 4 | 1 | 0 | 0 | 2 | 2 | 3 | 4 | 5 | 5 | 0 | 4 | 3 | 1 | 0 | 3 | 
1 | 4 | 3 | 1 | 3 | 2 | 0 | 3 | 0 | 5 | 3 | 4 | 4 | 1 | 5 | 3 | 1 | 2 | 1 | 0 | 4 | 1 | 4 | 4 | 
END. 
START for Step 40.
0 | 5 | 1 | 4 | 0 | 0 | 0 | 2 | 4 | 1 | 3 | 0 | 3 | 2 | 0 | 0 | 0 | 1 | 0 | 1 | 0 | 0 | 3 | 0 | 
0 | 4 | 0 | 3 | 0 | 1 | 3 | 0 | 0 | 1 | 0 | 3 | 5 | 4 | 1 | 1 | 1 | 5 | 3 | 4 | 0 | 2 | 2 | 2 | 1 | 
0 | 1 | 1 | 4 | 0 | 1 | 2 | 4 | 0 | 5 | 3 | 0 | 0 | 1 | 3 | 4 | 0 | 3 | 3 | 2 | 3 | 0 | 4 | 2 | 
1 | 0 | 0 | 2 | 4 | 0 | 1 | 0 | 2 | 3 | 2 | 3 | 0 | 0 | 1 | 3 | 5 | 5 | 3 | 1 | 4 | 4 | 2 | 1 | 
0 | 3 | 1 | 0 | 0 | 3 | 1 | 1 | 4 | 5 | 0 | 1 | 5 | 3 | 1 | 0 | 0 | 2 | 0 | 2 | 3 | 4 | 1 | 
0 | 2 | 4 | 5 | 0 | 3 | 1 | 2 | 5 | 4 | 3 | 5 | 5 | 2 | 5 | 1 | 1 | 5 | 4 | 2 | 2 | 1 | 1 | 3 | 4 | 
0 | 5 | 0 | 0 | 1 | 4 | 3 | 1 | 4 | 2 | 0 | 3 | 4 | 0 | 2 | 3 | 3 | 4 | 5 | 0 | 1 | 1 | 2 | 3 | 
1 | 4 | 4 | 5 | 2 | 2 | 4 | 3 | 1 | 3 | 0 | 2 | 1 | 1 | 2 | 0 | 2 | 1 | 1 | 0 | 2 | 5 | 1 | 1 | 4 | 
END. 
START for Step 50.
0 | 1 | 0 | 4 | 0 | 0 | 5 | 3 | 0 | 3 | 2 | 1 | 4 | 1 | 0 | 2 | 0 | 1 | 3 | 0 | 0 | 0 | 0 | 0 | 
0 | 1 | 3 | 5 | 0 | 1 | 4 | 1 | 0 | 2 | 5 | 4 | 0 | 3 | 0 | 1 | 3 | 0 | 3 | 0 | 2 | 5 | 4 | 1 | 1 | 
0 | 5 | 3 | 0 | 0 | 2 | 1 | 0 | 1 | 4 | 3 | 1 | 4 | 4 | 0 | 1 | 3 | 2 | 0 | 3 | 3 | 0 | 2 | 4 | 
1 | 3 | 5 | 4 | 4 | 1 | 0 | 3 | 0 | 2 | 5 | 2 | 2 | 3 | 1 | 1 | 0 | 2 | 0 | 4 | 0 | 3 | 1 | 0 | 
0 | 5 | 2 | 4 | 0 | 3 | 0 | 1 | 0 | 3 | 1 | 1 | 4 | 2 | 3 | 1 | 1 | 0 | 3 | 5 | 0 | 1 | 0 | 
0 | 5 | 2 | 0 | 4 | 2 | 4 | 4 | 2 | 1 | 5 | 5 | 4 | 1 | 1 | 1 | 2 | 3 | 2 | 5 | 3 | 5 | 1 | 5 | 3 | 
0 | 0 | 5 | 1 | 1 | 3 | 5 | 3 | 0 | 2 | 4 | 0 | 4 | 3 | 2 | 1 | 2 | 4 | 3 | 1 | 0 | 0 | 3 | 4 | 
1 | 1 | 2 | 4 | 4 | 1 | 4 | 1 | 1 | 2 | 1 | 5 | 3 | 2 | 4 | 0 | 3 | 0 | 1 | 2 | 5 | 1 | 0 | 2 | 2 | 
END. 
START for Step 60.
0 | 4 | 0 | 1 | 4 | 3 | 4 | 1 | 0 | 2 | 0 | 0 | 2 | 3 | 3 | 0 | 5 | 0 | 0 | 5 | 0 | 0 | 5 | 5 | 2 | 2 | 
0 | 0 | 4 | 0 | 0 | 4 | 2 | 1 | 0 | 0 | 3 | 3 | 2 | 1 | 4 | 2 | 3 | 4 | 4 | 0 | 5 | 3 | 1 | 5 | 
0 | 3 | 0 | 4 | 0 | 0 | 1 | 4 | 0 | 1 | 2 | 3 | 5 | 0 | 0 | 3 | 1 | 0 | 2 | 0 | 0 | 0 | 0 | 
1 | 3 | 2 | 5 | 1 | 0 | 4 | 0 | 1 | 1 | 3 | 0 | 4 | 0 | 0 | 5 | 3 | 2 | 1 | 3 | 5 | 0 | 1 | 4 | 
0 | 0 | 4 | 0 | 3 | 1 | 0 | 2 | 5 | 3 | 4 | 1 | 1 | 3 | 0 | 2 | 4 | 3 | 4 | 0 | 1 | 0 | 2 | 3 | 
0 | 0 | 1 | 3 | 5 | 0 | 2 | 0 | 4 | 1 | 3 | 5 | 2 | 0 | 4 | 0 | 2 | 2 | 0 | 1 | 1 | 3 | 3 | 4 | 
0 | 1 | 1 | 4 | 0 | 0 | 4 | 3 | 0 | 5 | 2 | 1 | 3 | 1 | 0 | 4 | 1 | 1 | 1 | 5 | 2 | 3 | 0 | 0 | 3 | 
1 | 2 | 5 | 4 | 2 | 3 | 3 | 2 | 0 | 4 | 5 | 2 | 5 | 1 | 4 | 5 | 2 | 4 | 1 | 5 | 5 | 1 | 1 | 4 | 1 | 3 | 
END. 
START for Step 70.
0 | 2 | 3 | 0 | 1 | 1 | 4 | 5 | 3 | 4 | 0 | 5 | 0 | 5 | 4 | 2 | 2 | 2 | 0 | 0 | 0 | 0 | 0 | 0 | 3 | 5 | 
0 | 4 | 3 | 0 | 1 | 0 | 4 | 0 | 3 | 3 | 5 | 1 | 2 | 5 | 0 | 1 | 2 | 4 | 0 | 0 | 4 | 2 | 4 | 3 | 
0 | 0 | 5 | 4 | 3 | 1 | 0 | 1 | 0 | 2 | 0 | 1 | 0 | 0 | 3 | 3 | 0 | 4 | 0 | 0 | 2 | 0 | 0 | 
1 | 4 | 0 | 1 | 4 | 3 | 3 | 0 | 5 | 3 | 0 | 1 | 0 | 1 | 4 | 2 | 5 | 1 | 0 | 5 | 2 | 0 | 1 | 3 | 
0 | 2 | 1 | 5 | 0 | 1 | 0 | 4 | 3 | 3 | 3 | 1 | 0 | 3 | 2 | 1 | 4 | 0 | 3 | 0 | 0 | 4 | 4 | 2 | 
0 | 3 | 0 | 3 | 3 | 0 | 0 | 2 | 5 | 5 | 1 | 1 | 3 | 2 | 4 | 1 | 2 | 4 | 4 | 0 | 1 | 2 | 0 | 0 | 
0 | 0 | 5 | 4 | 3 | 1 | 1 | 0 | 0 | 2 | 3 | 2 | 0 | 4 | 3 | 1 | 3 | 1 | 4 | 0 | 5 | 1 | 1 | 0 | 1 | 
1 | 0 | 4 | 4 | 3 | 4 | 1 | 5 | 2 | 1 | 4 | 2 | 1 | 0 | 5 | 4 | 2 | 1 | 1 | 0 | 2 | 1 | 2 | 1 | 2 | 3 | 
END. 
START for Step 80.
0 | 0 | 5 | 5 | 0 | 4 | 0 | 0 | 1 | 0 | 3 | 3 | 4 | 2 | 2 | 0 | 5 | 5 | 4 | 1 | 3 | 0 | 0 | 0 | 2 | 2 | 
0 | 3 | 4 | 3 | 0 | 2 | 3 | 0 | 0 | 4 | 4 | 4 | 0 | 0 | 4 | 2 | 3 | 1 | 0 | 1 | 2 | 5 | 1 | 5 | 
0 | 1 | 0 | 0 | 1 | 1 | 4 | 4 | 0 | 5 | 0 | 0 | 0 | 0 | 2 | 0 | 0 | 3 | 3 | 0 | 2 | 3 | 0 | 
1 | 1 | 3 | 3 | 5 | 0 | 3 | 0 | 1 | 1 | 0 | 5 | 4 | 1 | 2 | 0 | 1 | 3 | 4 | 0 | 2 | 5 | 0 | 4 | 
0 | 5 | 4 | 2 | 0 | 3 | 0 | 0 | 3 | 1 | 3 | 2 | 2 | 4 | 4 | 1 | 0 | 0 | 1 | 3 | 4 | 0 | 1 | 3 | 
0 | 3 | 2 | 0 | 0 | 2 | 5 | 4 | 3 | 0 | 0 | 5 | 3 | 1 | 1 | 2 | 1 | 3 | 0 | 0 | 2 | 4 | 1 | 4 | 
0 | 5 | 1 | 1 | 5 | 4 | 2 | 0 | 4 | 0 | 0 | 0 | 1 | 1 | 1 | 3 | 0 | 1 | 3 | 0 | 1 | 4 | 2 | 3 | 3 | 
1 | 4 | 5 | 3 | 1 | 0 | 2 | 3 | 0 | 2 | 4 | 1 | 0 | 4 | 2 | 1 | 4 | 1 | 1 | 4 | 2 | 1 | 1 | 2 | 2 | 5 | 
END. 
START for Step 90.
0 | 2 | 3 | 0 | 4 | 1 | 0 | 4 | 0 | 0 | 3 | 0 | 1 | 0 | 5 | 0 | 5 | 0 | 2 | 5 | 2 | 4 | 5 | 0 | 3 | 2 | 
0 | 0 | 4 | 5 | 0 | 0 | 1 | 4 | 2 | 3 | 0 | 0 | 0 | 3 | 2 | 3 | 3 | 1 | 1 | 0 | 4 | 4 | 4 | 5 | 
0 | 0 | 5 | 2 | 2 | 3 | 1 | 0 | 3 | 4 | 1 | 0 | 0 | 0 | 1 | 3 | 0 | 0 | 0 | 1 | 0 | 0 | 0 | 
1 | 1 | 0 | 0 | 0 | 3 | 4 | 1 | 0 | 1 | 5 | 0 | 2 | 0 | 5 | 3 | 3 | 4 | 1 | 4 | 5 | 3 | 2 | 1 | 
0 | 2 | 1 | 4 | 0 | 1 | 3 | 5 | 0 | 3 | 1 | 0 | 0 | 1 | 0 | 2 | 3 | 1 | 0 | 2 | 3 | 4 | 4 | 3 | 
0 | 1 | 0 | 1 | 2 | 0 | 0 | 2 | 3 | 0 | 2 | 3 | 4 | 1 | 1 | 0 | 5 | 3 | 3 | 5 | 2 | 1 | 0 | 4 | 
0 | 1 | 2 | 1 | 1 | 3 | 4 | 5 | 5 | 0 | 1 | 4 | 0 | 3 | 4 | 1 | 2 | 3 | 0 | 0 | 0 | 1 | 1 | 0 | 3 | 
1 | 4 | 4 | 2 | 1 | 1 | 4 | 0 | 0 | 4 | 1 | 2 | 1 | 3 | 2 | 4 | 1 | 3 | 2 | 1 | 0 | 1 | 5 | 2 | 2 | 5 | 
END. 
START for Step 100.
0 | 0 | 0 | 0 | 2 | 0 | 3 | 2 | 1 | 0 | 5 | 2 | 4 | 3 | 5 | 5 | 1 | 0 | 5 | 0 | 0 | 4 | 2 | 4 | 0 | 3 | 
0 | 5 | 2 | 0 | 5 | 4 | 1 | 4 | 1 | 0 | 2 | 0 | 3 | 3 | 0 | 3 | 4 | 3 | 4 | 0 | 1 | 0 | 0 | 4 | 
0 | 2 | 0 | 0 | 0 | 3 | 0 | 0 | 0 | 0 | 0 | 1 | 2 | 0 | 0 | 4 | 1 | 1 | 3 | 3 | 0 | 1 | 5 | 
1 | 0 | 5 | 5 | 2 | 1 | 4 | 4 | 2 | 1 | 1 | 0 | 0 | 0 | 3 | 3 | 3 | 1 | 1 | 3 | 4 | 5 | 0 | 0 | 
0 | 0 | 0 | 3 | 1 | 2 | 1 | 4 | 0 | 2 | 3 | 4 | 2 | 1 | 0 | 3 | 4 | 5 | 3 | 0 | 1 | 3 | 0 | 1 | 
0 | 1 | 1 | 0 | 4 | 2 | 0 | 3 | 0 | 1 | 3 | 1 | 2 | 2 | 0 | 1 | 3 | 5 | 2 | 3 | 0 | 5 | 4 | 0 | 
0 | 2 | 4 | 5 | 3 | 1 | 0 | 0 | 3 | 1 | 0 | 1 | 4 | 0 | 1 | 1 | 3 | 4 | 2 | 1 | 5 | 1 | 3 | 0 | 0 | 
1 | 2 | 1 | 1 | 5 | 1 | 2 | 0 | 4 | 2 | 1 | 4 | 0 | 2 | 1 | 3 | 4 | 3 | 5 | 4 | 0 | 1 | 2 | 1 | 2 | 4 | 
END. 
START for Step 110.
0 | 0 | 0 | 4 | 0 | 3 | 0 | 5 | 1 | 4 | 4 | 0 | 5 | 3 | 1 | 3 | 0 | 2 | 0 | 5 | 0 | 2 | 2 | 0 | 2 | 5 | 
0 | 0 | 2 | 0 | 3 | 4 | 3 | 0 | 2 | 0 | 0 | 0 | 3 | 1 | 4 | 5 | 4 | 1 | 3 | 5 | 1 | 4 | 0 | 4 | 
0 | 1 | 0 | 3 | 5 | 3 | 0 | 4 | 1 | 0 | 0 | 2 | 0 | 0 | 2 | 0 | 0 | 1 | 0 | 3 | 0 | 0 | 1 | 
0 | 0 | 5 | 3 | 1 | 0 | 2 | 3 | 0 | 5 | 5 | 0 | 0 | 4 | 1 | 0 | 4 | 1 | 1 | 3 | 4 | 2 | 1 | 3 | 
0 | 0 | 0 | 0 | 5 | 1 | 1 | 2 | 0 | 0 | 0 | 4 | 1 | 3 | 1 | 2 | 3 | 0 | 3 | 3 | 1 | 4 | 2 | 4 | 
0 | 4 | 1 | 0 | 3 | 0 | 2 | 0 | 3 | 2 | 5 | 0 | 2 | 1 | 0 | 0 | 1 | 0 | 3 | 5 | 4 | 1 | 1 | 2 | 
0 | 0 | 4 | 1 | 5 | 1 | 1 | 4 | 4 | 0 | 5 | 1 | 3 | 0 | 0 | 0 | 2 | 0 | 0 | 2 | 3 | 3 | 1 | 1 | 1 | 
1 | 2 | 1 | 1 | 4 | 4 | 1 | 3 | 3 | 0 | 1 | 1 | 1 | 4 | 2 | 4 | 2 | 2 | 0 | 0 | 1 | 5 | 2 | 2 | 4 | 5 | 
END. 
START for Step 120.
0 | 5 | 3 | 0 | 1 | 2 | 0 | 0 | 3 | 1 | 3 | 0 | 0 | 2 | 5 | 4 | 2 | 5 | 4 | 5 | 0 | 0 | 4 | 2 | 0 | 0 | 
0 | 3 | 4 | 3 | 0 | 5 | 4 | 4 | 4 | 1 | 5 | 0 | 3 | 0 | 1 | 4 | 0 | 1 | 0 | 0 | 2 | 0 | 3 | 2 | 
0 | 0 | 5 | 4 | 0 | 0 | 0 | 3 | 2 | 0 | 0 | 0 | 3 | 1 | 3 | 0 | 1 | 0 | 1 | 2 | 0 | 1 | 0 | 
0 | 0 | 1 | 1 | 2 | 1 | 4 | 0 | 2 | 0 | 1 | 3 | 5 | 4 | 3 | 3 | 1 | 0 | 5 | 0 | 0 | 4 | 3 | 5 | 
0 | 1 | 1 | 5 | 0 | 3 | 3 | 4 | 1 | 3 | 1 | 2 | 2 | 0 | 1 | 4 | 0 | 0 | 0 | 0 | 4 | 2 | 3 | 0 | 
0 | 1 | 0 | 3 | 3 | 4 | 1 | 0 | 0 | 2 | 1 | 1 | 0 | 5 | 2 | 0 | 3 | 4 | 0 | 2 | 2 | 0 | 5 | 1 | 
0 | 3 | 5 | 4 | 3 | 1 | 0 | 0 | 0 | 1 | 2 | 1 | 1 | 0 | 3 | 1 | 1 | 0 | 0 | 5 | 4 | 1 | 0 | 2 | 4 | 
1 | 4 | 4 | 4 | 3 | 5 | 0 | 2 | 2 | 4 | 2 | 1 | 2 | 4 | 3 | 1 | 2 | 5 | 1 | 1 | 2 | 1 | 0 | 1 | 0 | 1 | 
END. 
START for Step 130.
0 | 1 | 5 | 2 | 3 | 3 | 2 | 5 | 0 | 4 | 0 | 4 | 2 | 4 | 0 | 0 | 3 | 0 | 5 | 0 | 1 | 0 | 0 | 2 | 0 | 5 | 
0 | 0 | 4 | 5 | 0 | 4 | 4 | 1 | 0 | 0 | 3 | 2 | 0 | 0 | 4 | 5 | 3 | 0 | 1 | 2 | 4 | 1 | 3 | 3 | 
0 | 4 | 1 | 0 | 2 | 0 | 5 | 0 | 0 | 0 | 3 | 1 | 1 | 0 | 0 | 2 | 3 | 0 | 1 | 0 | 0 | 3 | 0 | 
0 | 3 | 0 | 1 | 0 | 4 | 1 | 5 | 3 | 3 | 0 | 1 | 5 | 1 | 0 | 0 | 2 | 0 | 4 | 5 | 2 | 4 | 1 | 3 | 
0 | 0 | 4 | 3 | 4 | 1 | 2 | 0 | 0 | 0 | 3 | 2 | 0 | 3 | 3 | 1 | 1 | 0 | 1 | 0 | 4 | 1 | 5 | 2 | 
0 | 3 | 2 | 4 | 2 | 0 | 0 | 0 | 3 | 0 | 0 | 5 | 2 | 1 | 5 | 1 | 2 | 1 | 4 | 0 | 1 | 1 | 3 | 0 | 
0 | 4 | 1 | 3 | 1 | 0 | 0 | 0 | 5 | 1 | 2 | 4 | 1 | 0 | 2 | 0 | 1 | 3 | 0 | 0 | 4 | 1 | 3 | 5 | 1 | 
1 | 3 | 5 | 5 | 1 | 2 | 4 | 0 | 1 | 1 | 1 | 0 | 4 | 1 | 0 | 2 | 2 | 1 | 4 | 2 | 4 | 1 | 2 | 2 | 4 | 3 | 
END. 
START for Step 140.
0 | 4 | 5 | 4 | 0 | 1 | 2 | 2 | 0 | 5 | 0 | 2 | 5 | 0 | 3 | 0 | 0 | 1 | 0 | 3 | 1 | 0 | 0 | 4 | 5 | 2 | 
0 | 0 | 0 | 4 | 0 | 0 | 0 | 0 | 5 | 3 | 3 | 1 | 3 | 0 | 4 | 3 | 4 | 4 | 4 | 1 | 2 | 5 | 2 | 1 | 
0 | 0 | 2 | 1 | 3 | 0 | 4 | 0 | 0 | 1 | 0 | 3 | 3 | 0 | 1 | 5 | 0 | 0 | 0 | 2 | 1 | 0 | 0 | 
0 | 5 | 0 | 3 | 3 | 5 | 1 | 3 | 2 | 4 | 3 | 0 | 0 | 1 | 1 | 1 | 2 | 0 | 4 | 5 | 0 | 0 | 1 | 4 | 
0 | 0 | 4 | 4 | 0 | 0 | 0 | 2 | 3 | 3 | 1 | 1 | 1 | 2 | 0 | 1 | 5 | 3 | 4 | 3 | 1 | 0 | 0 | 2 | 
0 | 5 | 2 | 2 | 0 | 0 | 3 | 1 | 4 | 5 | 1 | 2 | 0 | 4 | 0 | 3 | 0 | 1 | 0 | 1 | 1 | 3 | 0 | 
0 | 0 | 1 | 1 | 1 | 5 | 4 | 1 | 3 | 2 | 3 | 1 | 3 | 1 | 0 | 2 | 5 | 0 | 1 | 0 | 0 | 4 | 4 | 0 | 0 | 
1 | 0 | 1 | 0 | 3 | 4 | 1 | 1 | 1 | 3 | 4 | 1 | 0 | 1 | 2 | 1 | 1 | 5 | 4 | 0 | 2 | 0 | 2 | 4 | 5 | 
END. 
START for Step 150.
0 | 0 | 5 | 5 | 0 | 4 | 0 | 5 | 3 | 1 | 0 | 4 | 0 | 4 | 3 | 1 | 2 | 0 | 2 | 2 | 0 | 2 | 5 | 0 | 4 | 0 | 
0 | 0 | 3 | 4 | 0 | 0 | 3 | 1 | 4 | 3 | 0 | 5 | 0 | 4 | 1 | 5 | 0 | 0 | 1 | 2 | 3 | 4 | 2 | 4 | 
0 | 0 | 0 | 1 | 1 | 0 | 0 | 0 | 1 | 3 | 2 | 4 | 5 | 0 | 2 | 3 | 0 | 3 | 0 | 0 | 0 | 0 | 1 | 
0 | 5 | 3 | 3 | 0 | 5 | 1 | 1 | 0 | 1 | 3 | 3 | 0 | 0 | 4 | 0 | 2 | 1 | 4 | 5 | 4 | 2 | 0 | 1 | 
0 | 0 | 2 | 4 | 0 | 0 | 5 | 0 | 3 | 3 | 0 | 0 | 1 | 1 | 3 | 4 | 1 | 2 | 1 | 0 | 2 | 1 | 4 | 3 | 
0 | 0 | 0 | 2 | 4 | 5 | 3 | 3 | 0 | 5 | 0 | 1 | 3 | 0 | 0 | 4 | 2 | 2 | 1 | 1 | 0 | 1 | 1 | 
0 | 5 | 1 | 1 | 0 | 0 | 5 | 0 | 0 | 0 | 2 | 1 | 4 | 2 | 0 | 3 | 1 | 1 | 1 | 3 | 4 | 0 | 3 | 1 | 4 | 
1 | 4 | 0 | 0 | 1 | 0 | 4 | 4 | 1 | 3 | 3 | 0 | 1 | 2 | 0 | 1 | 1 | 1 | 1 | 2 | 5 | 4 | 5 | 2 | 1 | 
END. 
START for Step 160.
0 | 1 | 0 | 5 | 2 | 0 | 2 | 1 | 0 | 4 | 1 | 3 | 0 | 3 | 3 | 0 | 0 | 0 | 0 | 1 | 3 | 0 | 0 | 
0 | 4 | 4 | 5 | 0 | 0 | 3 | 4 | 0 | 1 | 4 | 0 | 3 | 0 | 1 | 4 | 3 | 3 | 2 | 0 | 5 | 1 | 2 | 0 | 
0 | 0 | 2 | 2 | 0 | 1 | 5 | 0 | 0 | 4 | 0 | 0 | 0 | 1 | 3 | 0 | 1 | 1 | 0 | 0 | 0 | 3 | 
0 | 1 | 2 | 0 | 0 | 1 | 3 | 0 | 1 | 5 | 4 | 1 | 3 | 5 | 1 | 3 | 2 | 0 | 0 | 4 | 0 | 4 | 5 | 
0 | 4 | 4 | 2 | 3 | 1 | 5 | 0 | 1 | 0 | 2 | 0 | 0 | 4 | 1 | 1 | 0 | 3 | 2 | 3 | 1 | 0 | 0 | 
0 | 1 | 1 | 2 | 1 | 5 | 0 | 3 | 5 | 0 | 0 | 3 | 0 | 0 | 3 | 2 | 2 | 1 | 4 | 4 | 0 | 1 | 0 | 
0 | 1 | 1 | 1 | 2 | 2 | 5 | 0 | 0 | 0 | 4 | 1 | 5 | 0 | 1 | 1 | 3 | 4 | 0 | 3 | 0 | 0 | 3 | 4 | 1 | 
1 | 1 | 5 | 0 | 1 | 1 | 3 | 2 | 0 | 0 | 1 | 1 | 0 | 4 | 4 | 0 | 1 | 4 | 2 | 1 | 1 | 5 | 4 | 2 | 3 | 
END. 
START for Step 170.
0 | 0 | 0 | 2 | 0 | 0 | 2 | 1 | 5 | 3 | 3 | 4 | 0 | 0 | 0 | 0 | 2 | 3 | 3 | 1 | 0 | 0 | 1 | 
0 | 3 | 3 | 0 | 4 | 3 | 0 | 5 | 4 | 0 | 0 | 2 | 1 | 1 | 0 | 2 | 5 | 0 | 0 | 4 | 2 | 4 | 3 | 4 | 
0 | 0 | 3 | 0 | 5 | 1 | 1 | 2 | 2 | 4 | 1 | 0 | 0 | 0 | 0 | 3 | 0 | 1 | 0 | 0 | 0 | 0 | 
0 | 2 | 5 | 0 | 3 | 0 | 0 | 1 | 1 | 0 | 0 | 2 | 4 | 5 | 5 | 0 | 1 | 3 | 4 | 4 | 2 | 3 | 1 | 
0 | 1 | 1 | 0 | 1 | 3 | 0 | 5 | 4 | 0 | 0 | 1 | 0 | 0 | 3 | 3 | 0 | 2 | 4 | 1 | 2 | 4 | 2 | 
0 | 1 | 2 | 0 | 0 | 5 | 4 | 1 | 3 | 2 | 3 | 3 | 0 | 5 | 1 | 4 | 0 | 1 | 2 | 0 | 1 | 0 | 0 | 
0 | 3 | 1 | 5 | 2 | 2 | 0 | 5 | 1 | 4 | 4 | 0 | 0 | 0 | 4 | 3 | 0 | 1 | 1 | 1 | 3 | 0 | 1 | 1 | 0 | 
1 | 4 | 1 | 4 | 2 | 3 | 1 | 0 | 1 | 1 | 1 | 2 | 4 | 0 | 0 | 2 | 1 | 4 | 3 | 1 | 0 | 5 | 5 | 0 | 1 | 
END. 
START for Step 180.
0 | 3 | 2 | 2 | 1 | 0 | 0 | 0 | 0 | 2 | 3 | 0 | 0 | 0 | 3 | 1 | 4 | 0 | 3 | 0 | 0 | 5 | 1 | 
0 | 0 | 0 | 4 | 5 | 0 | 3 | 0 | 3 | 4 | 2 | 2 | 0 | 3 | 2 | 1 | 1 | 0 | 4 | 5 | 3 | 4 | 0 | 4 | 
0 | 4 | 0 | 0 | 0 | 0 | 0 | 3 | 5 | 1 | 1 | 0 | 0 | 0 | 0 | 3 | 1 | 2 | 1 | 0 | 2 | 0 | 
0 | 1 | 1 | 1 | 5 | 3 | 5 | 2 | 0 | 0 | 4 | 0 | 5 | 2 | 0 | 4 | 4 | 3 | 0 | 3 | 2 | 0 | 1 | 
0 | 0 | 2 | 5 | 3 | 0 | 2 | 0 | 1 | 1 | 1 | 0 | 1 | 0 | 0 | 3 | 2 | 1 | 0 | 4 | 3 | 4 | 4 | 
0 | 3 | 1 | 3 | 4 | 5 | 0 | 0 | 2 | 0 | 2 | 4 | 1 | 1 | 3 | 0 | 0 | 0 | 2 | 1 | 5 | 1 | 2 | 0 | 
0 | 4 | 1 | 5 | 3 | 0 | 1 | 5 | 1 | 2 | 4 | 3 | 0 | 3 | 4 | 0 | 0 | 0 | 0 | 1 | 1 | 2 | 1 | 1 | 0 | 
1 | 1 | 2 | 5 | 5 | 1 | 0 | 3 | 1 | 5 | 5 | 0 | 0 | 5 | 0 | 2 | 1 | 0 | 1 | 1 | 1 | 3 | 1 | 1 | 3 | 2 | 
END. 
START for Step 190.
0 | 3 | 0 | 1 | 5 | 2 | 0 | 0 | 3 | 0 | 1 | 2 | 2 | 0 | 4 | 0 | 3 | 0 | 1 | 0 | 0 | 3 | 0 | 
0 | 4 | 3 | 0 | 0 | 0 | 4 | 2 | 1 | 2 | 4 | 4 | 5 | 4 | 3 | 1 | 0 | 3 | 2 | 0 | 0 | 5 | 0 | 3 | 
0 | 1 | 1 | 0 | 2 | 0 | 0 | 0 | 1 | 0 | 0 | 0 | 2 | 5 | 0 | 0 | 3 | 1 | 3 | 0 | 4 | 0 | 
0 | 3 | 3 | 4 | 0 | 1 | 5 | 0 | 2 | 0 | 2 | 5 | 1 | 1 | 0 | 0 | 4 | 5 | 2 | 4 | 0 | 1 | 3 | 
0 | 4 | 3 | 2 | 4 | 2 | 0 | 3 | 4 | 0 | 0 | 1 | 1 | 1 | 0 | 1 | 1 | 0 | 5 | 0 | 3 | 0 | 2 | 
0 | 2 | 5 | 0 | 2 | 1 | 5 | 1 | 2 | 3 | 1 | 0 | 1 | 0 | 1 | 0 | 0 | 2 | 4 | 3 | 0 | 4 | 3 | 0 | 
0 | 1 | 0 | 1 | 1 | 0 | 0 | 1 | 4 | 0 | 4 | 0 | 2 | 2 | 3 | 0 | 5 | 1 | 3 | 0 | 5 | 1 | 3 | 4 | 1 | 
1 | 1 | 1 | 0 | 3 | 2 | 0 | 1 | 1 | 5 | 2 | 0 | 2 | 5 | 3 | 5 | 1 | 1 | 5 | 0 | 0 | 5 | 1 | 1 | 1 | 3 | 
END. 
START for Step 200.
0 | 2 | 1 | 0 | 1 | 3 | 0 | 3 | 0 | 0 | 0 | 3 | 3 | 0 | 5 | 2 | 0 | 1 | 0 | 4 | 0 | 0 | 2 | 
0 | 4 | 0 | 1 | 3 | 2 | 3 | 0 | 0 | 0 | 4 | 2 | 0 | 0 | 3 | 2 | 4 | 0 | 4 | 1 | 3 | 5 | 5 | 4 | 
0 | 5 | 0 | 1 | 0 | 3 | 0 | 0 | 3 | 4 | 1 | 0 | 2 | 0 | 1 | 1 | 0 | 0 | 0 | 0 | 0 | 2 | 
0 | 0 | 4 | 0 | 1 | 2 | 2 | 4 | 5 | 3 | 5 | 0 | 1 | 3 | 0 | 1 | 5 | 2 | 4 | 3 | 0 | 0 | 1 | 
0 | 1 | 2 | 0 | 5 | 0 | 1 | 1 | 1 | 0 | 0 | 0 | 4 | 0 | 4 | 2 | 3 | 0 | 4 | 1 | 2 | 3 | 3 | 
0 | 0 | 0 | 4 | 3 | 3 | 2 | 1 | 5 | 0 | 3 | 2 | 1 | 2 | 1 | 5 | 2 | 0 | 0 | 1 | 0 | 0 | 4 | 1 | 
0 | 2 | 0 | 0 | 5 | 0 | 1 | 3 | 3 | 0 | 1 | 4 | 1 | 4 | 1 | 1 | 4 | 0 | 5 | 1 | 0 | 1 | 3 | 0 | 2 | 
1 | 0 | 0 | 5 | 2 | 5 | 0 | 5 | 0 | 1 | 1 | 1 | 0 | 3 | 2 | 1 | 5 | 2 | 1 | 1 | 1 | 3 | 1 | 1 | 3 | 5 | 
END. 
START for Step 210.
0 | 1 | 0 | 1 | 5 | 3 | 3 | 0 | 3 | 0 | 1 | 0 | 0 | 2 | 4 | 0 | 0 | 2 | 0 | 0 | 0 | 3 | 2 | 
0 | 3 | 0 | 1 | 0 | 3 | 4 | 3 | 4 | 0 | 0 | 0 | 1 | 4 | 5 | 2 | 0 | 4 | 2 | 5 | 3 | 0 | 2 | 4 | 
0 | 1 | 0 | 2 | 0 | 4 | 0 | 1 | 3 | 0 | 3 | 0 | 0 | 0 | 2 | 0 | 0 | 1 | 0 | 0 | 1 | 5 | 
0 | 1 | 3 | 4 | 0 | 2 | 3 | 2 | 1 | 5 | 1 | 4 | 0 | 2 | 0 | 5 | 5 | 1 | 0 | 3 | 0 | 4 | 0 | 
0 | 5 | 3 | 2 | 4 | 0 | 0 | 1 | 4 | 1 | 0 | 0 | 2 | 1 | 3 | 4 | 0 | 0 | 3 | 2 | 0 | 1 | 1 | 
0 | 3 | 5 | 0 | 2 | 3 | 3 | 1 | 2 | 2 | 0 | 0 | 5 | 1 | 0 | 1 | 1 | 1 | 0 | 2 | 4 | 0 | 4 | 0 | 
0 | 5 | 0 | 1 | 0 | 4 | 3 | 1 | 1 | 0 | 1 | 0 | 1 | 0 | 0 | 1 | 2 | 4 | 5 | 4 | 3 | 1 | 0 | 3 | 2 | 
1 | 5 | 1 | 0 | 3 | 2 | 1 | 5 | 1 | 5 | 2 | 1 | 0 | 2 | 1 | 1 | 1 | 3 | 0 | 1 | 5 | 5 | 1 | 3 | 0 | 0 | 
END. 
START for Step 220.
0 | 0 | 0 | 4 | 0 | 3 | 1 | 0 | 0 | 0 | 2 | 1 | 1 | 0 | 0 | 2 | 5 | 0 | 3 | 0 | 3 | 2 | 3 | 
0 | 2 | 4 | 1 | 0 | 0 | 3 | 3 | 0 | 0 | 4 | 5 | 4 | 3 | 0 | 2 | 0 | 0 | 5 | 2 | 3 | 4 | 4 | 1 | 
0 | 0 | 0 | 1 | 4 | 0 | 1 | 0 | 3 | 0 | 2 | 0 | 0 | 0 | 1 | 0 | 2 | 0 | 3 | 1 | 5 | 0 | 
0 | 5 | 2 | 4 | 0 | 4 | 3 | 5 | 1 | 1 | 0 | 1 | 3 | 5 | 0 | 1 | 0 | 4 | 2 | 3 | 0 | 2 | 0 | 
0 | 0 | 4 | 1 | 0 | 0 | 2 | 3 | 1 | 0 | 0 | 5 | 2 | 0 | 2 | 4 | 3 | 1 | 1 | 4 | 1 | 0 | 3 | 
0 | 1 | 1 | 0 | 4 | 3 | 0 | 5 | 1 | 0 | 0 | 3 | 1 | 0 | 0 | 5 | 2 | 1 | 2 | 4 | 2 | 2 | 0 | 3 | 
0 | 4 | 1 | 0 | 0 | 4 | 0 | 3 | 1 | 5 | 5 | 2 | 0 | 1 | 0 | 4 | 1 | 1 | 3 | 3 | 1 | 1 | 2 | 0 | 0 | 
1 | 0 | 1 | 1 | 0 | 1 | 0 | 1 | 5 | 1 | 1 | 5 | 5 | 3 | 2 | 3 | 0 | 5 | 2 | 3 | 1 | 0 | 5 | 1 | 2 | 1 | 
END. 
START for Step 230.
0 | 3 | 3 | 2 | 2 | 5 | 0 | 0 | 0 | 1 | 4 | 3 | 0 | 2 | 0 | 0 | 1 | 0 | 0 | 3 | 1 | 0 | 0 | 
0 | 0 | 2 | 5 | 4 | 0 | 0 | 0 | 5 | 0 | 3 | 1 | 1 | 3 | 4 | 3 | 2 | 4 | 4 | 0 | 3 | 4 | 0 | 2 | 
0 | 4 | 2 | 5 | 0 | 2 | 0 | 0 | 0 | 0 | 0 | 0 | 4 | 0 | 1 | 0 | 0 | 1 | 1 | 1 | 3 | 0 | 
0 | 4 | 0 | 0 | 1 | 0 | 5 | 5 | 4 | 4 | 2 | 2 | 1 | 0 | 3 | 0 | 2 | 1 | 0 | 3 | 3 | 1 | 5 | 
0 | 0 | 1 | 1 | 2 | 4 | 0 | 3 | 0 | 1 | 2 | 1 | 0 | 1 | 3 | 2 | 4 | 0 | 3 | 4 | 5 | 0 | 0 | 
0 | 3 | 1 | 0 | 1 | 2 | 0 | 4 | 5 | 1 | 0 | 0 | 3 | 2 | 0 | 2 | 1 | 0 | 4 | 5 | 2 | 3 | 0 | 1 | 
0 | 4 | 3 | 2 | 2 | 1 | 1 | 5 | 3 | 0 | 3 | 0 | 0 | 0 | 1 | 0 | 1 | 4 | 1 | 0 | 0 | 1 | 5 | 1 | 4 | 
1 | 1 | 0 | 3 | 2 | 3 | 1 | 1 | 0 | 5 | 0 | 1 | 2 | 5 | 5 | 1 | 3 | 5 | 1 | 2 | 0 | 1 | 1 | 5 | 1 | 0 | 
END. 
START for Step 240.
0 | 5 | 2 | 1 | 0 | 4 | 0 | 0 | 3 | 2 | 0 | 1 | 3 | 3 | 3 | 0 | 1 | 0 | 0 | 0 | 0 | 2 | 0 | 
0 | 0 | 4 | 4 | 3 | 1 | 4 | 0 | 4 | 0 | 0 | 1 | 5 | 2 | 0 | 3 | 2 | 0 | 3 | 3 | 0 | 5 | 4 | 2 | 
0 | 2 | 0 | 0 | 0 | 0 | 1 | 0 | 1 | 0 | 0 | 2 | 4 | 0 | 1 | 0 | 1 | 4 | 3 | 0 | 5 | 0 | 
0 | 0 | 1 | 1 | 4 | 2 | 5 | 3 | 1 | 0 | 4 | 2 | 0 | 0 | 4 | 3 | 0 | 5 | 1 | 3 | 2 | 0 | 5 | 
0 | 4 | 1 | 1 | 4 | 0 | 4 | 2 | 0 | 2 | 0 | 4 | 1 | 0 | 2 | 0 | 5 | 3 | 1 | 0 | 3 | 1 | 0 | 
0 | 2 | 0 | 1 | 0 | 1 | 5 | 2 | 1 | 4 | 0 | 3 | 1 | 0 | 0 | 2 | 0 | 4 | 5 | 2 | 0 | 4 | 0 | 1 | 
0 | 1 | 0 | 3 | 0 | 1 | 0 | 1 | 1 | 0 | 0 | 0 | 2 | 0 | 4 | 4 | 1 | 4 | 5 | 5 | 1 | 1 | 0 | 2 | 4 | 
1 | 3 | 5 | 2 | 5 | 1 | 1 | 0 | 1 | 2 | 0 | 0 | 2 | 4 | 1 | 0 | 1 | 3 | 5 | 1 | 5 | 1 | 5 | 1 | 1 | 0 | 
END. 
START for Step 250.
0 | 0 | 0 | 1 | 3 | 0 | 0 | 2 | 2 | 0 | 0 | 0 | 0 | 4 | 3 | 0 | 1 | 4 | 1 | 5 | 2 | 0 | 3 | 
0 | 0 | 4 | 4 | 0 | 4 | 5 | 4 | 4 | 3 | 3 | 2 | 2 | 0 | 1 | 2 | 3 | 4 | 1 | 0 | 0 | 0 | 5 | 0 | 
0 | 0 | 0 | 0 | 1 | 3 | 0 | 2 | 5 | 4 | 1 | 0 | 1 | 1 | 0 | 0 | 0 | 0 | 2 | 0 | 0 | 4 | 
0 | 5 | 3 | 4 | 3 | 2 | 0 | 1 | 0 | 0 | 2 | 3 | 5 | 0 | 0 | 4 | 4 | 1 | 2 | 5 | 1 | 0 | 1 | 
0 | 0 | 2 | 2 | 4 | 0 | 4 | 4 | 1 | 1 | 3 | 0 | 0 | 1 | 1 | 1 | 0 | 0 | 5 | 4 | 2 | 3 | 0 | 
0 | 5 | 0 | 0 | 2 | 0 | 1 | 1 | 0 | 2 | 5 | 1 | 2 | 4 | 0 | 1 | 0 | 3 | 0 | 4 | 2 | 1 | 4 | 0 | 
0 | 0 | 1 | 0 | 1 | 1 | 1 | 2 | 0 | 2 | 1 | 4 | 4 | 0 | 0 | 4 | 3 | 0 | 0 | 5 | 5 | 1 | 1 | 0 | 4 | 
1 | 0 | 3 | 0 | 1 | 1 | 1 | 4 | 5 | 1 | 5 | 1 | 0 | 5 | 0 | 1 | 0 | 5 | 2 | 2 | 1 | 5 | 3 | 2 | 1 | 1 | 
END. 
START for Step 260.
0 | 0 | 0 | 5 | 0 | 1 | 4 | 3 | 3 | 0 | 3 | 0 | 1 | 0 | 1 | 2 | 0 | 4 | 2 | 0 | 0 | 2 | 0 | 
0 | 0 | 1 | 0 | 0 | 3 | 2 | 4 | 0 | 1 | 3 | 5 | 5 | 2 | 3 | 1 | 3 | 0 | 4 | 4 | 0 | 0 | 3 | 3 | 
0 | 0 | 3 | 1 | 0 | 1 | 4 | 0 | 0 | 0 | 0 | 0 | 0 | 2 | 1 | 0 | 2 | 1 | 4 | 0 | 5 | 0 | 
0 | 3 | 0 | 0 | 2 | 0 | 1 | 4 | 3 | 5 | 4 | 2 | 4 | 5 | 5 | 1 | 0 | 3 | 2 | 1 | 0 | 2 | 1 | 0 | 
0 | 0 | 4 | 3 | 4 | 5 | 1 | 4 | 0 | 0 | 1 | 4 | 2 | 0 | 0 | 3 | 0 | 0 | 1 | 2 | 1 | 1 | 
0 | 0 | 0 | 2 | 2 | 4 | 4 | 0 | 2 | 0 | 5 | 1 | 0 | 1 | 0 | 0 | 1 | 5 | 3 | 4 | 2 | 1 | 0 | 1 | 
0 | 1 | 1 | 4 | 1 | 0 | 0 | 5 | 0 | 1 | 4 | 0 | 4 | 1 | 0 | 4 | 5 | 0 | 2 | 0 | 0 | 1 | 1 | 2 | 3 | 
1 | 3 | 1 | 5 | 3 | 1 | 1 | 5 | 1 | 1 | 1 | 0 | 0 | 1 | 0 | 0 | 1 | 2 | 4 | 1 | 2 | 5 | 0 | 5 | 2 | 5 | 
END. 
START for Step 270.
0 | 0 | 0 | 2 | 4 | 3 | 2 | 5 | 2 | 0 | 0 | 1 | 0 | 0 | 0 | 3 | 3 | 0 | 0 | 0 | 1 | 4 | 1 | 
0 | 1 | 0 | 0 | 3 | 0 | 0 | 3 | 0 | 5 | 3 | 2 | 4 | 0 | 1 | 0 | 5 | 3 | 1 | 3 | 3 | 4 | 4 | 2 | 
0 | 3 | 0 | 2 | 4 | 2 | 5 | 0 | 0 | 0 | 0 | 1 | 0 | 3 | 1 | 1 | 4 | 0 | 0 | 0 | 0 | 0 | 
0 | 5 | 0 | 4 | 1 | 0 | 0 | 3 | 5 | 1 | 2 | 3 | 1 | 0 | 3 | 0 | 4 | 2 | 2 | 5 | 4 | 2 | 1 | 0 | 
0 | 0 | 0 | 1 | 0 | 4 | 1 | 0 | 4 | 3 | 2 | 0 | 4 | 1 | 3 | 3 | 0 | 1 | 2 | 0 | 5 | 4 | 
0 | 0 | 3 | 1 | 0 | 0 | 2 | 0 | 0 | 5 | 0 | 1 | 5 | 1 | 4 | 2 | 2 | 2 | 4 | 0 | 1 | 0 | 3 | 4 | 
0 | 1 | 4 | 2 | 0 | 4 | 1 | 2 | 1 | 0 | 0 | 1 | 1 | 0 | 1 | 4 | 4 | 1 | 0 | 5 | 3 | 0 | 0 | 5 | 0 | 
1 | 1 | 0 | 4 | 1 | 1 | 5 | 3 | 3 | 0 | 2 | 1 | 1 | 2 | 0 | 1 | 5 | 0 | 5 | 1 | 1 | 5 | 0 | 2 | 5 | 1 | 
END. 
START for Step 280.
0 | 0 | 0 | 1 | 2 | 3 | 0 | 2 | 0 | 2 | 3 | 3 | 0 | 0 | 1 | 4 | 0 | 0 | 0 | 5 | 0 | 4 | 1 | 
0 | 5 | 4 | 0 | 0 | 5 | 0 | 0 | 3 | 1 | 3 | 3 | 3 | 3 | 0 | 1 | 0 | 2 | 2 | 4 | 1 | 0 | 4 | 3 | 
0 | 4 | 0 | 2 | 1 | 0 | 2 | 0 | 5 | 1 | 4 | 0 | 0 | 0 | 0 | 0 | 0 | 1 | 3 | 3 | 0 | 0 | 
0 | 2 | 5 | 1 | 1 | 0 | 4 | 1 | 0 | 3 | 0 | 3 | 2 | 1 | 1 | 5 | 4 | 2 | 0 | 3 | 0 | 0 | 2 | 4 | 
0 | 3 | 0 | 5 | 1 | 0 | 1 | 4 | 0 | 0 | 3 | 2 | 0 | 1 | 4 | 4 | 3 | 0 | 4 | 0 | 0 | 2 | 
0 | 2 | 5 | 4 | 2 | 3 | 1 | 0 | 0 | 2 | 0 | 1 | 4 | 0 | 0 | 0 | 0 | 1 | 5 | 0 | 2 | 4 | 3 | 0 | 
0 | 1 | 0 | 5 | 4 | 4 | 4 | 2 | 0 | 2 | 1 | 4 | 3 | 0 | 0 | 1 | 5 | 0 | 1 | 0 | 1 | 1 | 0 | 0 | 0 | 
1 | 5 | 0 | 5 | 5 | 5 | 0 | 0 | 4 | 3 | 1 | 1 | 5 | 0 | 2 | 2 | 1 | 1 | 1 | 1 | 1 | 1 | 3 | 0 | 2 | 0 | 
END. 
START for Step 290.
0 | 4 | 0 | 4 | 2 | 3 | 0 | 0 | 0 | 1 | 0 | 0 | 2 | 5 | 3 | 3 | 0 | 2 | 0 | 1 | 1 | 0 | 0 | 
0 | 2 | 1 | 4 | 0 | 3 | 0 | 5 | 3 | 5 | 4 | 2 | 3 | 0 | 0 | 1 | 3 | 1 | 0 | 4 | 3 | 3 | 0 | 0 | 
0 | 0 | 0 | 4 | 5 | 1 | 3 | 0 | 0 | 0 | 0 | 2 | 1 | 4 | 3 | 2 | 1 | 0 | 0 | 0 | 0 | 0 | 
0 | 0 | 5 | 2 | 2 | 4 | 0 | 0 | 4 | 0 | 2 | 5 | 1 | 2 | 1 | 0 | 3 | 0 | 3 | 4 | 1 | 3 | 1 | 1 | 
0 | 4 | 0 | 0 | 3 | 1 | 1 | 1 | 0 | 3 | 0 | 5 | 4 | 0 | 4 | 4 | 0 | 0 | 3 | 2 | 0 | 2 | 
0 | 0 | 3 | 2 | 0 | 0 | 2 | 4 | 4 | 5 | 4 | 1 | 1 | 2 | 2 | 0 | 0 | 1 | 5 | 0 | 0 | 0 | 3 | 0 | 
0 | 0 | 5 | 0 | 1 | 0 | 2 | 4 | 4 | 0 | 0 | 0 | 5 | 1 | 3 | 1 | 1 | 4 | 1 | 2 | 0 | 0 | 0 | 4 | 1 | 
1 | 1 | 1 | 2 | 5 | 1 | 5 | 0 | 0 | 0 | 0 | 5 | 1 | 5 | 5 | 3 | 1 | 1 | 1 | 4 | 1 | 0 | 2 | 3 | 0 | 2 | 
END. 
START for Step 300.
0 | 3 | 2 | 2 | 1 | 0 | 0 | 0 | 0 | 3 | 0 | 0 | 1 | 1 | 4 | 5 | 0 | 4 | 0 | 3 | 2 | 0 | 0 | 
0 | 3 | 0 | 3 | 4 | 2 | 4 | 0 | 3 | 1 | 1 | 2 | 3 | 0 | 3 | 0 | 0 | 4 | 1 | 5 | 5 | 0 | 3 | 0 | 
0 | 4 | 2 | 5 | 0 | 1 | 1 | 0 | 3 | 1 | 3 | 4 | 0 | 0 | 0 | 0 | 0 | 0 | 0 | 2 | 0 | 0 | 
0 | 0 | 0 | 1 | 2 | 3 | 0 | 3 | 0 | 2 | 0 | 1 | 1 | 4 | 4 | 0 | 1 | 2 | 5 | 5 | 4 | 1 | 2 | 3 | 
0 | 0 | 1 | 5 | 4 | 3 | 0 | 0 | 4 | 0 | 3 | 4 | 2 | 2 | 1 | 4 | 0 | 0 | 0 | 0 | 1 | 3 | 
0 | 0 | 1 | 0 | 4 | 1 | 5 | 2 | 1 | 0 | 2 | 4 | 2 | 0 | 0 | 0 | 0 | 2 | 3 | 3 | 0 | 5 | 4 | 0 | 
0 | 4 | 2 | 2 | 5 | 1 | 4 | 3 | 1 | 1 | 0 | 1 | 0 | 0 | 1 | 0 | 0 | 1 | 4 | 0 | 5 | 0 | 4 | 0 | 0 | 
1 | 1 | 4 | 5 | 1 | 1 | 5 | 5 | 1 | 1 | 0 | 5 | 1 | 2 | 2 | 0 | 1 | 3 | 0 | 2 | 1 | 0 | 0 | 5 | 0 | 3 | 
END. 
START for Step 310.
0 | 0 | 5 | 0 | 2 | 0 | 3 | 0 | 0 | 2 | 1 | 0 | 1 | 0 | 1 | 4 | 4 | 0 | 3 | 2 | 0 | 0 | 3 | 
0 | 0 | 0 | 3 | 0 | 0 | 3 | 3 | 3 | 3 | 1 | 0 | 3 | 2 | 1 | 4 | 0 | 4 | 5 | 5 | 0 | 4 | 2 | 1 | 
0 | 0 | 0 | 2 | 0 | 4 | 4 | 3 | 0 | 5 | 0 | 3 | 5 | 0 | 0 | 0 | 0 | 0 | 2 | 1 | 0 | 1 | 
0 | 3 | 0 | 2 | 0 | 1 | 2 | 0 | 0 | 4 | 0 | 1 | 0 | 1 | 5 | 1 | 4 | 2 | 5 | 4 | 1 | 3 | 2 | 3 | 
0 | 4 | 3 | 2 | 3 | 0 | 0 | 0 | 5 | 2 | 0 | 4 | 0 | 0 | 5 | 1 | 0 | 0 | 1 | 3 | 4 | 4 | 
0 | 0 | 2 | 4 | 5 | 0 | 2 | 0 | 4 | 1 | 0 | 0 | 0 | 2 | 0 | 3 | 0 | 4 | 0 | 3 | 5 | 5 | 1 | 2 | 
0 | 0 | 1 | 0 | 2 | 1 | 1 | 4 | 0 | 3 | 2 | 0 | 1 | 4 | 0 | 0 | 4 | 5 | 5 | 0 | 0 | 0 | 4 | 1 | 1 | 
1 | 0 | 1 | 4 | 0 | 5 | 1 | 5 | 3 | 1 | 5 | 1 | 1 | 0 | 2 | 0 | 1 | 2 | 0 | 1 | 5 | 0 | 1 | 2 | 1 | 0 | 
END. 
START for Step 320.
0 | 3 | 2 | 3 | 3 | 0 | 5 | 4 | 0 | 0 | 0 | 2 | 0 | 1 | 0 | 0 | 0 | 4 | 1 | 0 | 2 | 1 | 0 | 
0 | 3 | 0 | 1 | 5 | 4 | 0 | 0 | 3 | 0 | 2 | 3 | 3 | 1 | 5 | 3 | 4 | 1 | 3 | 0 | 0 | 4 | 0 | 2 | 
0 | 4 | 2 | 1 | 1 | 0 | 0 | 0 | 5 | 0 | 0 | 3 | 0 | 0 | 0 | 0 | 0 | 4 | 2 | 0 | 5 | 3 | 
0 | 0 | 3 | 4 | 3 | 0 | 4 | 2 | 3 | 2 | 0 | 1 | 4 | 5 | 2 | 5 | 1 | 2 | 1 | 1 | 1 | 0 | 0 | 0 | 
0 | 0 | 4 | 1 | 3 | 4 | 1 | 3 | 4 | 5 | 0 | 2 | 0 | 0 | 0 | 0 | 0 | 3 | 2 | 5 | 0 | 4 | 
0 | 0 | 5 | 2 | 5 | 2 | 0 | 4 | 0 | 1 | 0 | 3 | 0 | 0 | 0 | 1 | 3 | 0 | 0 | 2 | 0 | 4 | 5 | 4 | 
0 | 4 | 5 | 4 | 1 | 1 | 0 | 0 | 0 | 1 | 2 | 4 | 0 | 1 | 0 | 3 | 0 | 0 | 0 | 1 | 1 | 5 | 4 | 0 | 0 | 
1 | 5 | 0 | 0 | 1 | 1 | 1 | 1 | 4 | 0 | 0 | 1 | 1 | 1 | 0 | 1 | 5 | 2 | 2 | 1 | 2 | 5 | 0 | 0 | 3 | 1 | 
END. 
START for Step 330.
0 | 2 | 2 | 1 | 1 | 0 | 4 | 0 | 3 | 0 | 4 | 0 | 5 | 3 | 0 | 3 | 2 | 0 | 0 | 1 | 0 | 0 | 0 | 
0 | 3 | 0 | 0 | 1 | 3 | 3 | 1 | 4 | 0 | 2 | 1 | 0 | 2 | 0 | 5 | 0 | 3 | 0 | 3 | 5 | 4 | 4 | 3 | 
0 | 5 | 0 | 2 | 0 | 0 | 0 | 3 | 0 | 4 | 5 | 1 | 0 | 0 | 0 | 4 | 2 | 0 | 0 | 1 | 3 | 0 | 
0 | 0 | 1 | 0 | 5 | 4 | 1 | 2 | 2 | 0 | 0 | 3 | 1 | 4 | 2 | 0 | 4 | 3 | 1 | 2 | 5 | 1 | 3 | 0 | 
0 | 5 | 2 | 0 | 2 | 0 | 0 | 3 | 4 | 4 | 0 | 1 | 4 | 4 | 1 | 0 | 3 | 0 | 5 | 3 | 0 | 0 | 
0 | 0 | 0 | 5 | 0 | 0 | 0 | 0 | 3 | 2 | 5 | 2 | 3 | 0 | 1 | 2 | 0 | 0 | 4 | 0 | 4 | 5 | 4 | 1 | 
0 | 2 | 1 | 5 | 0 | 0 | 0 | 1 | 0 | 1 | 4 | 0 | 4 | 0 | 1 | 1 | 4 | 0 | 4 | 0 | 0 | 5 | 1 | 0 | 3 | 
1 | 0 | 5 | 0 | 2 | 1 | 2 | 1 | 5 | 1 | 0 | 1 | 0 | 1 | 1 | 1 | 1 | 0 | 5 | 2 | 4 | 0 | 0 | 1 | 3 | 1 | 
END. 
START for Step 340.
0 | 1 | 0 | 4 | 3 | 0 | 0 | 0 | 1 | 0 | 0 | 2 | 0 | 2 | 2 | 0 | 1 | 4 | 3 | 5 | 3 | 0 | 0 | 
0 | 2 | 3 | 2 | 0 | 0 | 1 | 4 | 3 | 1 | 4 | 5 | 1 | 0 | 3 | 0 | 3 | 0 | 3 | 4 | 3 | 0 | 5 | 0 | 
0 | 0 | 0 | 0 | 1 | 1 | 0 | 3 | 0 | 0 | 0 | 2 | 0 | 5 | 5 | 2 | 4 | 0 | 0 | 4 | 0 | 3 | 
0 | 0 | 1 | 2 | 1 | 4 | 3 | 3 | 1 | 5 | 1 | 5 | 1 | 2 | 0 | 0 | 0 | 2 | 4 | 2 | 0 | 4 | 3 | 0 | 
0 | 4 | 4 | 2 | 1 | 4 | 3 | 0 | 0 | 5 | 0 | 0 | 0 | 3 | 5 | 3 | 2 | 0 | 0 | 4 | 1 | 0 | 
0 | 0 | 1 | 0 | 0 | 2 | 5 | 1 | 0 | 4 | 0 | 3 | 0 | 4 | 5 | 0 | 5 | 2 | 0 | 3 | 0 | 2 | 0 | 4 | 
0 | 0 | 0 | 1 | 1 | 0 | 1 | 3 | 1 | 5 | 0 | 4 | 0 | 0 | 4 | 2 | 5 | 1 | 0 | 0 | 4 | 1 | 4 | 0 | 0 | 
1 | 1 | 2 | 5 | 1 | 0 | 1 | 1 | 1 | 0 | 0 | 1 | 2 | 2 | 4 | 0 | 0 | 0 | 1 | 1 | 5 | 5 | 1 | 1 | 0 | 3 | 
END. 
START for Step 350.
0 | 2 | 3 | 0 | 0 | 0 | 4 | 0 | 3 | 1 | 4 | 0 | 0 | 1 | 0 | 3 | 1 | 2 | 0 | 0 | 2 | 0 | 5 | 
0 | 3 | 5 | 1 | 0 | 5 | 4 | 4 | 1 | 1 | 4 | 0 | 3 | 3 | 2 | 3 | 3 | 0 | 0 | 0 | 3 | 0 | 2 | 0 | 
0 | 5 | 0 | 5 | 4 | 0 | 1 | 0 | 3 | 1 | 2 | 0 | 0 | 0 | 4 | 0 | 0 | 2 | 0 | 0 | 2 | 0 | 
0 | 0 | 4 | 5 | 0 | 2 | 5 | 3 | 2 | 3 | 1 | 4 | 0 | 2 | 1 | 2 | 4 | 1 | 1 | 3 | 0 | 0 | 1 | 0 | 
0 | 5 | 1 | 0 | 2 | 0 | 3 | 0 | 0 | 4 | 5 | 1 | 0 | 3 | 4 | 0 | 2 | 2 | 0 | 4 | 0 | 4 | 
0 | 0 | 0 | 5 | 2 | 0 | 5 | 3 | 0 | 2 | 4 | 0 | 4 | 4 | 0 | 1 | 0 | 0 | 0 | 0 | 1 | 5 | 2 | 2 | 
0 | 2 | 4 | 0 | 4 | 1 | 0 | 1 | 0 | 1 | 5 | 0 | 0 | 0 | 0 | 1 | 4 | 0 | 1 | 0 | 3 | 5 | 0 | 4 | 1 | 
1 | 0 | 1 | 2 | 0 | 1 | 0 | 1 | 5 | 1 | 0 | 0 | 1 | 3 | 4 | 2 | 5 | 1 | 5 | 2 | 0 | 1 | 0 | 1 | 1 | 1 | 
END. 
START for Step 360.
0 | 1 | 0 | 0 | 0 | 0 | 3 | 0 | 1 | 0 | 2 | 2 | 4 | 0 | 3 | 5 | 3 | 2 | 4 | 0 | 0 | 1 | 0 | 
0 | 3 | 5 | 2 | 4 | 2 | 3 | 0 | 3 | 1 | 0 | 0 | 4 | 3 | 5 | 0 | 0 | 1 | 3 | 0 | 0 | 1 | 4 | 3 | 
0 | 0 | 0 | 2 | 1 | 0 | 4 | 0 | 4 | 0 | 0 | 0 | 2 | 2 | 0 | 0 | 5 | 1 | 5 | 0 | 3 | 0 | 
0 | 1 | 5 | 0 | 0 | 3 | 2 | 1 | 2 | 4 | 5 | 1 | 1 | 0 | 2 | 4 | 0 | 0 | 3 | 0 | 4 | 3 | 1 | 2 | 
0 | 0 | 4 | 0 | 3 | 4 | 0 | 2 | 2 | 2 | 0 | 0 | 0 | 0 | 1 | 4 | 4 | 5 | 1 | 0 | 5 | 3 | 
0 | 0 | 0 | 4 | 5 | 1 | 0 | 0 | 2 | 0 | 0 | 2 | 5 | 3 | 1 | 5 | 2 | 2 | 0 | 0 | 0 | 0 | 4 | 4 | 
0 | 0 | 0 | 0 | 0 | 1 | 1 | 4 | 1 | 1 | 0 | 0 | 4 | 5 | 0 | 3 | 4 | 4 | 1 | 2 | 0 | 0 | 1 | 5 | 0 | 
1 | 2 | 0 | 1 | 3 | 1 | 5 | 5 | 1 | 1 | 2 | 1 | 2 | 0 | 5 | 1 | 1 | 0 | 1 | 2 | 0 | 1 | 0 | 1 | 0 | 4 | 
END. 
START for Step 370.
0 | 0 | 1 | 0 | 3 | 3 | 0 | 1 | 4 | 0 | 2 | 0 | 0 | 0 | 1 | 2 | 5 | 0 | 4 | 0 | 0 | 2 | 3 | 
0 | 3 | 1 | 5 | 1 | 4 | 4 | 5 | 1 | 0 | 3 | 2 | 2 | 3 | 0 | 3 | 0 | 4 | 0 | 0 | 3 | 0 | 0 | 3 | 
0 | 2 | 0 | 4 | 1 | 3 | 0 | 0 | 0 | 2 | 0 | 0 | 0 | 0 | 0 | 5 | 1 | 0 | 0 | 5 | 2 | 4 | 
0 | 0 | 4 | 2 | 3 | 4 | 1 | 2 | 5 | 5 | 0 | 1 | 2 | 2 | 0 | 1 | 1 | 0 | 0 | 3 | 4 | 3 | 0 | 1 | 
0 | 0 | 2 | 2 | 4 | 1 | 0 | 5 | 0 | 0 | 0 | 0 | 3 | 4 | 4 | 2 | 5 | 4 | 3 | 1 | 0 | 0 | 
0 | 4 | 0 | 2 | 2 | 0 | 4 | 3 | 0 | 0 | 5 | 2 | 4 | 1 | 0 | 0 | 0 | 2 | 5 | 0 | 0 | 1 | 5 | 0 | 
0 | 0 | 0 | 1 | 4 | 1 | 1 | 0 | 0 | 0 | 5 | 4 | 0 | 1 | 0 | 0 | 1 | 2 | 1 | 1 | 0 | 0 | 3 | 4 | 4 | 
1 | 3 | 1 | 1 | 2 | 1 | 1 | 0 | 5 | 0 | 2 | 0 | 1 | 4 | 1 | 2 | 5 | 0 | 1 | 1 | 1 | 0 | 1 | 0 | 2 | 1 | 
END. 
START for Step 380.
0 | 1 | 0 | 0 | 2 | 3 | 0 | 0 | 2 | 0 | 4 | 1 | 0 | 3 | 3 | 0 | 5 | 1 | 0 | 4 | 4 | 0 | 0 | 
0 | 3 | 3 | 5 | 4 | 0 | 0 | 2 | 0 | 3 | 3 | 1 | 1 | 3 | 1 | 0 | 4 | 0 | 5 | 4 | 0 | 3 | 0 | 2 | 
0 | 0 | 4 | 2 | 5 | 1 | 5 | 0 | 4 | 0 | 0 | 0 | 1 | 0 | 4 | 3 | 0 | 0 | 0 | 2 | 0 | 0 | 
0 | 1 | 2 | 0 | 0 | 4 | 3 | 0 | 1 | 1 | 2 | 4 | 4 | 4 | 3 | 5 | 0 | 1 | 1 | 5 | 2 | 0 | 3 | 0 | 
0 | 2 | 0 | 5 | 1 | 3 | 0 | 4 | 1 | 2 | 3 | 4 | 0 | 0 | 0 | 4 | 5 | 2 | 0 | 0 | 0 | 4 | 
0 | 0 | 2 | 4 | 0 | 5 | 5 | 2 | 1 | 0 | 0 | 4 | 2 | 0 | 0 | 0 | 2 | 4 | 0 | 0 | 3 | 5 | 1 | 0 | 
0 | 0 | 1 | 0 | 2 | 4 | 1 | 4 | 4 | 1 | 0 | 0 | 0 | 0 | 4 | 1 | 1 | 1 | 1 | 0 | 0 | 5 | 3 | 0 | 0 | 
1 | 2 | 1 | 3 | 0 | 1 | 1 | 0 | 1 | 2 | 1 | 1 | 4 | 2 | 2 | 1 | 1 | 1 | 0 | 5 | 0 | 5 | 0 | 1 | 0 | 1 | 
END. 
START for Step 390.
0 | 5 | 3 | 0 | 1 | 0 | 2 | 4 | 1 | 2 | 0 | 0 | 3 | 3 | 0 | 4 | 0 | 0 | 4 | 0 | 0 | 1 | 0 | 
0 | 0 | 0 | 5 | 2 | 4 | 3 | 0 | 0 | 3 | 2 | 0 | 4 | 3 | 1 | 3 | 3 | 4 | 0 | 0 | 1 | 1 | 3 | 5 | 
0 | 5 | 0 | 0 | 5 | 0 | 0 | 4 | 1 | 0 | 1 | 4 | 0 | 0 | 0 | 4 | 2 | 3 | 2 | 0 | 0 | 0 | 
0 | 0 | 0 | 4 | 2 | 1 | 1 | 0 | 1 | 4 | 4 | 0 | 1 | 3 | 3 | 4 | 2 | 3 | 2 | 0 | 0 | 5 | 1 | 5 | 
0 | 4 | 1 | 4 | 5 | 0 | 5 | 2 | 1 | 2 | 4 | 3 | 0 | 4 | 0 | 3 | 0 | 2 | 0 | 0 | 0 | 0 | 
0 | 2 | 5 | 1 | 4 | 2 | 0 | 0 | 0 | 0 | 5 | 1 | 2 | 0 | 4 | 3 | 0 | 2 | 5 | 0 | 4 | 0 | 0 | 0 | 
0 | 1 | 4 | 4 | 1 | 1 | 4 | 2 | 1 | 0 | 0 | 0 | 1 | 3 | 4 | 0 | 0 | 0 | 1 | 5 | 1 | 0 | 0 | 0 | 0 | 
1 | 1 | 0 | 1 | 0 | 1 | 0 | 5 | 1 | 1 | 1 | 2 | 1 | 1 | 2 | 1 | 4 | 5 | 0 | 1 | 0 | 1 | 3 | 2 | 2 | 0 | 
END. 
START for Step 400.
0 | 0 | 0 | 3 | 2 | 0 | 4 | 0 | 1 | 4 | 3 | 3 | 0 | 3 | 2 | 0 | 4 | 0 | 0 | 5 | 0 | 0 | 4 | 
0 | 0 | 2 | 5 | 0 | 4 | 3 | 3 | 0 | 0 | 4 | 3 | 3 | 4 | 1 | 3 | 1 | 3 | 2 | 0 | 0 | 5 | 3 | 0 | 
0 | 5 | 0 | 0 | 4 | 4 | 0 | 0 | 0 | 0 | 0 | 4 | 3 | 1 | 5 | 3 | 0 | 2 | 0 | 0 | 0 | 2 | 
0 | 0 | 1 | 2 | 4 | 4 | 2 | 2 | 4 | 4 | 4 | 3 | 1 | 5 | 3 | 3 | 0 | 1 | 0 | 0 | 3 | 0 | 5 | 0 | 
0 | 0 | 4 | 3 | 2 | 0 | 3 | 2 | 1 | 2 | 5 | 0 | 0 | 3 | 4 | 5 | 0 | 0 | 4 | 4 | 0 | 0 | 
0 | 5 | 2 | 1 | 2 | 3 | 4 | 0 | 0 | 0 | 4 | 0 | 0 | 5 | 2 | 0 | 0 | 0 | 4 | 0 | 2 | 0 | 1 | 5 | 
0 | 4 | 4 | 1 | 4 | 1 | 0 | 0 | 0 | 0 | 1 | 1 | 0 | 4 | 1 | 2 | 1 | 0 | 0 | 0 | 0 | 1 | 0 | 3 | 5 | 
1 | 0 | 1 | 1 | 2 | 1 | 5 | 4 | 1 | 1 | 5 | 0 | 2 | 1 | 1 | 2 | 0 | 1 | 2 | 3 | 1 | 0 | 1 | 0 | 1 | 0 | 
END. 
START for Step 410.
0 | 4 | 3 | 5 | 0 | 3 | 0 | 0 | 2 | 4 | 1 | 4 | 3 | 0 | 0 | 0 | 0 | 2 | 0 | 0 | 4 | 4 | 0 | 
0 | 0 | 3 | 0 | 1 | 5 | 3 | 3 | 4 | 2 | 3 | 0 | 1 | 4 | 3 | 2 | 5 | 0 | 4 | 0 | 3 | 3 | 0 | 0 | 
0 | 4 | 3 | 0 | 0 | 5 | 0 | 0 | 5 | 1 | 0 | 0 | 0 | 0 | 3 | 4 | 2 | 4 | 0 | 0 | 2 | 0 | 
0 | 4 | 0 | 4 | 4 | 1 | 0 | 2 | 0 | 4 | 0 | 3 | 1 | 2 | 5 | 3 | 4 | 4 | 0 | 2 | 5 | 1 | 0 | 3 | 
0 | 1 | 0 | 4 | 0 | 3 | 3 | 0 | 5 | 0 | 4 | 2 | 4 | 5 | 0 | 4 | 0 | 2 | 3 | 0 | 2 | 0 | 
0 | 0 | 0 | 2 | 0 | 4 | 2 | 0 | 3 | 0 | 5 | 2 | 4 | 1 | 1 | 0 | 0 | 5 | 4 | 2 | 0 | 0 | 5 | 0 | 
0 | 0 | 4 | 1 | 1 | 4 | 0 | 4 | 2 | 0 | 0 | 0 | 4 | 1 | 3 | 1 | 0 | 1 | 1 | 0 | 1 | 0 | 0 | 5 | 0 | 
1 | 1 | 1 | 1 | 1 | 1 | 4 | 1 | 0 | 5 | 1 | 1 | 0 | 2 | 0 | 1 | 0 | 5 | 1 | 2 | 3 | 1 | 2 | 2 | 0 | 0 | 
END. 
START for Step 420.
0 | 0 | 0 | 4 | 3 | 2 | 0 | 0 | 0 | 3 | 0 | 0 | 0 | 0 | 3 | 4 | 4 | 1 | 4 | 0 | 2 | 4 | 5 | 
0 | 0 | 3 | 1 | 3 | 0 | 4 | 3 | 2 | 3 | 5 | 5 | 1 | 4 | 3 | 4 | 0 | 3 | 3 | 0 | 0 | 0 | 0 | 2 | 
0 | 0 | 0 | 1 | 0 | 0 | 5 | 0 | 0 | 0 | 4 | 0 | 3 | 3 | 4 | 0 | 2 | 0 | 0 | 2 | 4 | 5 | 
0 | 3 | 3 | 5 | 3 | 1 | 0 | 2 | 4 | 5 | 4 | 2 | 1 | 4 | 2 | 0 | 4 | 1 | 0 | 4 | 4 | 0 | 0 | 0 | 
0 | 0 | 4 | 0 | 2 | 5 | 5 | 4 | 3 | 0 | 3 | 2 | 0 | 0 | 3 | 0 | 0 | 2 | 0 | 1 | 4 | 4 | 
0 | 0 | 1 | 2 | 0 | 0 | 4 | 0 | 1 | 4 | 0 | 2 | 2 | 0 | 5 | 0 | 3 | 5 | 0 | 0 | 4 | 0 | 5 | 2 | 
0 | 0 | 3 | 0 | 1 | 1 | 2 | 4 | 0 | 0 | 4 | 1 | 4 | 1 | 1 | 4 | 0 | 5 | 0 | 0 | 0 | 0 | 4 | 1 | 0 | 
1 | 0 | 1 | 2 | 2 | 5 | 0 | 0 | 4 | 0 | 1 | 1 | 1 | 1 | 1 | 1 | 5 | 0 | 1 | 2 | 3 | 2 | 1 | 0 | 1 | 1 | 
END. 
START for Step 430.
0 | 0 | 0 | 4 | 3 | 0 | 0 | 5 | 4 | 0 | 2 | 4 | 0 | 4 | 1 | 3 | 3 | 2 | 0 | 4 | 0 | 0 | 0 | 
0 | 4 | 4 | 4 | 2 | 0 | 0 | 0 | 0 | 3 | 3 | 1 | 1 | 3 | 3 | 3 | 3 | 5 | 0 | 5 | 0 | 0 | 3 | 2 | 
0 | 0 | 4 | 0 | 3 | 0 | 2 | 0 | 0 | 5 | 1 | 3 | 0 | 0 | 0 | 4 | 4 | 0 | 5 | 0 | 2 | 0 | 
0 | 1 | 2 | 2 | 1 | 4 | 0 | 3 | 0 | 0 | 3 | 0 | 3 | 1 | 5 | 4 | 4 | 4 | 5 | 0 | 4 | 4 | 0 | 2 | 
0 | 0 | 2 | 0 | 5 | 3 | 4 | 4 | 2 | 0 | 5 | 4 | 0 | 0 | 2 | 0 | 3 | 0 | 1 | 3 | 0 | 4 | 
0 | 2 | 2 | 3 | 4 | 5 | 0 | 2 | 5 | 0 | 1 | 0 | 2 | 0 | 0 | 0 | 0 | 0 | 0 | 5 | 0 | 4 | 4 | 1 | 
0 | 4 | 1 | 0 | 1 | 1 | 0 | 0 | 1 | 5 | 1 | 3 | 2 | 1 | 0 | 0 | 0 | 4 | 4 | 0 | 4 | 0 | 0 | 0 | 4 | 
1 | 1 | 1 | 5 | 0 | 1 | 1 | 0 | 1 | 0 | 5 | 1 | 0 | 2 | 1 | 2 | 2 | 1 | 1 | 1 | 2 | 0 | 0 | 1 | 4 | 3 | 
END. 
START for Step 440.
0 | 0 | 4 | 4 | 0 | 4 | 2 | 3 | 3 | 0 | 4 | 0 | 0 | 3 | 0 | 4 | 1 | 0 | 0 | 2 | 5 | 0 | 0 | 
0 | 2 | 3 | 0 | 3 | 4 | 3 | 5 | 0 | 4 | 3 | 1 | 0 | 1 | 3 | 5 | 0 | 3 | 0 | 0 | 0 | 4 | 3 | 2 | 
0 | 0 | 0 | 2 | 0 | 0 | 5 | 5 | 0 | 1 | 0 | 3 | 4 | 0 | 0 | 2 | 0 | 4 | 4 | 3 | 0 | 0 | 
0 | 2 | 1 | 0 | 2 | 0 | 4 | 0 | 1 | 4 | 3 | 3 | 5 | 4 | 4 | 0 | 3 | 2 | 4 | 0 | 4 | 1 | 5 | 0 | 
0 | 4 | 0 | 0 | 5 | 3 | 5 | 3 | 4 | 0 | 0 | 0 | 1 | 2 | 0 | 2 | 2 | 4 | 3 | 0 | 0 | 4 | 
0 | 1 | 0 | 5 | 1 | 3 | 0 | 5 | 4 | 4 | 2 | 0 | 0 | 0 | 0 | 0 | 0 | 4 | 0 | 3 | 2 | 5 | 2 | 0 | 
0 | 4 | 0 | 5 | 3 | 0 | 2 | 4 | 4 | 1 | 0 | 0 | 1 | 4 | 0 | 0 | 0 | 0 | 1 | 1 | 1 | 1 | 4 | 0 | 0 | 
1 | 2 | 0 | 1 | 5 | 0 | 1 | 0 | 0 | 4 | 2 | 0 | 1 | 1 | 0 | 1 | 1 | 3 | 5 | 1 | 2 | 1 | 1 | 1 | 2 | 1 | 
END. 
START for Step 450.
0 | 0 | 4 | 4 | 0 | 4 | 2 | 3 | 3 | 0 | 4 | 0 | 0 | 3 | 0 | 4 | 1 | 0 | 0 | 2 | 5 | 0 | 0 | 
0 | 2 | 3 | 0 | 3 | 4 | 3 | 5 | 0 | 4 | 3 | 1 | 0 | 1 | 3 | 5 | 0 | 3 | 0 | 0 | 0 | 4 | 3 | 2 | 
0 | 0 | 0 | 2 | 0 | 0 | 5 | 5 | 0 | 1 | 0 | 3 | 4 | 0 | 0 | 2 | 0 | 4 | 4 | 3 | 0 | 0 | 
0 | 2 | 1 | 0 | 2 | 0 | 4 | 0 | 1 | 4 | 3 | 3 | 5 | 4 | 4 | 0 | 3 | 2 | 4 | 0 | 4 | 1 | 5 | 0 | 
0 | 4 | 0 | 0 | 5 | 3 | 5 | 3 | 4 | 0 | 0 | 0 | 1 | 2 | 0 | 2 | 2 | 4 | 3 | 0 | 0 | 4 | 
0 | 1 | 0 | 5 | 1 | 3 | 0 | 5 | 4 | 4 | 2 | 0 | 0 | 0 | 0 | 0 | 0 | 4 | 0 | 3 | 2 | 5 | 2 | 0 | 
0 | 4 | 0 | 5 | 3 | 0 | 2 | 4 | 4 | 1 | 0 | 0 | 1 | 4 | 0 | 0 | 0 | 0 | 1 | 1 | 1 | 1 | 4 | 0 | 0 | 
1 | 2 | 0 | 1 | 5 | 0 | 1 | 0 | 0 | 4 | 2 | 0 | 1 | 1 | 0 | 1 | 1 | 3 | 5 | 1 | 2 | 1 | 1 | 1 | 2 | 1 | 
END. 
START for Step 460.
0 | 0 | 4 | 4 | 0 | 4 | 2 | 3 | 3 | 0 | 4 | 0 | 0 | 3 | 0 | 4 | 1 | 0 | 0 | 2 | 5 | 0 | 0 | 
0 | 2 | 3 | 0 | 3 | 4 | 3 | 5 | 0 | 4 | 3 | 1 | 0 | 1 | 3 | 5 | 0 | 3 | 0 | 0 | 0 | 4 | 3 | 2 | 
0 | 0 | 0 | 2 | 0 | 0 | 5 | 5 | 0 | 1 | 0 | 3 | 4 | 0 | 0 | 2 | 0 | 4 | 4 | 3 | 0 | 0 | 
0 | 2 | 1 | 0 | 2 | 0 | 4 | 0 | 1 | 4 | 3 | 3 | 5 | 4 | 4 | 0 | 3 | 2 | 4 | 0 | 4 | 1 | 5 | 0 | 
0 | 4 | 0 | 0 | 5 | 3 | 5 | 3 | 4 | 0 | 0 | 0 | 1 | 2 | 0 | 2 | 2 | 4 | 3 | 0 | 0 | 4 | 
0 | 1 | 0 | 5 | 1 | 3 | 0 | 5 | 4 | 4 | 2 | 0 | 0 | 0 | 0 | 0 | 0 | 4 | 0 | 3 | 2 | 5 | 2 | 0 | 
0 | 4 | 0 | 5 | 3 | 0 | 2 | 4 | 4 | 1 | 0 | 0 | 1 | 4 | 0 | 0 | 0 | 0 | 1 | 1 | 1 | 1 | 4 | 0 | 0 | 
1 | 2 | 0 | 1 | 5 | 0 | 1 | 0 | 0 | 4 | 2 | 0 | 1 | 1 | 0 | 1 | 1 | 3 | 5 | 1 | 2 | 1 | 1 | 1 | 2 | 1 | 
END. 
START for Step 470.
0 | 0 | 0 | 2 | 4 | 0 | 4 | 0 | 3 | 4 | 0 | 4 | 3 | 0 | 4 | 0 | 0 | 2 | 3 | 1 | 0 | 0 | 5 | 
0 | 3 | 2 | 2 | 3 | 0 | 4 | 1 | 3 | 4 | 3 | 4 | 5 | 5 | 0 | 3 | 1 | 0 | 5 | 0 | 3 | 0 | 0 | 0 | 
0 | 0 | 0 | 5 | 3 | 1 | 0 | 0 | 4 | 0 | 0 | 2 | 0 | 0 | 3 | 4 | 4 | 0 | 0 | 0 | 5 | 2 | 
0 | 2 | 0 | 0 | 4 | 4 | 3 | 4 | 1 | 1 | 2 | 2 | 4 | 5 | 0 | 5 | 1 | 4 | 3 | 4 | 3 | 0 | 0 | 0 | 
0 | 0 | 4 | 3 | 5 | 1 | 3 | 4 | 3 | 5 | 2 | 0 | 3 | 0 | 0 | 0 | 0 | 0 | 2 | 2 | 0 | 4 | 
0 | 1 | 1 | 0 | 0 | 5 | 2 | 4 | 3 | 0 | 3 | 3 | 0 | 5 | 0 | 2 | 0 | 0 | 0 | 0 | 0 | 5 | 4 | 2 | 
0 | 3 | 4 | 0 | 2 | 0 | 1 | 0 | 1 | 0 | 1 | 0 | 3 | 0 | 5 | 0 | 4 | 1 | 4 | 1 | 0 | 0 | 4 | 0 | 1 | 
1 | 1 | 1 | 0 | 1 | 1 | 2 | 3 | 0 | 2 | 1 | 5 | 1 | 0 | 0 | 2 | 1 | 1 | 2 | 1 | 5 | 1 | 0 | 0 | 3 | 1 | 
END. 
START for Step 480.
0 | 0 | 4 | 3 | 0 | 3 | 0 | 4 | 2 | 0 | 0 | 5 | 0 | 3 | 0 | 4 | 0 | 1 | 4 | 0 | 0 | 4 | 2 | 
0 | 0 | 0 | 3 | 5 | 4 | 2 | 5 | 1 | 0 | 0 | 3 | 0 | 3 | 0 | 4 | 1 | 2 | 3 | 4 | 3 | 3 | 0 | 3 | 
0 | 0 | 5 | 0 | 4 | 3 | 3 | 2 | 4 | 0 | 0 | 0 | 0 | 4 | 2 | 1 | 0 | 0 | 0 | 0 | 0 | 5 | 
0 | 3 | 0 | 1 | 4 | 0 | 4 | 0 | 4 | 4 | 1 | 0 | 5 | 3 | 2 | 1 | 0 | 3 | 2 | 4 | 2 | 5 | 4 | 0 | 
0 | 0 | 3 | 1 | 3 | 0 | 3 | 0 | 4 | 0 | 2 | 2 | 3 | 0 | 4 | 4 | 2 | 0 | 0 | 0 | 1 | 5 | 
0 | 0 | 5 | 0 | 0 | 3 | 0 | 5 | 4 | 2 | 2 | 0 | 0 | 3 | 1 | 4 | 2 | 1 | 0 | 3 | 0 | 1 | 0 | 0 | 
0 | 0 | 4 | 0 | 4 | 1 | 0 | 1 | 1 | 5 | 0 | 4 | 1 | 0 | 1 | 1 | 1 | 0 | 4 | 0 | 0 | 0 | 3 | 0 | 2 | 
1 | 0 | 0 | 2 | 1 | 1 | 1 | 1 | 1 | 0 | 2 | 1 | 1 | 1 | 2 | 5 | 1 | 0 | 3 | 2 | 1 | 3 | 0 | 1 | 1 | 0 | 
END. 
START for Step 490.
0 | 4 | 4 | 0 | 4 | 4 | 0 | 0 | 0 | 3 | 5 | 2 | 3 | 0 | 1 | 2 | 0 | 4 | 3 | 0 | 0 | 0 | 0 | 
0 | 0 | 1 | 2 | 4 | 0 | 0 | 1 | 0 | 0 | 4 | 5 | 0 | 0 | 3 | 5 | 3 | 3 | 3 | 3 | 4 | 2 | 3 | 3 | 
0 | 0 | 1 | 0 | 0 | 2 | 3 | 0 | 5 | 3 | 4 | 4 | 0 | 2 | 0 | 5 | 0 | 0 | 0 | 0 | 4 | 0 | 
0 | 3 | 3 | 0 | 2 | 1 | 0 | 4 | 3 | 0 | 4 | 0 | 4 | 5 | 4 | 0 | 4 | 0 | 4 | 1 | 1 | 2 | 5 | 2 | 
0 | 2 | 4 | 1 | 0 | 0 | 1 | 0 | 3 | 0 | 4 | 0 | 3 | 0 | 2 | 5 | 3 | 3 | 4 | 0 | 2 | 0 | 
0 | 0 | 2 | 3 | 2 | 5 | 0 | 0 | 0 | 5 | 3 | 0 | 2 | 0 | 4 | 0 | 0 | 4 | 0 | 1 | 1 | 0 | 3 | 1 | 
0 | 1 | 0 | 0 | 4 | 5 | 0 | 1 | 0 | 4 | 1 | 4 | 1 | 0 | 1 | 0 | 0 | 2 | 0 | 0 | 1 | 4 | 0 | 1 | 3 | 
1 | 5 | 2 | 1 | 3 | 1 | 0 | 1 | 1 | 0 | 0 | 1 | 1 | 1 | 2 | 2 | 1 | 3 | 1 | 0 | 1 | 2 | 0 | 0 | 1 | 1 | 
END. 
START for Step 500.
0 | 0 | 2 | 3 | 3 | 2 | 0 | 1 | 4 | 4 | 0 | 4 | 0 | 0 | 4 | 0 | 4 | 0 | 0 | 5 | 0 | 3 | 0 | 
0 | 3 | 0 | 0 | 5 | 4 | 3 | 3 | 0 | 2 | 1 | 4 | 2 | 3 | 0 | 3 | 3 | 1 | 3 | 0 | 0 | 4 | 5 | 0 | 
0 | 0 | 2 | 5 | 4 | 5 | 4 | 0 | 2 | 1 | 0 | 0 | 0 | 0 | 0 | 0 | 3 | 0 | 0 | 3 | 4 | 0 | 
0 | 5 | 0 | 0 | 4 | 4 | 1 | 0 | 2 | 4 | 0 | 0 | 3 | 1 | 2 | 2 | 5 | 4 | 4 | 1 | 0 | 3 | 4 | 3 | 
0 | 0 | 0 | 3 | 3 | 5 | 2 | 2 | 1 | 4 | 0 | 0 | 4 | 0 | 1 | 3 | 0 | 0 | 4 | 2 | 3 | 0 | 
0 | 0 | 4 | 5 | 1 | 0 | 3 | 0 | 5 | 2 | 2 | 3 | 1 | 0 | 0 | 4 | 0 | 0 | 1 | 2 | 0 | 3 | 0 | 0 | 
0 | 0 | 0 | 4 | 1 | 1 | 2 | 1 | 0 | 5 | 0 | 4 | 0 | 4 | 0 | 0 | 0 | 0 | 1 | 3 | 1 | 1 | 1 | 4 | 0 | 
1 | 2 | 3 | 0 | 2 | 1 | 0 | 0 | 1 | 1 | 0 | 1 | 2 | 1 | 3 | 0 | 1 | 1 | 2 | 1 | 1 | 1 | 5 | 1 | 1 | 0 | 
END. 
START for Step 510.
0 | 0 | 2 | 3 | 3 | 2 | 0 | 1 | 4 | 4 | 0 | 4 | 0 | 0 | 4 | 0 | 4 | 0 | 0 | 5 | 0 | 3 | 0 | 
0 | 3 | 0 | 0 | 5 | 4 | 3 | 3 | 0 | 2 | 1 | 4 | 2 | 3 | 0 | 3 | 3 | 1 | 3 | 0 | 0 | 4 | 5 | 0 | 
0 | 0 | 2 | 5 | 4 | 5 | 4 | 0 | 2 | 1 | 0 | 0 | 0 | 0 | 0 | 0 | 3 | 0 | 0 | 3 | 4 | 0 | 
0 | 5 | 0 | 0 | 4 | 4 | 1 | 0 | 2 | 4 | 0 | 0 | 3 | 1 | 2 | 2 | 5 | 4 | 4 | 1 | 0 | 3 | 4 | 3 | 
0 | 0 | 0 | 3 | 3 | 5 | 2 | 2 | 1 | 4 | 0 | 0 | 4 | 0 | 1 | 3 | 0 | 0 | 4 | 2 | 3 | 0 | 
0 | 0 | 4 | 5 | 1 | 0 | 3 | 0 | 5 | 2 | 2 | 3 | 1 | 0 | 0 | 4 | 0 | 0 | 1 | 2 | 0 | 3 | 0 | 0 | 
0 | 0 | 0 | 4 | 1 | 1 | 2 | 1 | 0 | 5 | 0 | 4 | 0 | 4 | 0 | 0 | 0 | 0 | 1 | 3 | 1 | 1 | 1 | 4 | 0 | 
1 | 2 | 3 | 0 | 2 | 1 | 0 | 0 | 1 | 1 | 0 | 1 | 2 | 1 | 3 | 0 | 1 | 1 | 2 | 1 | 1 | 1 | 5 | 1 | 1 | 0 | 
END. 
START for Step 520.
0 | 0 | 2 | 4 | 3 | 0 | 0 | 4 | 0 | 0 | 5 | 3 | 1 | 0 | 0 | 4 | 0 | 4 | 4 | 0 | 2 | 0 | 3 | 
0 | 0 | 1 | 2 | 5 | 3 | 0 | 3 | 0 | 2 | 0 | 5 | 3 | 0 | 4 | 0 | 3 | 3 | 4 | 0 | 3 | 3 | 1 | 4 | 
0 | 4 | 4 | 1 | 0 | 2 | 0 | 2 | 0 | 0 | 0 | 4 | 0 | 0 | 3 | 5 | 0 | 0 | 0 | 0 | 5 | 3 | 
0 | 2 | 4 | 3 | 0 | 4 | 1 | 0 | 5 | 0 | 5 | 3 | 2 | 0 | 4 | 3 | 4 | 0 | 1 | 4 | 2 | 4 | 0 | 1 | 
0 | 2 | 4 | 1 | 3 | 0 | 0 | 0 | 0 | 2 | 4 | 4 | 0 | 2 | 3 | 3 | 0 | 1 | 0 | 5 | 0 | 3 | 
0 | 3 | 2 | 2 | 4 | 0 | 5 | 0 | 0 | 1 | 2 | 0 | 0 | 0 | 3 | 5 | 0 | 4 | 3 | 0 | 1 | 0 | 0 | 1 | 
0 | 1 | 0 | 1 | 4 | 0 | 0 | 5 | 0 | 1 | 4 | 1 | 4 | 0 | 0 | 1 | 4 | 0 | 0 | 0 | 0 | 3 | 2 | 1 | 1 | 
1 | 1 | 2 | 2 | 1 | 1 | 1 | 3 | 2 | 0 | 0 | 5 | 1 | 1 | 1 | 0 | 1 | 0 | 2 | 1 | 3 | 1 | 1 | 0 | 1 | 0 | 
END. 
START for Step 530.
0 | 4 | 0 | 0 | 5 | 2 | 0 | 2 | 0 | 0 | 0 | 1 | 4 | 3 | 3 | 4 | 4 | 0 | 0 | 0 | 3 | 0 | 4 | 
0 | 1 | 2 | 0 | 3 | 3 | 0 | 0 | 0 | 4 | 3 | 3 | 5 | 3 | 5 | 0 | 2 | 0 | 3 | 3 | 4 | 1 | 0 | 4 | 
0 | 1 | 0 | 4 | 5 | 0 | 4 | 0 | 5 | 0 | 3 | 0 | 0 | 4 | 0 | 2 | 0 | 0 | 0 | 3 | 0 | 0 | 
0 | 3 | 2 | 2 | 0 | 0 | 4 | 4 | 1 | 0 | 3 | 4 | 4 | 1 | 5 | 4 | 0 | 0 | 4 | 5 | 0 | 1 | 3 | 2 | 
0 | 4 | 4 | 0 | 4 | 5 | 3 | 0 | 3 | 2 | 0 | 0 | 3 | 1 | 1 | 0 | 0 | 0 | 3 | 0 | 2 | 0 | 
0 | 2 | 1 | 3 | 2 | 0 | 4 | 0 | 5 | 0 | 3 | 0 | 0 | 0 | 0 | 5 | 0 | 1 | 0 | 4 | 1 | 0 | 0 | 3 | 
0 | 4 | 1 | 1 | 2 | 0 | 4 | 4 | 0 | 1 | 0 | 0 | 4 | 0 | 1 | 5 | 0 | 0 | 3 | 0 | 0 | 1 | 1 | 1 | 0 | 
1 | 2 | 1 | 1 | 0 | 1 | 2 | 1 | 0 | 0 | 1 | 1 | 2 | 1 | 2 | 1 | 0 | 1 | 1 | 1 | 0 | 3 | 0 | 1 | 5 | 3 | 
END. 
START for Step 540.
0 | 4 | 0 | 4 | 0 | 0 | 3 | 2 | 0 | 2 | 4 | 0 | 0 | 4 | 4 | 3 | 1 | 3 | 0 | 0 | 5 | 0 | 0 | 
0 | 4 | 1 | 2 | 3 | 3 | 3 | 4 | 0 | 3 | 0 | 0 | 2 | 0 | 3 | 5 | 3 | 0 | 5 | 1 | 0 | 0 | 3 | 4 | 
0 | 0 | 0 | 1 | 0 | 0 | 0 | 4 | 0 | 5 | 0 | 0 | 2 | 0 | 0 | 0 | 4 | 4 | 3 | 5 | 0 | 3 | 
0 | 2 | 1 | 3 | 0 | 5 | 4 | 1 | 4 | 0 | 0 | 4 | 3 | 2 | 0 | 1 | 4 | 4 | 3 | 2 | 0 | 0 | 5 | 4 | 
0 | 0 | 0 | 4 | 1 | 0 | 3 | 0 | 3 | 0 | 5 | 1 | 4 | 3 | 2 | 2 | 0 | 0 | 0 | 4 | 0 | 3 | 
0 | 3 | 0 | 2 | 0 | 4 | 1 | 1 | 4 | 0 | 0 | 0 | 1 | 5 | 0 | 0 | 0 | 0 | 3 | 0 | 2 | 5 | 0 | 3 | 
0 | 0 | 4 | 0 | 0 | 0 | 3 | 1 | 0 | 2 | 0 | 0 | 4 | 5 | 0 | 1 | 0 | 1 | 4 | 1 | 1 | 1 | 4 | 0 | 1 | 
1 | 3 | 1 | 2 | 1 | 2 | 1 | 1 | 0 | 2 | 3 | 0 | 1 | 0 | 0 | 2 | 1 | 1 | 5 | 1 | 1 | 1 | 1 | 0 | 0 | 1 | 
END. 
START for Step 550.
0 | 0 | 4 | 0 | 3 | 0 | 4 | 2 | 0 | 0 | 0 | 1 | 4 | 2 | 4 | 0 | 3 | 0 | 3 | 0 | 4 | 5 | 0 | 
0 | 0 | 3 | 3 | 4 | 4 | 0 | 0 | 2 | 3 | 0 | 3 | 3 | 2 | 0 | 3 | 5 | 3 | 5 | 4 | 1 | 0 | 0 | 1 | 
0 | 5 | 4 | 0 | 0 | 0 | 0 | 4 | 0 | 0 | 0 | 0 | 0 | 5 | 2 | 0 | 0 | 4 | 3 | 1 | 0 | 3 | 
0 | 0 | 2 | 1 | 5 | 1 | 1 | 2 | 4 | 3 | 2 | 0 | 4 | 4 | 5 | 0 | 0 | 0 | 4 | 4 | 4 | 3 | 0 | 3 | 
0 | 0 | 0 | 3 | 0 | 0 | 4 | 0 | 2 | 1 | 0 | 5 | 1 | 0 | 3 | 3 | 0 | 3 | 4 | 4 | 2 | 0 | 
0 | 5 | 3 | 0 | 0 | 1 | 0 | 3 | 0 | 1 | 4 | 0 | 0 | 0 | 0 | 5 | 1 | 4 | 0 | 3 | 2 | 2 | 0 | 0 | 
0 | 4 | 1 | 0 | 0 | 1 | 4 | 0 | 0 | 4 | 0 | 0 | 0 | 0 | 2 | 0 | 5 | 3 | 1 | 0 | 4 | 1 | 1 | 1 | 1 | 
1 | 0 | 1 | 2 | 0 | 0 | 1 | 3 | 2 | 0 | 3 | 1 | 1 | 2 | 0 | 1 | 0 | 1 | 1 | 1 | 1 | 1 | 2 | 1 | 5 | 1 | 
END. 
START for Step 560.
0 | 2 | 4 | 4 | 4 | 4 | 0 | 0 | 0 | 1 | 2 | 4 | 0 | 3 | 3 | 5 | 0 | 0 | 3 | 0 | 0 | 0 | 0 | 
0 | 0 | 3 | 4 | 2 | 0 | 0 | 4 | 3 | 0 | 3 | 3 | 3 | 1 | 4 | 5 | 0 | 3 | 1 | 5 | 2 | 0 | 3 | 0 | 
0 | 4 | 0 | 0 | 2 | 3 | 0 | 5 | 0 | 0 | 5 | 1 | 0 | 0 | 3 | 4 | 0 | 4 | 0 | 0 | 0 | 0 | 
0 | 4 | 1 | 2 | 0 | 4 | 0 | 4 | 5 | 0 | 4 | 4 | 0 | 3 | 1 | 1 | 4 | 0 | 2 | 2 | 3 | 0 | 5 | 3 | 
0 | 0 | 1 | 1 | 3 | 0 | 3 | 2 | 5 | 4 | 0 | 3 | 3 | 4 | 0 | 0 | 0 | 4 | 0 | 0 | 0 | 2 | 
0 | 0 | 3 | 0 | 5 | 3 | 0 | 5 | 4 | 0 | 0 | 2 | 0 | 1 | 2 | 1 | 0 | 0 | 1 | 3 | 0 | 4 | 0 | 0 | 
0 | 0 | 0 | 0 | 0 | 5 | 1 | 0 | 4 | 0 | 0 | 2 | 4 | 1 | 1 | 1 | 3 | 1 | 4 | 4 | 1 | 0 | 0 | 0 | 1 | 
1 | 2 | 2 | 3 | 1 | 1 | 0 | 1 | 0 | 0 | 1 | 1 | 0 | 2 | 1 | 0 | 1 | 1 | 1 | 1 | 1 | 1 | 0 | 3 | 2 | 5 | 
END. 
START for Step 570.
0 | 2 | 4 | 4 | 4 | 4 | 0 | 0 | 0 | 1 | 2 | 4 | 0 | 3 | 3 | 5 | 0 | 0 | 3 | 0 | 0 | 0 | 0 | 
0 | 0 | 3 | 4 | 2 | 0 | 0 | 4 | 0 | 0 | 3 | 3 | 3 | 1 | 4 | 5 | 0 | 3 | 1 | 5 | 2 | 0 | 3 | 0 | 
0 | 4 | 0 | 0 | 2 | 3 | 0 | 5 | 0 | 0 | 5 | 1 | 0 | 0 | 3 | 4 | 0 | 4 | 0 | 0 | 0 | 0 | 
0 | 4 | 1 | 2 | 0 | 4 | 0 | 4 | 5 | 0 | 4 | 4 | 0 | 3 | 1 | 1 | 4 | 0 | 2 | 2 | 3 | 0 | 5 | 3 | 
0 | 0 | 1 | 1 | 3 | 0 | 3 | 2 | 5 | 4 | 0 | 0 | 3 | 4 | 0 | 0 | 0 | 4 | 0 | 0 | 0 | 2 | 
0 | 0 | 3 | 0 | 5 | 0 | 0 | 5 | 4 | 0 | 0 | 2 | 0 | 1 | 2 | 1 | 0 | 0 | 1 | 3 | 0 | 4 | 0 | 0 | 
0 | 0 | 0 | 0 | 0 | 5 | 1 | 0 | 4 | 0 | 0 | 2 | 4 | 1 | 1 | 1 | 3 | 1 | 4 | 4 | 1 | 0 | 0 | 0 | 1 | 
1 | 2 | 2 | 0 | 1 | 1 | 0 | 1 | 0 | 0 | 1 | 1 | 0 | 2 | 1 | 0 | 1 | 1 | 1 | 1 | 1 | 1 | 0 | 3 | 2 | 5 | 
END. 
START for Step 580.
0 | 0 | 0 | 0 | 0 | 0 | 0 | 4 | 5 | 0 | 4 | 1 | 5 | 4 | 0 | 0 | 3 | 4 | 0 | 3 | 3 | 2 | 2 | 
0 | 4 | 0 | 3 | 0 | 1 | 2 | 3 | 0 | 0 | 3 | 0 | 3 | 1 | 3 | 0 | 0 | 5 | 4 | 5 | 2 | 4 | 0 | 3 | 
0 | 3 | 0 | 0 | 0 | 3 | 0 | 0 | 0 | 0 | 5 | 0 | 1 | 0 | 2 | 0 | 0 | 4 | 0 | 4 | 4 | 5 | 
0 | 4 | 5 | 3 | 2 | 1 | 0 | 3 | 5 | 0 | 4 | 3 | 4 | 4 | 0 | 1 | 0 | 2 | 2 | 5 | 0 | 1 | 4 | 0 | 
0 | 3 | 0 | 0 | 0 | 4 | 4 | 2 | 0 | 3 | 4 | 2 | 1 | 0 | 0 | 0 | 0 | 0 | 3 | 1 | 0 | 5 | 
0 | 0 | 0 | 1 | 0 | 0 | 1 | 0 | 2 | 0 | 0 | 5 | 4 | 2 | 0 | 0 | 5 | 0 | 4 | 0 | 3 | 3 | 1 | 0 | 
0 | 1 | 0 | 3 | 0 | 1 | 4 | 0 | 1 | 1 | 0 | 4 | 0 | 0 | 0 | 5 | 4 | 0 | 4 | 0 | 1 | 1 | 0 | 1 | 2 | 
1 | 1 | 0 | 1 | 0 | 1 | 2 | 1 | 5 | 2 | 0 | 1 | 2 | 1 | 1 | 0 | 1 | 3 | 1 | 0 | 1 | 1 | 1 | 0 | 2 | 0 | 
END. 
START for Step 590.
0 | 0 | 5 | 4 | 0 | 0 | 0 | 0 | 0 | 4 | 1 | 0 | 0 | 3 | 2 | 0 | 3 | 4 | 0 | 4 | 3 | 5 | 2 | 
0 | 2 | 0 | 1 | 1 | 4 | 0 | 0 | 0 | 4 | 3 | 3 | 5 | 0 | 5 | 0 | 3 | 3 | 4 | 3 | 0 | 3 | 2 | 0 | 
0 | 0 | 1 | 3 | 3 | 0 | 0 | 0 | 0 | 0 | 0 | 4 | 0 | 4 | 4 | 0 | 2 | 0 | 0 | 0 | 5 | 5 | 
0 | 2 | 4 | 3 | 4 | 0 | 3 | 3 | 5 | 2 | 4 | 2 | 4 | 4 | 1 | 5 | 0 | 1 | 1 | 5 | 0 | 0 | 0 | 0 | 
0 | 4 | 1 | 4 | 0 | 3 | 0 | 2 | 0 | 0 | 2 | 0 | 3 | 0 | 0 | 3 | 0 | 0 | 0 | 4 | 5 | 1 | 
0 | 1 | 0 | 2 | 0 | 0 | 4 | 0 | 0 | 0 | 3 | 0 | 3 | 4 | 0 | 0 | 5 | 1 | 0 | 1 | 0 | 2 | 0 | 5 | 
0 | 4 | 0 | 1 | 1 | 0 | 0 | 1 | 0 | 0 | 0 | 1 | 0 | 4 | 4 | 1 | 5 | 3 | 0 | 1 | 0 | 1 | 2 | 0 | 4 | 
1 | 1 | 2 | 1 | 1 | 3 | 0 | 5 | 4 | 0 | 1 | 1 | 1 | 1 | 2 | 1 | 1 | 0 | 1 | 2 | 0 | 2 | 1 | 0 | 1 | 0 | 
END. 
START for Step 600.
0 | 0 | 5 | 4 | 0 | 0 | 0 | 0 | 0 | 4 | 3 | 0 | 0 | 3 | 2 | 0 | 3 | 4 | 0 | 4 | 3 | 5 | 2 | 
0 | 2 | 0 | 1 | 1 | 4 | 0 | 0 | 0 | 4 | 3 | 3 | 5 | 0 | 5 | 0 | 3 | 3 | 4 | 3 | 0 | 3 | 2 | 0 | 
0 | 0 | 3 | 3 | 3 | 0 | 0 | 0 | 0 | 0 | 0 | 4 | 0 | 4 | 4 | 0 | 2 | 0 | 0 | 0 | 5 | 5 | 
0 | 2 | 4 | 3 | 4 | 0 | 3 | 3 | 5 | 2 | 4 | 2 | 4 | 4 | 1 | 5 | 0 | 1 | 3 | 5 | 0 | 0 | 0 | 0 | 
0 | 4 | 3 | 4 | 0 | 3 | 0 | 2 | 0 | 0 | 2 | 0 | 3 | 0 | 0 | 3 | 0 | 0 | 0 | 4 | 5 | 1 | 
0 | 1 | 0 | 2 | 0 | 0 | 4 | 0 | 0 | 0 | 3 | 0 | 5 | 4 | 0 | 0 | 5 | 1 | 0 | 1 | 0 | 2 | 0 | 5 | 
0 | 4 | 0 | 1 | 1 | 0 | 0 | 1 | 0 | 0 | 0 | 1 | 0 | 4 | 4 | 1 | 5 | 3 | 0 | 1 | 0 | 1 | 2 | 0 | 4 | 
1 | 1 | 2 | 1 | 1 | 3 | 0 | 5 | 4 | 0 | 1 | 1 | 1 | 1 | 2 | 1 | 1 | 0 | 1 | 2 | 0 | 2 | 1 | 0 | 1 | 0 | 
END. 
START for Step 610.
0 | 4 | 0 | 3 | 3 | 3 | 0 | 0 | 0 | 2 | 5 | 3 | 4 | 0 | 5 | 2 | 0 | 4 | 0 | 0 | 4 | 0 | 0 | 
0 | 3 | 0 | 5 | 5 | 3 | 3 | 2 | 0 | 3 | 0 | 2 | 4 | 4 | 0 | 3 | 0 | 4 | 1 | 1 | 0 | 0 | 3 | 0 | 
0 | 0 | 0 | 4 | 0 | 0 | 0 | 0 | 5 | 0 | 0 | 0 | 4 | 3 | 3 | 3 | 5 | 0 | 2 | 4 | 0 | 0 | 
0 | 1 | 3 | 5 | 4 | 2 | 5 | 0 | 0 | 0 | 3 | 2 | 1 | 4 | 5 | 4 | 4 | 3 | 0 | 0 | 0 | 2 | 4 | 3 | 
0 | 3 | 0 | 2 | 0 | 4 | 0 | 5 | 4 | 1 | 0 | 0 | 0 | 3 | 0 | 3 | 4 | 0 | 0 | 0 | 3 | 2 | 
0 | 0 | 0 | 0 | 0 | 1 | 1 | 0 | 0 | 2 | 1 | 3 | 0 | 0 | 0 | 0 | 2 | 0 | 5 | 4 | 5 | 5 | 4 | 0 | 
0 | 0 | 0 | 1 | 4 | 0 | 3 | 4 | 0 | 2 | 1 | 0 | 1 | 0 | 4 | 0 | 0 | 1 | 1 | 4 | 0 | 5 | 1 | 0 | 1 | 
1 | 2 | 0 | 1 | 1 | 1 | 1 | 4 | 0 | 1 | 1 | 0 | 0 | 1 | 1 | 2 | 2 | 1 | 2 | 1 | 0 | 3 | 0 | 1 | 1 | 5 | 
END. 
START for Step 620.
0 | 4 | 0 | 4 | 0 | 2 | 0 | 2 | 0 | 5 | 0 | 0 | 0 | 3 | 4 | 0 | 3 | 5 | 3 | 0 | 4 | 0 | 3 | 
0 | 0 | 1 | 1 | 3 | 0 | 2 | 0 | 4 | 3 | 4 | 3 | 2 | 0 | 3 | 0 | 5 | 0 | 0 | 3 | 0 | 4 | 3 | 5 | 
0 | 2 | 4 | 3 | 3 | 5 | 0 | 4 | 0 | 0 | 3 | 0 | 0 | 0 | 0 | 4 | 0 | 5 | 0 | 0 | 0 | 0 | 
0 | 0 | 2 | 3 | 0 | 0 | 4 | 2 | 0 | 1 | 4 | 4 | 3 | 1 | 0 | 3 | 4 | 4 | 3 | 0 | 5 | 5 | 2 | 5 | 
0 | 0 | 4 | 0 | 5 | 0 | 4 | 4 | 0 | 3 | 3 | 0 | 1 | 2 | 3 | 0 | 2 | 0 | 0 | 0 | 0 | 3 | 
0 | 5 | 5 | 2 | 0 | 0 | 4 | 1 | 2 | 0 | 0 | 4 | 1 | 0 | 0 | 0 | 0 | 0 | 0 | 5 | 0 | 0 | 3 | 1 | 
0 | 5 | 1 | 1 | 2 | 0 | 4 | 1 | 4 | 1 | 0 | 1 | 0 | 0 | 0 | 0 | 0 | 4 | 1 | 4 | 0 | 0 | 0 | 3 | 1 | 
1 | 0 | 1 | 2 | 1 | 0 | 3 | 2 | 1 | 1 | 1 | 1 | 0 | 2 | 1 | 0 | 1 | 1 | 1 | 5 | 0 | 2 | 4 | 0 | 1 | 1 | 
END. 
START for Step 630.
0 | 0 | 0 | 3 | 3 | 3 | 4 | 0 | 0 | 0 | 0 | 3 | 2 | 4 | 0 | 4 | 0 | 5 | 5 | 2 | 4 | 0 | 0 | 
0 | 0 | 4 | 3 | 3 | 0 | 5 | 5 | 4 | 3 | 3 | 2 | 0 | 4 | 0 | 2 | 3 | 0 | 1 | 3 | 0 | 0 | 0 | 4 | 
0 | 0 | 3 | 0 | 0 | 5 | 4 | 0 | 0 | 0 | 0 | 0 | 0 | 5 | 2 | 3 | 0 | 0 | 4 | 3 | 4 | 0 | 
0 | 3 | 4 | 5 | 4 | 0 | 5 | 2 | 4 | 2 | 5 | 3 | 3 | 0 | 0 | 0 | 1 | 1 | 4 | 0 | 4 | 3 | 2 | 0 | 
0 | 3 | 0 | 2 | 0 | 3 | 0 | 0 | 3 | 4 | 0 | 0 | 2 | 1 | 5 | 0 | 0 | 3 | 4 | 4 | 0 | 0 | 
0 | 0 | 0 | 0 | 0 | 5 | 0 | 3 | 1 | 4 | 1 | 0 | 1 | 0 | 0 | 5 | 0 | 0 | 0 | 0 | 2 | 2 | 5 | 4 | 
0 | 0 | 1 | 0 | 0 | 4 | 4 | 1 | 0 | 3 | 0 | 4 | 0 | 1 | 1 | 0 | 2 | 5 | 1 | 0 | 4 | 0 | 1 | 1 | 0 | 
1 | 0 | 1 | 2 | 1 | 0 | 1 | 1 | 0 | 1 | 1 | 4 | 0 | 5 | 1 | 0 | 0 | 1 | 2 | 1 | 1 | 1 | 2 | 2 | 1 | 3 | 
END. 
START for Step 640.
0 | 0 | 4 | 3 | 4 | 0 | 4 | 0 | 5 | 0 | 2 | 3 | 0 | 0 | 5 | 2 | 0 | 0 | 0 | 3 | 3 | 4 | 0 | 
0 | 2 | 3 | 2 | 0 | 4 | 5 | 0 | 0 | 3 | 0 | 0 | 3 | 4 | 3 | 0 | 0 | 0 | 3 | 4 | 3 | 5 | 4 | 1 | 
0 | 0 | 0 | 0 | 3 | 2 | 0 | 0 | 0 | 0 | 5 | 4 | 0 | 5 | 4 | 0 | 3 | 0 | 0 | 4 | 0 | 3 | 
0 | 2 | 5 | 0 | 3 | 3 | 5 | 0 | 5 | 1 | 0 | 0 | 3 | 0 | 3 | 2 | 4 | 0 | 4 | 4 | 4 | 1 | 4 | 2 | 
0 | 4 | 0 | 1 | 2 | 4 | 3 | 0 | 0 | 4 | 5 | 0 | 0 | 3 | 3 | 0 | 3 | 0 | 2 | 0 | 0 | 0 | 
0 | 1 | 0 | 0 | 2 | 5 | 0 | 0 | 4 | 2 | 0 | 0 | 1 | 5 | 4 | 5 | 0 | 1 | 0 | 0 | 0 | 0 | 3 | 0 | 
0 | 4 | 0 | 0 | 1 | 1 | 5 | 0 | 0 | 0 | 1 | 0 | 2 | 1 | 1 | 0 | 4 | 0 | 3 | 1 | 4 | 0 | 4 | 0 | 1 | 
1 | 2 | 1 | 5 | 2 | 1 | 0 | 4 | 2 | 3 | 1 | 0 | 0 | 0 | 1 | 1 | 0 | 1 | 2 | 1 | 1 | 1 | 1 | 1 | 0 | 1 | 
END. 
START for Step 650.
0 | 0 | 4 | 3 | 4 | 0 | 4 | 0 | 5 | 0 | 2 | 1 | 0 | 0 | 5 | 2 | 0 | 0 | 0 | 3 | 3 | 4 | 0 | 
0 | 2 | 1 | 2 | 0 | 4 | 5 | 0 | 0 | 3 | 0 | 0 | 3 | 4 | 3 | 0 | 0 | 0 | 3 | 4 | 3 | 5 | 4 | 1 | 
0 | 0 | 0 | 0 | 3 | 2 | 0 | 0 | 0 | 0 | 5 | 4 | 0 | 5 | 4 | 0 | 1 | 0 | 0 | 4 | 0 | 3 | 
0 | 2 | 5 | 0 | 1 | 3 | 5 | 0 | 5 | 1 | 0 | 0 | 3 | 0 | 3 | 2 | 4 | 0 | 4 | 4 | 4 | 1 | 4 | 2 | 
0 | 4 | 0 | 1 | 2 | 4 | 1 | 0 | 0 | 4 | 5 | 0 | 0 | 3 | 3 | 0 | 3 | 0 | 2 | 0 | 0 | 0 | 
0 | 1 | 0 | 0 | 2 | 5 | 0 | 0 | 4 | 2 | 0 | 0 | 1 | 5 | 4 | 2 | 0 | 1 | 0 | 0 | 0 | 0 | 3 | 0 | 
0 | 4 | 0 | 0 | 1 | 1 | 2 | 0 | 0 | 0 | 1 | 0 | 2 | 1 | 1 | 0 | 4 | 0 | 3 | 1 | 4 | 0 | 4 | 0 | 1 | 
1 | 2 | 1 | 5 | 2 | 1 | 0 | 4 | 2 | 3 | 1 | 0 | 0 | 0 | 1 | 1 | 0 | 1 | 2 | 1 | 1 | 1 | 1 | 1 | 0 | 1 | 
END. 
START for Step 660.
0 | 0 | 2 | 5 | 3 | 3 | 4 | 0 | 2 | 5 | 0 | 0 | 0 | 3 | 0 | 1 | 4 | 4 | 0 | 0 | 4 | 0 | 0 | 
0 | 3 | 3 | 0 | 3 | 5 | 4 | 2 | 0 | 0 | 2 | 3 | 5 | 4 | 4 | 4 | 0 | 0 | 1 | 1 | 0 | 3 | 0 | 0 | 
0 | 0 | 5 | 0 | 4 | 3 | 0 | 4 | 0 | 0 | 0 | 1 | 0 | 2 | 5 | 0 | 3 | 0 | 0 | 0 | 0 | 4 | 
0 | 0 | 0 | 4 | 3 | 2 | 4 | 4 | 0 | 0 | 1 | 4 | 5 | 4 | 3 | 2 | 0 | 0 | 5 | 5 | 1 | 1 | 3 | 2 | 
0 | 0 | 5 | 4 | 2 | 0 | 4 | 4 | 3 | 0 | 1 | 0 | 3 | 1 | 3 | 0 | 0 | 0 | 0 | 0 | 2 | 0 | 
0 | 1 | 0 | 2 | 0 | 0 | 2 | 1 | 0 | 4 | 0 | 4 | 0 | 1 | 3 | 5 | 2 | 0 | 0 | 0 | 0 | 0 | 0 | 5 | 
0 | 3 | 2 | 1 | 0 | 4 | 4 | 0 | 0 | 0 | 4 | 0 | 1 | 1 | 1 | 0 | 2 | 4 | 0 | 1 | 0 | 0 | 1 | 0 | 1 | 
1 | 1 | 0 | 1 | 1 | 1 | 2 | 2 | 1 | 3 | 1 | 1 | 1 | 1 | 1 | 0 | 0 | 0 | 0 | 2 | 1 | 4 | 2 | 5 | 0 | 1 | 
END. 
START for Step 670.
0 | 0 | 0 | 0 | 2 | 4 | 4 | 0 | 0 | 3 | 4 | 0 | 1 | 3 | 5 | 0 | 0 | 2 | 0 | 4 | 0 | 3 | 4 | 
0 | 0 | 0 | 3 | 0 | 0 | 4 | 2 | 1 | 3 | 3 | 2 | 1 | 4 | 4 | 0 | 3 | 0 | 3 | 0 | 0 | 4 | 5 | 4 | 
0 | 0 | 0 | 0 | 0 | 4 | 0 | 0 | 0 | 0 | 0 | 0 | 3 | 0 | 0 | 5 | 4 | 2 | 5 | 1 | 4 | 3 | 
0 | 3 | 0 | 1 | 4 | 4 | 0 | 2 | 2 | 1 | 5 | 4 | 1 | 0 | 3 | 5 | 4 | 5 | 0 | 2 | 0 | 0 | 4 | 3 | 
0 | 0 | 2 | 3 | 4 | 0 | 4 | 0 | 0 | 2 | 1 | 0 | 0 | 1 | 3 | 0 | 0 | 5 | 0 | 3 | 0 | 4 | 
0 | 0 | 4 | 0 | 4 | 2 | 3 | 1 | 0 | 0 | 0 | 0 | 0 | 1 | 0 | 1 | 0 | 0 | 5 | 5 | 2 | 0 | 0 | 2 | 
0 | 0 | 0 | 1 | 0 | 1 | 0 | 4 | 4 | 0 | 0 | 0 | 0 | 1 | 1 | 1 | 0 | 3 | 0 | 2 | 1 | 2 | 4 | 1 | 4 | 
1 | 0 | 3 | 5 | 1 | 2 | 1 | 0 | 1 | 2 | 1 | 2 | 1 | 1 | 0 | 1 | 1 | 1 | 4 | 0 | 1 | 0 | 0 | 1 | 1 | 2 | 
END. 
START for Step 680.
0 | 0 | 0 | 3 | 4 | 4 | 4 | 2 | 0 | 2 | 0 | 4 | 0 | 3 | 0 | 4 | 5 | 0 | 1 | 3 | 0 | 0 | 0 | 
0 | 3 | 2 | 5 | 3 | 4 | 4 | 3 | 1 | 1 | 0 | 0 | 0 | 3 | 4 | 0 | 0 | 4 | 0 | 3 | 2 | 4 | 0 | 0 | 
0 | 0 | 0 | 4 | 0 | 0 | 3 | 5 | 3 | 0 | 4 | 0 | 2 | 0 | 4 | 0 | 5 | 0 | 0 | 1 | 0 | 0 | 
0 | 4 | 0 | 0 | 1 | 2 | 3 | 0 | 5 | 4 | 3 | 0 | 5 | 2 | 0 | 4 | 1 | 3 | 0 | 4 | 2 | 4 | 1 | 5 | 
0 | 3 | 1 | 0 | 0 | 0 | 4 | 5 | 0 | 0 | 0 | 1 | 0 | 4 | 3 | 0 | 0 | 2 | 4 | 3 | 2 | 0 | 
0 | 4 | 4 | 0 | 0 | 3 | 2 | 0 | 0 | 0 | 0 | 5 | 1 | 5 | 2 | 0 | 0 | 1 | 2 | 0 | 1 | 0 | 0 | 0 | 
0 | 0 | 0 | 0 | 4 | 0 | 0 | 2 | 1 | 0 | 0 | 2 | 3 | 1 | 1 | 1 | 0 | 4 | 1 | 4 | 0 | 4 | 1 | 1 | 0 | 
1 | 1 | 1 | 3 | 1 | 2 | 0 | 2 | 0 | 1 | 2 | 2 | 0 | 0 | 1 | 1 | 1 | 1 | 1 | 1 | 0 | 0 | 1 | 1 | 5 | 4 | 
END. 
START for Step 690.
0 | 0 | 0 | 3 | 4 | 4 | 4 | 2 | 0 | 2 | 0 | 4 | 0 | 3 | 0 | 4 | 5 | 0 | 1 | 3 | 0 | 0 | 0 | 
0 | 3 | 2 | 5 | 3 | 4 | 4 | 3 | 1 | 1 | 0 | 0 | 0 | 3 | 4 | 0 | 0 | 4 | 0 | 3 | 2 | 4 | 0 | 0 | 
0 | 0 | 0 | 4 | 0 | 0 | 3 | 5 | 3 | 0 | 4 | 0 | 2 | 0 | 4 | 0 | 5 | 0 | 0 | 1 | 0 | 0 | 
0 | 4 | 0 | 0 | 1 | 2 | 3 | 0 | 5 | 4 | 3 | 0 | 5 | 2 | 0 | 4 | 1 | 3 | 0 | 4 | 2 | 4 | 1 | 5 | 
0 | 3 | 1 | 0 | 0 | 0 | 4 | 5 | 0 | 0 | 0 | 1 | 0 | 4 | 3 | 0 | 0 | 2 | 4 | 3 | 2 | 0 | 
0 | 4 | 4 | 0 | 0 | 3 | 2 | 0 | 0 | 0 | 0 | 5 | 1 | 5 | 2 | 0 | 0 | 1 | 2 | 0 | 1 | 0 | 0 | 0 | 
0 | 0 | 0 | 0 | 4 | 0 | 0 | 2 | 1 | 0 | 0 | 2 | 3 | 1 | 1 | 1 | 0 | 4 | 1 | 4 | 0 | 4 | 1 | 4 | 0 | 
1 | 1 | 1 | 3 | 1 | 2 | 0 | 2 | 0 | 1 | 2 | 2 | 0 | 0 | 1 | 1 | 1 | 1 | 1 | 1 | 0 | 0 | 1 | 1 | 5 | 4 | 
END. 
START for Step 700.
0 | 0 | 4 | 0 | 0 | 3 | 3 | 4 | 0 | 0 | 1 | 0 | 3 | 4 | 4 | 2 | 0 | 0 | 1 | 0 | 5 | 2 | 0 | 
0 | 0 | 1 | 0 | 2 | 0 | 5 | 2 | 3 | 0 | 3 | 0 | 3 | 4 | 0 | 4 | 3 | 4 | 3 | 1 | 4 | 0 | 0 | 4 | 
0 | 0 | 0 | 0 | 0 | 4 | 0 | 2 | 0 | 0 | 0 | 5 | 0 | 0 | 0 | 5 | 3 | 0 | 3 | 4 | 4 | 1 | 
0 | 5 | 5 | 0 | 2 | 3 | 0 | 4 | 0 | 1 | 4 | 3 | 0 | 1 | 5 | 1 | 2 | 0 | 0 | 3 | 2 | 4 | 4 | 1 | 
0 | 0 | 0 | 4 | 4 | 0 | 1 | 2 | 0 | 2 | 3 | 0 | 0 | 1 | 0 | 5 | 0 | 0 | 4 | 0 | 3 | 3 | 
0 | 0 | 0 | 2 | 1 | 0 | 0 | 0 | 5 | 1 | 0 | 4 | 1 | 2 | 0 | 0 | 3 | 0 | 0 | 4 | 2 | 5 | 0 | 0 | 
0 | 0 | 0 | 1 | 4 | 0 | 4 | 0 | 0 | 2 | 3 | 4 | 0 | 1 | 4 | 4 | 1 | 0 | 0 | 2 | 1 | 0 | 1 | 0 | 1 | 
1 | 4 | 2 | 1 | 0 | 1 | 1 | 1 | 0 | 1 | 5 | 1 | 0 | 0 | 1 | 1 | 2 | 0 | 0 | 1 | 3 | 2 | 1 | 1 | 2 | 1 | 
END. 
START for Step 710.
0 | 0 | 5 | 0 | 0 | 0 | 0 | 1 | 4 | 0 | 4 | 1 | 4 | 3 | 0 | 2 | 3 | 0 | 3 | 4 | 0 | 0 | 2 | 
0 | 4 | 0 | 1 | 0 | 3 | 1 | 4 | 0 | 2 | 0 | 4 | 3 | 5 | 0 | 3 | 0 | 4 | 3 | 4 | 0 | 2 | 3 | 0 | 
0 | 1 | 0 | 0 | 0 | 0 | 3 | 2 | 0 | 3 | 0 | 4 | 5 | 0 | 4 | 0 | 0 | 0 | 0 | 4 | 5 | 0 | 
0 | 1 | 4 | 5 | 5 | 4 | 1 | 3 | 0 | 2 | 0 | 3 | 1 | 0 | 4 | 5 | 0 | 4 | 2 | 3 | 0 | 2 | 0 | 1 | 
0 | 3 | 3 | 0 | 0 | 3 | 0 | 0 | 0 | 4 | 4 | 4 | 0 | 0 | 1 | 0 | 2 | 0 | 1 | 0 | 5 | 2 | 
0 | 0 | 0 | 0 | 0 | 4 | 0 | 0 | 1 | 5 | 1 | 2 | 2 | 0 | 0 | 2 | 1 | 4 | 0 | 3 | 0 | 5 | 0 | 0 | 
0 | 1 | 0 | 0 | 0 | 0 | 4 | 1 | 1 | 2 | 4 | 1 | 0 | 4 | 4 | 3 | 1 | 0 | 0 | 0 | 0 | 0 | 1 | 2 | 4 | 
1 | 1 | 1 | 2 | 2 | 1 | 1 | 1 | 0 | 0 | 1 | 2 | 2 | 1 | 0 | 1 | 2 | 1 | 3 | 1 | 0 | 0 | 1 | 1 | 0 | 5 | 
END. 
START for Step 720.
0 | 0 | 1 | 2 | 4 | 0 | 4 | 4 | 3 | 0 | 3 | 1 | 0 | 0 | 2 | 0 | 3 | 0 | 0 | 0 | 0 | 5 | 4 | 
0 | 4 | 0 | 4 | 0 | 4 | 3 | 0 | 3 | 3 | 4 | 2 | 4 | 0 | 3 | 2 | 5 | 0 | 1 | 3 | 1 | 0 | 0 | 0 | 
0 | 0 | 3 | 4 | 0 | 5 | 1 | 0 | 0 | 0 | 0 | 0 | 5 | 0 | 4 | 0 | 3 | 4 | 0 | 0 | 0 | 2 | 
0 | 0 | 3 | 4 | 2 | 0 | 1 | 1 | 0 | 4 | 5 | 0 | 3 | 1 | 5 | 0 | 2 | 3 | 2 | 4 | 5 | 4 | 1 | 0 | 
0 | 0 | 4 | 0 | 3 | 4 | 2 | 0 | 1 | 1 | 0 | 0 | 0 | 5 | 4 | 0 | 0 | 0 | 3 | 0 | 3 | 2 | 
0 | 4 | 2 | 3 | 2 | 0 | 0 | 2 | 0 | 1 | 1 | 0 | 0 | 0 | 1 | 0 | 0 | 0 | 5 | 4 | 0 | 0 | 0 | 5 | 
0 | 0 | 0 | 4 | 1 | 0 | 1 | 0 | 3 | 1 | 0 | 1 | 4 | 0 | 2 | 4 | 4 | 0 | 1 | 1 | 0 | 0 | 0 | 4 | 2 | 
1 | 3 | 2 | 2 | 0 | 0 | 1 | 2 | 1 | 1 | 1 | 1 | 1 | 0 | 1 | 2 | 0 | 1 | 0 | 1 | 1 | 1 | 2 | 1 | 5 | 0 | 
END. 
START for Step 730.
0 | 4 | 0 | 0 | 5 | 2 | 4 | 0 | 0 | 3 | 0 | 0 | 0 | 2 | 0 | 4 | 3 | 1 | 0 | 3 | 0 | 1 | 4 | 
0 | 3 | 1 | 0 | 0 | 3 | 4 | 2 | 5 | 0 | 1 | 4 | 0 | 0 | 3 | 0 | 3 | 4 | 3 | 0 | 4 | 4 | 2 | 0 | 
0 | 0 | 3 | 0 | 5 | 0 | 0 | 0 | 4 | 0 | 4 | 0 | 1 | 4 | 5 | 0 | 2 | 0 | 3 | 0 | 0 | 0 | 
0 | 1 | 3 | 4 | 0 | 2 | 0 | 2 | 5 | 2 | 5 | 1 | 4 | 0 | 4 | 0 | 4 | 3 | 1 | 5 | 1 | 3 | 0 | 0 | 
0 | 0 | 3 | 5 | 0 | 0 | 4 | 0 | 0 | 0 | 0 | 3 | 3 | 2 | 4 | 0 | 2 | 1 | 0 | 0 | 1 | 4 | 
0 | 0 | 0 | 0 | 0 | 0 | 3 | 4 | 1 | 0 | 0 | 5 | 0 | 0 | 2 | 4 | 5 | 0 | 2 | 1 | 0 | 0 | 1 | 2 | 
0 | 0 | 1 | 0 | 0 | 2 | 0 | 0 | 4 | 4 | 0 | 1 | 0 | 1 | 4 | 0 | 2 | 0 | 3 | 4 | 1 | 4 | 1 | 0 | 1 | 
1 | 2 | 1 | 0 | 1 | 0 | 0 | 3 | 1 | 2 | 1 | 2 | 1 | 2 | 0 | 1 | 0 | 1 | 2 | 1 | 5 | 1 | 1 | 0 | 1 | 1 | 
END. 
START for Step 740.
0 | 0 | 0 | 3 | 4 | 0 | 2 | 1 | 0 | 1 | 4 | 0 | 0 | 3 | 0 | 0 | 3 | 0 | 4 | 2 | 5 | 0 | 4 | 
0 | 3 | 4 | 0 | 0 | 4 | 4 | 4 | 4 | 0 | 1 | 0 | 0 | 5 | 2 | 3 | 2 | 1 | 3 | 3 | 0 | 3 | 0 | 0 | 
0 | 4 | 0 | 2 | 0 | 4 | 1 | 3 | 0 | 0 | 0 | 0 | 5 | 4 | 0 | 0 | 0 | 3 | 0 | 5 | 0 | 0 | 
0 | 2 | 5 | 0 | 0 | 4 | 3 | 1 | 3 | 2 | 5 | 5 | 3 | 0 | 2 | 1 | 4 | 0 | 1 | 0 | 4 | 4 | 0 | 1 | 
0 | 0 | 0 | 1 | 0 | 0 | 3 | 4 | 0 | 0 | 0 | 0 | 4 | 0 | 2 | 1 | 0 | 5 | 3 | 3 | 4 | 2 | 
0 | 5 | 1 | 5 | 4 | 1 | 0 | 2 | 3 | 0 | 0 | 0 | 2 | 0 | 1 | 0 | 0 | 0 | 0 | 0 | 0 | 4 | 2 | 0 | 
0 | 1 | 3 | 1 | 2 | 0 | 1 | 1 | 0 | 0 | 0 | 0 | 4 | 5 | 4 | 4 | 0 | 0 | 1 | 0 | 2 | 0 | 0 | 1 | 4 | 
1 | 1 | 1 | 1 | 0 | 3 | 2 | 0 | 1 | 2 | 0 | 2 | 2 | 0 | 0 | 1 | 1 | 1 | 1 | 1 | 2 | 0 | 1 | 1 | 1 | 5 | 
END. 
START for Step 750.
0 | 3 | 1 | 0 | 0 | 1 | 0 | 2 | 4 | 5 | 0 | 0 | 4 | 4 | 0 | 3 | 0 | 4 | 0 | 0 | 5 | 0 | 2 | 
0 | 5 | 4 | 4 | 0 | 0 | 0 | 3 | 0 | 4 | 1 | 0 | 4 | 2 | 4 | 2 | 0 | 3 | 3 | 3 | 0 | 0 | 1 | 3 | 
0 | 4 | 0 | 0 | 5 | 0 | 4 | 2 | 0 | 5 | 1 | 3 | 0 | 0 | 0 | 0 | 0 | 0 | 3 | 0 | 0 | 5 | 
0 | 5 | 1 | 0 | 3 | 5 | 4 | 0 | 4 | 0 | 1 | 0 | 2 | 2 | 5 | 0 | 3 | 1 | 4 | 4 | 2 | 1 | 5 | 0 | 
0 | 0 | 0 | 0 | 0 | 4 | 0 | 2 | 3 | 0 | 4 | 0 | 4 | 1 | 1 | 3 | 0 | 5 | 0 | 2 | 0 | 5 | 
0 | 0 | 1 | 0 | 4 | 2 | 0 | 5 | 0 | 2 | 0 | 0 | 2 | 3 | 1 | 0 | 0 | 4 | 1 | 0 | 5 | 0 | 0 | 0 | 
0 | 5 | 1 | 4 | 0 | 0 | 2 | 0 | 4 | 1 | 1 | 1 | 0 | 4 | 1 | 0 | 0 | 0 | 0 | 3 | 0 | 1 | 4 | 0 | 2 | 
1 | 1 | 0 | 1 | 3 | 2 | 2 | 2 | 0 | 1 | 0 | 1 | 1 | 1 | 0 | 1 | 1 | 0 | 2 | 1 | 1 | 1 | 1 | 5 | 2 | 0 | 
END. 
START for Step 760.
0 | 0 | 4 | 1 | 4 | 0 | 0 | 0 | 0 | 3 | 5 | 0 | 0 | 4 | 3 | 0 | 2 | 5 | 2 | 1 | 0 | 4 | 0 | 
0 | 4 | 4 | 3 | 0 | 3 | 3 | 0 | 1 | 0 | 5 | 3 | 4 | 0 | 4 | 1 | 3 | 0 | 0 | 4 | 2 | 1 | 0 | 0 | 
0 | 3 | 0 | 0 | 0 | 0 | 0 | 0 | 0 | 5 | 4 | 0 | 1 | 0 | 2 | 3 | 5 | 4 | 5 | 0 | 0 | 0 | 
0 | 2 | 2 | 5 | 1 | 3 | 4 | 5 | 5 | 0 | 4 | 1 | 0 | 0 | 5 | 0 | 4 | 4 | 3 | 2 | 0 | 1 | 0 | 1 | 
0 | 0 | 0 | 0 | 0 | 3 | 0 | 0 | 0 | 2 | 3 | 0 | 1 | 0 | 5 | 5 | 4 | 4 | 1 | 1 | 4 | 0 | 
0 | 5 | 3 | 1 | 0 | 0 | 1 | 4 | 0 | 0 | 2 | 0 | 0 | 0 | 4 | 5 | 0 | 0 | 0 | 2 | 1 | 0 | 1 | 0 | 
0 | 1 | 0 | 1 | 0 | 0 | 3 | 0 | 0 | 0 | 4 | 5 | 0 | 1 | 0 | 2 | 1 | 1 | 2 | 0 | 4 | 0 | 4 | 1 | 4 | 
1 | 1 | 0 | 0 | 2 | 0 | 1 | 1 | 2 | 2 | 0 | 1 | 1 | 1 | 3 | 0 | 1 | 1 | 0 | 1 | 2 | 2 | 1 | 5 | 1 | 1 | 
END. 
START for Step 770.
0 | 0 | 4 | 5 | 0 | 0 | 0 | 2 | 3 | 0 | 0 | 0 | 4 | 5 | 0 | 1 | 4 | 0 | 3 | 0 | 1 | 0 | 2 | 
0 | 3 | 3 | 3 | 3 | 0 | 0 | 1 | 0 | 5 | 0 | 0 | 1 | 0 | 4 | 0 | 1 | 4 | 0 | 4 | 4 | 2 | 4 | 3 | 
0 | 0 | 0 | 0 | 0 | 5 | 0 | 0 | 0 | 4 | 0 | 2 | 0 | 3 | 0 | 0 | 3 | 5 | 1 | 0 | 0 | 5 | 
0 | 0 | 1 | 4 | 0 | 3 | 0 | 0 | 4 | 1 | 0 | 5 | 2 | 5 | 2 | 4 | 3 | 0 | 1 | 5 | 2 | 5 | 1 | 0 | 
0 | 3 | 2 | 0 | 1 | 0 | 0 | 1 | 0 | 0 | 0 | 0 | 5 | 0 | 4 | 4 | 3 | 1 | 4 | 0 | 0 | 5 | 
0 | 4 | 0 | 0 | 1 | 2 | 0 | 4 | 0 | 0 | 5 | 0 | 5 | 0 | 3 | 0 | 0 | 2 | 1 | 0 | 1 | 1 | 0 | 0 | 
0 | 0 | 0 | 0 | 3 | 4 | 0 | 0 | 0 | 5 | 4 | 2 | 0 | 1 | 0 | 0 | 0 | 1 | 1 | 1 | 1 | 4 | 1 | 4 | 2 | 
1 | 1 | 2 | 1 | 1 | 0 | 0 | 1 | 3 | 2 | 1 | 5 | 0 | 2 | 1 | 2 | 0 | 1 | 1 | 2 | 1 | 1 | 1 | 0 | 1 | 0 | 
END. 
START for Step 780.
0 | 0 | 1 | 0 | 3 | 0 | 2 | 0 | 0 | 1 | 4 | 0 | 0 | 1 | 5 | 0 | 0 | 0 | 5 | 3 | 4 | 0 | 4 | 
0 | 0 | 0 | 3 | 0 | 5 | 0 | 0 | 1 | 0 | 4 | 4 | 3 | 4 | 3 | 3 | 1 | 2 | 1 | 4 | 0 | 4 | 3 | 0 | 
0 | 5 | 1 | 5 | 0 | 0 | 4 | 0 | 0 | 3 | 0 | 5 | 0 | 0 | 0 | 0 | 0 | 0 | 0 | 1 | 0 | 3 | 
0 | 0 | 0 | 0 | 1 | 0 | 3 | 4 | 5 | 3 | 2 | 1 | 0 | 5 | 4 | 5 | 1 | 0 | 1 | 4 | 5 | 1 | 2 | 0 | 
0 | 5 | 1 | 0 | 0 | 0 | 0 | 4 | 0 | 0 | 3 | 0 | 2 | 0 | 0 | 4 | 1 | 3 | 5 | 1 | 0 | 4 | 
0 | 2 | 5 | 0 | 0 | 4 | 0 | 0 | 0 | 0 | 2 | 3 | 0 | 4 | 1 | 0 | 1 | 0 | 1 | 0 | 0 | 0 | 5 | 1 | 
0 | 4 | 2 | 2 | 4 | 0 | 5 | 0 | 1 | 0 | 0 | 4 | 0 | 1 | 0 | 3 | 0 | 4 | 0 | 1 | 0 | 1 | 0 | 1 | 1 | 
1 | 0 | 0 | 0 | 5 | 3 | 1 | 0 | 2 | 1 | 2 | 2 | 0 | 1 | 1 | 0 | 1 | 1 | 2 | 1 | 1 | 1 | 1 | 2 | 1 | 1 | 
END. 
START for Step 790.
0 | 1 | 0 | 4 | 0 | 0 | 1 | 2 | 5 | 3 | 4 | 0 | 0 | 3 | 0 | 0 | 0 | 0 | 5 | 4 | 1 | 0 | 0 | 
0 | 4 | 1 | 4 | 0 | 3 | 1 | 3 | 0 | 0 | 0 | 5 | 3 | 4 | 2 | 4 | 0 | 0 | 3 | 3 | 0 | 0 | 4 | 1 | 
0 | 3 | 0 | 0 | 0 | 5 | 0 | 5 | 4 | 0 | 1 | 0 | 1 | 0 | 0 | 0 | 0 | 0 | 5 | 0 | 3 | 0 | 
0 | 5 | 2 | 3 | 0 | 0 | 0 | 4 | 4 | 0 | 1 | 1 | 1 | 5 | 0 | 5 | 0 | 4 | 1 | 0 | 3 | 1 | 2 | 5 | 
0 | 0 | 0 | 0 | 3 | 1 | 5 | 5 | 0 | 3 | 4 | 1 | 0 | 0 | 0 | 2 | 1 | 4 | 4 | 0 | 0 | 0 | 
0 | 1 | 0 | 3 | 0 | 4 | 0 | 0 | 2 | 0 | 0 | 0 | 1 | 5 | 0 | 4 | 1 | 0 | 0 | 1 | 2 | 0 | 5 | 0 | 
0 | 1 | 1 | 0 | 0 | 0 | 0 | 2 | 0 | 4 | 5 | 0 | 1 | 4 | 1 | 2 | 0 | 0 | 3 | 0 | 4 | 1 | 4 | 1 | 0 | 
1 | 0 | 1 | 0 | 0 | 1 | 1 | 0 | 2 | 1 | 0 | 1 | 2 | 1 | 1 | 0 | 2 | 3 | 1 | 1 | 5 | 1 | 2 | 1 | 1 | 2 | 
END. 
START for Step 800.
0 | 1 | 0 | 4 | 0 | 0 | 1 | 2 | 5 | 3 | 4 | 0 | 0 | 3 | 0 | 0 | 0 | 0 | 5 | 4 | 1 | 0 | 0 | 
0 | 4 | 1 | 4 | 0 | 3 | 5 | 3 | 0 | 0 | 0 | 5 | 3 | 4 | 2 | 4 | 0 | 0 | 3 | 3 | 0 | 0 | 4 | 1 | 
0 | 3 | 0 | 0 | 0 | 5 | 0 | 5 | 4 | 0 | 1 | 0 | 1 | 0 | 0 | 0 | 0 | 0 | 5 | 0 | 3 | 0 | 
0 | 5 | 2 | 3 | 0 | 0 | 0 | 4 | 4 | 0 | 1 | 1 | 1 | 5 | 0 | 5 | 0 | 4 | 1 | 0 | 3 | 1 | 2 | 5 | 
0 | 0 | 0 | 0 | 3 | 1 | 5 | 5 | 0 | 3 | 4 | 1 | 0 | 0 | 0 | 2 | 5 | 4 | 4 | 0 | 0 | 0 | 
0 | 1 | 0 | 3 | 0 | 4 | 0 | 0 | 2 | 0 | 0 | 0 | 1 | 5 | 0 | 4 | 1 | 0 | 0 | 5 | 2 | 0 | 5 | 0 | 
0 | 1 | 1 | 0 | 0 | 0 | 0 | 2 | 0 | 4 | 5 | 0 | 1 | 4 | 1 | 2 | 0 | 0 | 3 | 0 | 4 | 1 | 4 | 1 | 0 | 
1 | 0 | 1 | 0 | 0 | 1 | 1 | 0 | 2 | 1 | 0 | 1 | 2 | 1 | 1 | 0 | 2 | 3 | 1 | 1 | 5 | 1 | 2 | 1 | 1 | 2 | 
END. 
START for Step 810.
0 | 0 | 1 | 4 | 0 | 2 | 1 | 0 | 4 | 0 | 0 | 0 | 5 | 4 | 3 | 0 | 1 | 5 | 0 | 0 | 3 | 0 | 0 | 
0 | 3 | 4 | 0 | 0 | 0 | 4 | 3 | 1 | 2 | 0 | 4 | 1 | 0 | 4 | 5 | 5 | 0 | 3 | 3 | 0 | 0 | 4 | 3 | 
0 | 0 | 5 | 1 | 0 | 0 | 0 | 0 | 0 | 0 | 1 | 3 | 0 | 4 | 0 | 5 | 0 | 0 | 5 | 0 | 0 | 3 | 
0 | 0 | 3 | 0 | 0 | 4 | 5 | 1 | 1 | 5 | 1 | 1 | 1 | 4 | 2 | 0 | 5 | 0 | 4 | 3 | 0 | 0 | 5 | 2 | 
0 | 3 | 4 | 4 | 0 | 0 | 0 | 4 | 5 | 3 | 0 | 5 | 0 | 0 | 1 | 0 | 5 | 2 | 0 | 1 | 0 | 0 | 
0 | 4 | 2 | 5 | 5 | 1 | 0 | 0 | 0 | 2 | 0 | 0 | 0 | 0 | 3 | 0 | 0 | 0 | 0 | 0 | 2 | 4 | 1 | 5 | 
0 | 0 | 1 | 2 | 1 | 4 | 0 | 0 | 4 | 4 | 1 | 1 | 0 | 0 | 5 | 0 | 0 | 2 | 0 | 0 | 4 | 0 | 1 | 3 | 1 | 
1 | 1 | 2 | 1 | 0 | 2 | 0 | 1 | 2 | 2 | 5 | 1 | 1 | 1 | 0 | 1 | 1 | 2 | 0 | 1 | 0 | 0 | 3 | 1 | 1 | 1 | 
END. 
START for Step 820.
0 | 0 | 1 | 4 | 0 | 2 | 1 | 0 | 4 | 0 | 0 | 0 | 5 | 4 | 3 | 0 | 1 | 5 | 0 | 0 | 3 | 0 | 0 | 
0 | 3 | 4 | 0 | 0 | 0 | 4 | 3 | 1 | 2 | 0 | 4 | 1 | 0 | 4 | 5 | 5 | 0 | 3 | 3 | 0 | 0 | 4 | 3 | 
0 | 0 | 5 | 1 | 0 | 0 | 0 | 0 | 0 | 0 | 1 | 3 | 0 | 4 | 0 | 5 | 0 | 0 | 5 | 0 | 0 | 3 | 
0 | 0 | 3 | 0 | 0 | 4 | 5 | 1 | 1 | 5 | 1 | 1 | 1 | 4 | 2 | 0 | 5 | 0 | 4 | 3 | 0 | 0 | 5 | 2 | 
0 | 3 | 4 | 4 | 0 | 0 | 0 | 4 | 5 | 3 | 0 | 5 | 0 | 0 | 1 | 0 | 5 | 2 | 0 | 1 | 0 | 0 | 
0 | 4 | 2 | 5 | 5 | 1 | 0 | 0 | 0 | 2 | 0 | 0 | 0 | 0 | 3 | 0 | 0 | 0 | 0 | 0 | 2 | 4 | 1 | 5 | 
0 | 0 | 1 | 2 | 1 | 4 | 0 | 0 | 4 | 4 | 1 | 1 | 0 | 0 | 5 | 0 | 0 | 2 | 0 | 0 | 4 | 0 | 1 | 3 | 1 | 
1 | 1 | 2 | 1 | 0 | 2 | 0 | 1 | 2 | 2 | 5 | 1 | 1 | 1 | 0 | 1 | 1 | 2 | 0 | 1 | 0 | 0 | 3 | 1 | 1 | 1 | 
END. 
START for Step 830.
0 | 0 | 5 | 4 | 0 | 4 | 0 | 3 | 0 | 0 | 0 | 1 | 0 | 2 | 0 | 1 | 0 | 0 | 1 | 0 | 3 | 5 | 4 | 
0 | 3 | 3 | 2 | 0 | 0 | 0 | 5 | 0 | 3 | 3 | 4 | 0 | 0 | 5 | 4 | 4 | 1 | 1 | 0 | 3 | 4 | 0 | 4 | 
0 | 0 | 0 | 0 | 0 | 5 | 0 | 4 | 1 | 0 | 0 | 5 | 0 | 0 | 1 | 3 | 0 | 3 | 0 | 5 | 0 | 0 | 
0 | 0 | 4 | 1 | 1 | 0 | 0 | 3 | 0 | 0 | 3 | 5 | 4 | 0 | 1 | 5 | 5 | 2 | 1 | 0 | 1 | 5 | 4 | 2 | 
0 | 0 | 2 | 4 | 4 | 0 | 3 | 0 | 4 | 0 | 1 | 3 | 0 | 0 | 0 | 0 | 5 | 5 | 0 | 1 | 5 | 0 | 
0 | 4 | 0 | 0 | 2 | 2 | 5 | 0 | 0 | 5 | 4 | 1 | 2 | 0 | 0 | 1 | 0 | 0 | 5 | 0 | 0 | 0 | 0 | 3 | 
0 | 0 | 0 | 0 | 4 | 4 | 1 | 0 | 5 | 2 | 0 | 3 | 0 | 0 | 1 | 1 | 1 | 0 | 1 | 4 | 2 | 4 | 1 | 0 | 0 | 
1 | 3 | 1 | 2 | 0 | 1 | 0 | 1 | 0 | 1 | 1 | 2 | 2 | 2 | 1 | 1 | 0 | 1 | 2 | 1 | 5 | 0 | 1 | 1 | 1 | 0 | 
END. 
START for Step 840.
0 | 0 | 0 | 0 | 4 | 0 | 3 | 2 | 0 | 1 | 0 | 4 | 0 | 5 | 0 | 1 | 3 | 0 | 4 | 5 | 0 | 1 | 0 | 
0 | 0 | 4 | 0 | 4 | 0 | 2 | 0 | 4 | 0 | 0 | 0 | 1 | 5 | 0 | 4 | 5 | 4 | 1 | 3 | 3 | 3 | 3 | 3 | 
0 | 0 | 3 | 1 | 0 | 0 | 0 | 0 | 5 | 0 | 0 | 3 | 0 | 5 | 4 | 1 | 0 | 0 | 0 | 0 | 5 | 0 | 
0 | 0 | 2 | 0 | 2 | 5 | 5 | 4 | 1 | 0 | 5 | 3 | 0 | 1 | 0 | 4 | 1 | 3 | 1 | 5 | 1 | 4 | 0 | 0 | 
0 | 0 | 0 | 0 | 0 | 1 | 4 | 0 | 4 | 5 | 0 | 1 | 5 | 0 | 4 | 0 | 3 | 0 | 2 | 3 | 5 | 0 | 
0 | 4 | 5 | 5 | 3 | 0 | 2 | 2 | 1 | 0 | 5 | 0 | 0 | 0 | 0 | 2 | 0 | 0 | 0 | 0 | 0 | 4 | 0 | 1 | 
0 | 0 | 1 | 2 | 0 | 0 | 1 | 4 | 4 | 1 | 0 | 1 | 4 | 1 | 0 | 0 | 4 | 5 | 1 | 0 | 0 | 0 | 0 | 2 | 3 | 
1 | 3 | 1 | 0 | 0 | 2 | 1 | 2 | 0 | 0 | 0 | 1 | 5 | 1 | 1 | 1 | 1 | 2 | 1 | 1 | 2 | 2 | 1 | 1 | 0 | 1 | 
END. 
START for Step 850.
0 | 0 | 0 | 3 | 2 | 5 | 0 | 0 | 3 | 0 | 0 | 1 | 5 | 1 | 0 | 4 | 0 | 4 | 0 | 0 | 4 | 0 | 1 | 
0 | 3 | 0 | 4 | 0 | 3 | 1 | 4 | 5 | 5 | 2 | 0 | 1 | 0 | 4 | 0 | 4 | 0 | 0 | 4 | 3 | 3 | 0 | 3 | 
0 | 0 | 0 | 0 | 0 | 3 | 1 | 4 | 0 | 0 | 0 | 0 | 5 | 0 | 5 | 3 | 0 | 0 | 0 | 0 | 1 | 5 | 
0 | 0 | 3 | 5 | 4 | 4 | 1 | 0 | 1 | 1 | 5 | 5 | 3 | 4 | 5 | 1 | 0 | 0 | 2 | 2 | 0 | 1 | 0 | 0 | 
0 | 3 | 1 | 2 | 0 | 3 | 0 | 1 | 4 | 5 | 0 | 0 | 4 | 5 | 0 | 0 | 4 | 0 | 0 | 0 | 0 | 5 | 
0 | 4 | 0 | 0 | 0 | 0 | 0 | 2 | 0 | 0 | 0 | 2 | 0 | 1 | 0 | 2 | 5 | 5 | 3 | 1 | 4 | 0 | 5 | 0 | 
0 | 0 | 0 | 1 | 0 | 1 | 1 | 5 | 0 | 4 | 4 | 0 | 0 | 0 | 1 | 4 | 4 | 1 | 1 | 0 | 3 | 0 | 0 | 2 | 2 | 
1 | 1 | 0 | 1 | 2 | 1 | 1 | 1 | 1 | 1 | 5 | 2 | 2 | 2 | 1 | 0 | 1 | 0 | 1 | 1 | 0 | 1 | 3 | 2 | 0 | 0 | 
END. 
START for Step 860.
0 | 4 | 1 | 1 | 5 | 4 | 0 | 0 | 0 | 0 | 0 | 1 | 0 | 2 | 0 | 0 | 5 | 3 | 3 | 0 | 4 | 0 | 0 | 
0 | 0 | 4 | 3 | 3 | 4 | 2 | 3 | 0 | 4 | 4 | 0 | 5 | 0 | 0 | 3 | 0 | 0 | 5 | 4 | 0 | 3 | 1 | 1 | 
0 | 5 | 5 | 0 | 0 | 0 | 0 | 0 | 0 | 1 | 0 | 0 | 0 | 0 | 1 | 4 | 2 | 3 | 0 | 0 | 3 | 0 | 
0 | 0 | 3 | 0 | 4 | 2 | 0 | 1 | 5 | 1 | 5 | 3 | 0 | 1 | 4 | 0 | 0 | 4 | 5 | 0 | 2 | 1 | 1 | 5 | 
0 | 4 | 4 | 2 | 2 | 0 | 0 | 4 | 0 | 0 | 3 | 0 | 1 | 5 | 3 | 5 | 0 | 1 | 0 | 0 | 0 | 0 | 
0 | 5 | 2 | 0 | 0 | 3 | 4 | 2 | 1 | 0 | 0 | 1 | 0 | 0 | 4 | 2 | 0 | 0 | 2 | 5 | 0 | 0 | 0 | 0 | 
0 | 1 | 2 | 0 | 0 | 0 | 4 | 3 | 0 | 1 | 1 | 0 | 0 | 4 | 0 | 2 | 0 | 5 | 1 | 4 | 1 | 0 | 4 | 1 | 0 | 
1 | 1 | 2 | 0 | 1 | 0 | 3 | 1 | 2 | 1 | 0 | 0 | 1 | 5 | 2 | 1 | 0 | 1 | 1 | 1 | 0 | 1 | 2 | 1 | 1 | 2 | 
END. 
START for Step 870.
0 | 1 | 4 | 2 | 0 | 3 | 5 | 0 | 0 | 1 | 0 | 5 | 0 | 4 | 0 | 0 | 2 | 0 | 1 | 0 | 3 | 0 | 0 | 
0 | 3 | 0 | 4 | 0 | 0 | 5 | 0 | 0 | 3 | 0 | 4 | 1 | 3 | 0 | 1 | 3 | 4 | 0 | 3 | 5 | 4 | 2 | 4 | 
0 | 5 | 0 | 1 | 2 | 4 | 0 | 0 | 0 | 3 | 0 | 0 | 0 | 0 | 1 | 0 | 0 | 0 | 5 | 0 | 3 | 0 | 
0 | 0 | 0 | 2 | 0 | 0 | 4 | 3 | 0 | 1 | 5 | 4 | 5 | 5 | 1 | 1 | 0 | 4 | 0 | 3 | 1 | 5 | 2 | 1 | 
0 | 2 | 4 | 0 | 0 | 5 | 3 | 5 | 0 | 0 | 2 | 0 | 0 | 3 | 0 | 0 | 1 | 4 | 4 | 1 | 0 | 0 | 
0 | 0 | 5 | 3 | 2 | 2 | 0 | 0 | 0 | 4 | 0 | 1 | 0 | 0 | 0 | 0 | 0 | 0 | 4 | 1 | 2 | 2 | 5 | 0 | 
0 | 2 | 1 | 0 | 2 | 4 | 5 | 0 | 0 | 0 | 4 | 1 | 1 | 0 | 0 | 0 | 0 | 1 | 0 | 3 | 0 | 4 | 1 | 1 | 4 | 
1 | 0 | 1 | 0 | 0 | 0 | 1 | 1 | 0 | 1 | 5 | 0 | 1 | 1 | 2 | 2 | 2 | 1 | 3 | 2 | 1 | 1 | 2 | 1 | 1 | 1 | 
END. 
START for Step 880.
0 | 1 | 4 | 2 | 0 | 3 | 5 | 0 | 0 | 1 | 0 | 5 | 0 | 4 | 0 | 0 | 2 | 0 | 1 | 0 | 3 | 0 | 0 | 
0 | 3 | 0 | 4 | 0 | 0 | 5 | 0 | 0 | 3 | 0 | 4 | 1 | 3 | 0 | 1 | 3 | 4 | 0 | 3 | 5 | 4 | 2 | 4 | 
0 | 5 | 0 | 1 | 3 | 4 | 0 | 0 | 0 | 3 | 0 | 0 | 0 | 0 | 1 | 0 | 0 | 0 | 5 | 0 | 3 | 0 | 
0 | 0 | 0 | 2 | 0 | 0 | 4 | 3 | 0 | 1 | 5 | 4 | 5 | 5 | 1 | 1 | 0 | 4 | 0 | 3 | 1 | 5 | 2 | 1 | 
0 | 3 | 4 | 0 | 0 | 5 | 3 | 5 | 0 | 0 | 2 | 0 | 0 | 3 | 0 | 0 | 1 | 4 | 4 | 1 | 0 | 0 | 
0 | 0 | 5 | 3 | 3 | 2 | 0 | 0 | 0 | 4 | 0 | 1 | 0 | 0 | 0 | 0 | 0 | 0 | 4 | 1 | 2 | 2 | 5 | 0 | 
0 | 2 | 1 | 0 | 2 | 4 | 4 | 0 | 0 | 0 | 4 | 1 | 1 | 0 | 0 | 0 | 0 | 1 | 0 | 3 | 0 | 4 | 1 | 1 | 4 | 
1 | 0 | 1 | 0 | 0 | 0 | 1 | 1 | 0 | 1 | 5 | 0 | 1 | 1 | 2 | 2 | 2 | 1 | 3 | 2 | 1 | 1 | 2 | 1 | 1 | 1 | 
END. 
START for Step 890.
0 | 1 | 4 | 2 | 0 | 3 | 5 | 0 | 0 | 1 | 0 | 5 | 0 | 4 | 0 | 0 | 2 | 0 | 1 | 0 | 3 | 0 | 0 | 
0 | 3 | 0 | 4 | 0 | 0 | 5 | 0 | 0 | 3 | 0 | 4 | 1 | 3 | 0 | 1 | 3 | 4 | 0 | 3 | 5 | 4 | 2 | 4 | 
0 | 5 | 0 | 1 | 0 | 4 | 0 | 0 | 0 | 3 | 0 | 0 | 0 | 0 | 1 | 0 | 0 | 0 | 5 | 0 | 3 | 0 | 
0 | 0 | 0 | 2 | 0 | 0 | 4 | 3 | 0 | 1 | 5 | 4 | 5 | 5 | 1 | 1 | 0 | 4 | 0 | 3 | 1 | 5 | 2 | 1 | 
0 | 0 | 4 | 0 | 0 | 5 | 3 | 5 | 0 | 0 | 2 | 0 | 0 | 3 | 0 | 0 | 1 | 4 | 4 | 1 | 0 | 0 | 
0 | 0 | 5 | 3 | 0 | 2 | 0 | 0 | 0 | 4 | 0 | 1 | 0 | 0 | 0 | 0 | 0 | 0 | 4 | 1 | 2 | 2 | 5 | 0 | 
0 | 2 | 1 | 0 | 2 | 4 | 4 | 0 | 0 | 0 | 4 | 1 | 1 | 0 | 0 | 0 | 0 | 1 | 0 | 3 | 0 | 4 | 1 | 1 | 4 | 
1 | 0 | 1 | 0 | 0 | 0 | 1 | 1 | 0 | 1 | 5 | 0 | 1 | 1 | 2 | 2 | 2 | 1 | 3 | 2 | 1 | 1 | 2 | 1 | 1 | 1 | 
END. 
START for Step 900.
0 | 1 | 2 | 0 | 4 | 0 | 2 | 1 | 0 | 3 | 5 | 0 | 0 | 0 | 3 | 4 | 0 | 0 | 0 | 0 | 1 | 0 | 5 | 
0 | 3 | 0 | 0 | 3 | 0 | 4 | 4 | 5 | 3 | 2 | 3 | 4 | 4 | 5 | 3 | 1 | 0 | 0 | 1 | 0 | 4 | 0 | 0 | 
0 | 5 | 0 | 0 | 0 | 3 | 0 | 0 | 4 | 0 | 0 | 0 | 1 | 0 | 0 | 0 | 0 | 3 | 1 | 5 | 0 | 0 | 
0 | 0 | 4 | 1 | 0 | 2 | 2 | 5 | 1 | 4 | 1 | 0 | 1 | 5 | 0 | 1 | 5 | 3 | 5 | 0 | 3 | 0 | 0 | 4 | 
0 | 0 | 5 | 0 | 4 | 0 | 0 | 0 | 0 | 0 | 2 | 4 | 3 | 3 | 1 | 1 | 0 | 0 | 0 | 4 | 0 | 5 | 
0 | 0 | 0 | 1 | 5 | 5 | 3 | 1 | 0 | 0 | 0 | 2 | 4 | 0 | 0 | 0 | 0 | 0 | 0 | 0 | 2 | 2 | 4 | 0 | 
0 | 2 | 4 | 3 | 1 | 1 | 0 | 1 | 4 | 4 | 0 | 4 | 0 | 1 | 1 | 0 | 0 | 0 | 0 | 0 | 1 | 2 | 4 | 0 | 0 | 
1 | 0 | 2 | 5 | 1 | 1 | 1 | 0 | 0 | 1 | 1 | 1 | 1 | 1 | 1 | 1 | 2 | 2 | 0 | 2 | 1 | 0 | 2 | 0 | 3 | 1 | 
END. 
START for Step 910.
0 | 0 | 2 | 1 | 4 | 1 | 5 | 3 | 0 | 0 | 0 | 5 | 0 | 0 | 4 | 2 | 0 | 0 | 1 | 3 | 0 | 0 | 0 | 
0 | 5 | 4 | 3 | 0 | 4 | 0 | 5 | 3 | 0 | 2 | 3 | 1 | 4 | 3 | 0 | 0 | 0 | 1 | 0 | 3 | 4 | 4 | 0 | 
0 | 0 | 0 | 5 | 5 | 4 | 0 | 0 | 0 | 0 | 3 | 1 | 0 | 0 | 0 | 0 | 0 | 0 | 0 | 0 | 1 | 3 | 
0 | 0 | 0 | 2 | 0 | 0 | 3 | 4 | 3 | 1 | 4 | 1 | 1 | 0 | 4 | 1 | 5 | 5 | 0 | 5 | 5 | 1 | 0 | 2 | 
0 | 0 | 1 | 0 | 0 | 4 | 4 | 5 | 0 | 0 | 4 | 2 | 0 | 3 | 5 | 0 | 0 | 3 | 0 | 1 | 0 | 0 | 
0 | 4 | 3 | 0 | 5 | 2 | 0 | 0 | 1 | 0 | 2 | 0 | 0 | 0 | 0 | 2 | 0 | 0 | 0 | 4 | 1 | 0 | 0 | 5 | 
0 | 0 | 0 | 0 | 2 | 1 | 0 | 4 | 3 | 0 | 4 | 0 | 1 | 1 | 0 | 4 | 4 | 0 | 0 | 0 | 1 | 1 | 4 | 2 | 1 | 
1 | 3 | 1 | 0 | 0 | 1 | 2 | 1 | 1 | 1 | 0 | 1 | 1 | 1 | 2 | 0 | 2 | 5 | 2 | 2 | 1 | 0 | 1 | 1 | 0 | 1 | 
END. 
START for Step 920.
0 | 0 | 3 | 0 | 0 | 4 | 4 | 0 | 2 | 0 | 1 | 1 | 0 | 0 | 2 | 0 | 1 | 5 | 2 | 5 | 0 | 0 | 0 | 
0 | 3 | 5 | 1 | 2 | 0 | 1 | 4 | 2 | 3 | 4 | 0 | 4 | 4 | 0 | 4 | 4 | 3 | 0 | 0 | 5 | 0 | 0 | 0 | 
0 | 0 | 4 | 3 | 3 | 0 | 0 | 0 | 0 | 0 | 5 | 0 | 1 | 0 | 0 | 5 | 0 | 0 | 0 | 1 | 0 | 0 | 
0 | 0 | 2 | 1 | 0 | 0 | 5 | 2 | 1 | 0 | 5 | 2 | 1 | 5 | 1 | 3 | 4 | 4 | 0 | 0 | 4 | 0 | 5 | 1 | 
0 | 3 | 0 | 0 | 0 | 4 | 0 | 0 | 0 | 4 | 0 | 0 | 3 | 1 | 5 | 0 | 4 | 2 | 1 | 5 | 0 | 0 | 
0 | 4 | 0 | 0 | 5 | 0 | 5 | 4 | 0 | 3 | 2 | 0 | 1 | 0 | 0 | 0 | 1 | 2 | 0 | 2 | 0 | 0 | 0 | 0 | 
0 | 0 | 4 | 1 | 1 | 0 | 1 | 0 | 0 | 0 | 4 | 2 | 1 | 0 | 1 | 1 | 4 | 3 | 0 | 4 | 0 | 0 | 2 | 0 | 4 | 
1 | 1 | 1 | 1 | 1 | 2 | 1 | 3 | 2 | 0 | 0 | 0 | 0 | 1 | 1 | 5 | 1 | 2 | 1 | 2 | 0 | 1 | 1 | 0 | 2 | 1 | 
END. 
START for Step 930.
0 | 0 | 3 | 0 | 0 | 4 | 4 | 0 | 2 | 0 | 1 | 1 | 0 | 0 | 2 | 0 | 1 | 5 | 2 | 5 | 0 | 0 | 0 | 
0 | 3 | 5 | 1 | 2 | 0 | 1 | 4 | 2 | 3 | 4 | 0 | 4 | 4 | 0 | 4 | 4 | 3 | 0 | 0 | 5 | 0 | 0 | 0 | 
0 | 0 | 4 | 3 | 3 | 0 | 0 | 0 | 0 | 0 | 5 | 0 | 1 | 0 | 0 | 5 | 0 | 0 | 0 | 1 | 0 | 0 | 
0 | 0 | 2 | 1 | 0 | 0 | 5 | 2 | 1 | 0 | 5 | 2 | 1 | 5 | 1 | 3 | 4 | 4 | 0 | 0 | 4 | 0 | 5 | 1 | 
0 | 3 | 0 | 0 | 0 | 4 | 0 | 0 | 0 | 4 | 0 | 0 | 3 | 1 | 5 | 0 | 4 | 2 | 1 | 5 | 0 | 0 | 
0 | 4 | 0 | 0 | 5 | 0 | 5 | 4 | 0 | 3 | 2 | 0 | 1 | 0 | 0 | 0 | 1 | 2 | 0 | 2 | 0 | 0 | 0 | 0 | 
0 | 0 | 4 | 1 | 1 | 0 | 1 | 0 | 0 | 0 | 4 | 2 | 1 | 0 | 1 | 1 | 4 | 3 | 0 | 4 | 0 | 0 | 2 | 0 | 4 | 
1 | 1 | 1 | 1 | 1 | 2 | 1 | 3 | 2 | 0 | 0 | 0 | 0 | 1 | 1 | 5 | 1 | 2 | 1 | 2 | 0 | 1 | 1 | 0 | 2 | 1 | 
END. 
START for Step 940.
0 | 1 | 4 | 5 | 0 | 4 | 0 | 1 | 2 | 0 | 0 | 5 | 0 | 0 | 0 | 0 | 1 | 3 | 0 | 2 | 0 | 0 | 2 | 
0 | 0 | 4 | 0 | 0 | 0 | 2 | 1 | 4 | 0 | 4 | 4 | 3 | 2 | 0 | 3 | 5 | 3 | 5 | 4 | 1 | 0 | 4 | 0 | 
0 | 0 | 0 | 0 | 3 | 5 | 0 | 0 | 1 | 0 | 0 | 0 | 3 | 0 | 5 | 4 | 0 | 0 | 1 | 0 | 0 | 0 | 
0 | 1 | 5 | 0 | 4 | 2 | 1 | 3 | 4 | 1 | 4 | 1 | 5 | 2 | 1 | 0 | 0 | 0 | 5 | 5 | 0 | 0 | 2 | 0 | 
0 | 5 | 0 | 4 | 5 | 0 | 4 | 0 | 3 | 2 | 4 | 0 | 0 | 0 | 0 | 0 | 3 | 1 | 1 | 0 | 0 | 0 | 
0 | 0 | 1 | 5 | 0 | 0 | 0 | 0 | 2 | 1 | 0 | 0 | 2 | 0 | 5 | 0 | 0 | 0 | 4 | 0 | 0 | 4 | 3 | 2 | 
0 | 4 | 1 | 1 | 0 | 0 | 0 | 1 | 3 | 1 | 0 | 4 | 0 | 1 | 4 | 2 | 4 | 0 | 0 | 1 | 0 | 2 | 0 | 0 | 4 | 
1 | 5 | 0 | 1 | 1 | 0 | 2 | 1 | 2 | 2 | 1 | 1 | 1 | 2 | 1 | 1 | 0 | 1 | 1 | 1 | 1 | 2 | 0 | 3 | 0 | 0 | 
END. 
START for Step 950.
0 | 1 | 0 | 0 | 4 | 0 | 2 | 0 | 1 | 0 | 3 | 2 | 1 | 4 | 0 | 2 | 5 | 0 | 0 | 5 | 0 | 0 | 0 | 
0 | 3 | 4 | 0 | 5 | 4 | 2 | 1 | 4 | 0 | 4 | 5 | 0 | 4 | 0 | 0 | 0 | 4 | 0 | 1 | 2 | 3 | 3 | 0 | 
0 | 5 | 1 | 0 | 0 | 0 | 3 | 0 | 1 | 5 | 3 | 4 | 0 | 0 | 0 | 0 | 0 | 0 | 0 | 0 | 0 | 0 | 
0 | 0 | 1 | 1 | 0 | 1 | 2 | 0 | 3 | 2 | 4 | 5 | 0 | 2 | 0 | 5 | 4 | 5 | 1 | 0 | 4 | 0 | 1 | 5 | 
0 | 0 | 3 | 5 | 1 | 0 | 0 | 0 | 4 | 0 | 0 | 0 | 4 | 1 | 5 | 0 | 4 | 0 | 2 | 3 | 0 | 0 | 
0 | 0 | 0 | 0 | 1 | 0 | 0 | 3 | 0 | 2 | 5 | 0 | 1 | 5 | 0 | 2 | 0 | 0 | 2 | 4 | 0 | 4 | 0 | 0 | 
0 | 2 | 1 | 4 | 0 | 3 | 0 | 1 | 0 | 2 | 1 | 4 | 1 | 1 | 0 | 4 | 1 | 0 | 0 | 4 | 0 | 0 | 0 | 4 | 0 | 
1 | 0 | 1 | 5 | 1 | 1 | 2 | 1 | 0 | 0 | 2 | 1 | 1 | 2 | 0 | 1 | 0 | 0 | 1 | 1 | 2 | 3 | 1 | 1 | 1 | 2 | 
END. 
START for Step 960.
0 | 5 | 0 | 2 | 4 | 0 | 0 | 0 | 0 | 0 | 1 | 1 | 1 | 0 | 0 | 0 | 3 | 2 | 0 | 0 | 4 | 5 | 2 | 
0 | 0 | 5 | 4 | 4 | 2 | 0 | 2 | 1 | 0 | 4 | 3 | 4 | 4 | 0 | 0 | 5 | 1 | 4 | 0 | 3 | 0 | 0 | 0 | 
0 | 0 | 0 | 0 | 0 | 0 | 0 | 3 | 1 | 1 | 5 | 5 | 3 | 0 | 0 | 4 | 0 | 0 | 0 | 0 | 0 | 0 | 
0 | 4 | 0 | 5 | 1 | 1 | 0 | 1 | 0 | 1 | 0 | 3 | 5 | 2 | 2 | 5 | 5 | 2 | 1 | 0 | 0 | 0 | 4 | 4 | 
0 | 1 | 1 | 0 | 1 | 5 | 0 | 4 | 0 | 0 | 0 | 4 | 0 | 0 | 0 | 0 | 0 | 0 | 0 | 3 | 4 | 5 | 
0 | 0 | 1 | 0 | 0 | 4 | 2 | 0 | 0 | 0 | 0 | 1 | 1 | 5 | 0 | 0 | 0 | 0 | 3 | 0 | 2 | 4 | 5 | 0 | 
0 | 0 | 0 | 3 | 1 | 0 | 4 | 0 | 4 | 1 | 2 | 1 | 2 | 1 | 1 | 0 | 0 | 4 | 0 | 0 | 4 | 4 | 0 | 1 | 0 | 
1 | 1 | 1 | 1 | 1 | 2 | 5 | 3 | 1 | 0 | 1 | 0 | 2 | 0 | 1 | 0 | 2 | 1 | 2 | 0 | 1 | 0 | 1 | 1 | 1 | 1 | 
END. 
START for Step 970.
0 | 4 | 0 | 0 | 4 | 0 | 1 | 1 | 0 | 0 | 0 | 2 | 2 | 0 | 3 | 2 | 0 | 1 | 5 | 0 | 0 | 5 | 0 | 
0 | 0 | 2 | 4 | 3 | 4 | 0 | 2 | 4 | 0 | 3 | 5 | 0 | 4 | 1 | 0 | 4 | 0 | 0 | 0 | 1 | 0 | 4 | 5 | 
0 | 0 | 0 | 0 | 1 | 5 | 0 | 0 | 3 | 0 | 0 | 4 | 0 | 0 | 0 | 0 | 5 | 0 | 1 | 3 | 0 | 0 | 
0 | 0 | 0 | 1 | 1 | 1 | 0 | 5 | 5 | 1 | 2 | 5 | 4 | 0 | 0 | 2 | 5 | 2 | 3 | 1 | 4 | 0 | 4 | 0 | 
0 | 4 | 0 | 0 | 0 | 0 | 0 | 0 | 4 | 0 | 1 | 3 | 0 | 0 | 0 | 4 | 5 | 5 | 0 | 1 | 0 | 1 | 
0 | 5 | 4 | 0 | 0 | 0 | 0 | 1 | 0 | 2 | 5 | 4 | 0 | 2 | 3 | 0 | 0 | 1 | 0 | 0 | 0 | 0 | 0 | 1 | 
0 | 1 | 0 | 4 | 0 | 1 | 2 | 1 | 0 | 4 | 0 | 1 | 0 | 4 | 4 | 0 | 0 | 0 | 4 | 0 | 2 | 1 | 0 | 3 | 0 | 
1 | 1 | 3 | 1 | 2 | 1 | 0 | 0 | 2 | 1 | 1 | 1 | 1 | 1 | 0 | 0 | 2 | 0 | 2 | 5 | 1 | 0 | 1 | 1 | 1 | 1 | 
END. 
START for Step 980.
0 | 1 | 0 | 0 | 0 | 1 | 0 | 4 | 0 | 5 | 0 | 1 | 0 | 0 | 2 | 4 | 5 | 0 | 2 | 2 | 0 | 0 | 3 | 
0 | 3 | 0 | 4 | 4 | 4 | 0 | 0 | 0 | 2 | 4 | 0 | 0 | 5 | 0 | 2 | 1 | 0 | 3 | 4 | 4 | 0 | 1 | 5 | 
0 | 5 | 1 | 0 | 3 | 1 | 0 | 0 | 5 | 0 | 0 | 0 | 0 | 0 | 0 | 0 | 0 | 0 | 0 | 0 | 3 | 4 | 
0 | 0 | 0 | 2 | 5 | 1 | 0 | 5 | 4 | 1 | 3 | 2 | 1 | 0 | 0 | 4 | 1 | 5 | 4 | 0 | 2 | 5 | 0 | 1 | 
0 | 0 | 0 | 0 | 0 | 0 | 4 | 0 | 5 | 4 | 4 | 5 | 1 | 0 | 0 | 1 | 3 | 0 | 1 | 0 | 0 | 0 | 
0 | 0 | 0 | 1 | 5 | 1 | 0 | 5 | 0 | 0 | 2 | 1 | 0 | 0 | 4 | 0 | 0 | 0 | 4 | 3 | 2 | 0 | 0 | 0 | 
0 | 2 | 2 | 3 | 0 | 1 | 1 | 1 | 0 | 0 | 4 | 0 | 4 | 0 | 0 | 0 | 0 | 0 | 0 | 0 | 1 | 4 | 4 | 1 | 4 | 
1 | 0 | 0 | 1 | 1 | 0 | 1 | 1 | 2 | 1 | 2 | 0 | 5 | 1 | 3 | 1 | 2 | 2 | 1 | 1 | 0 | 1 | 0 | 1 | 1 | 1 | 
END. 
START for Step 990.
0 | 1 | 0 | 0 | 0 | 5 | 0 | 4 | 0 | 5 | 0 | 1 | 0 | 0 | 2 | 4 | 5 | 0 | 2 | 2 | 0 | 0 | 3 | 
0 | 3 | 0 | 4 | 4 | 4 | 0 | 0 | 0 | 2 | 4 | 0 | 0 | 5 | 0 | 2 | 5 | 0 | 3 | 4 | 4 | 0 | 1 | 5 | 
0 | 5 | 1 | 0 | 3 | 5 | 0 | 0 | 5 | 0 | 0 | 0 | 0 | 0 | 0 | 0 | 0 | 0 | 0 | 0 | 3 | 4 | 
0 | 0 | 0 | 2 | 5 | 1 | 0 | 5 | 4 | 1 | 3 | 2 | 5 | 0 | 0 | 4 | 1 | 5 | 4 | 0 | 2 | 5 | 0 | 1 | 
0 | 0 | 0 | 0 | 0 | 0 | 4 | 0 | 5 | 4 | 4 | 5 | 1 | 0 | 0 | 1 | 3 | 0 | 5 | 0 | 0 | 0 | 
0 | 0 | 0 | 1 | 5 | 1 | 0 | 5 | 0 | 0 | 2 | 1 | 0 | 0 | 4 | 0 | 0 | 0 | 4 | 3 | 2 | 0 | 0 | 0 | 
0 | 2 | 2 | 3 | 0 | 1 | 1 | 1 | 0 | 0 | 4 | 0 | 4 | 0 | 0 | 0 | 0 | 0 | 0 | 0 | 1 | 4 | 4 | 1 | 4 | 
1 | 0 | 0 | 1 | 1 | 0 | 1 | 1 | 2 | 1 | 2 | 0 | 5 | 1 | 3 | 1 | 2 | 2 | 1 | 1 | 0 | 1 | 0 | 1 | 1 | 1 | 
END. 
START for Step 1000.
0 | 1 | 2 | 0 | 2 | 5 | 0 | 4 | 0 | 0 | 0 | 0 | 0 | 0 | 2 | 0 | 3 | 5 | 4 | 5 | 0 | 0 | 1 | 
0 | 3 | 4 | 0 | 1 | 4 | 0 | 0 | 2 | 4 | 2 | 4 | 3 | 0 | 0 | 5 | 5 | 0 | 5 | 0 | 4 | 0 | 0 | 4 | 
0 | 5 | 0 | 0 | 3 | 0 | 0 | 0 | 0 | 0 | 3 | 5 | 0 | 0 | 0 | 0 | 0 | 4 | 0 | 0 | 1 | 5 | 
0 | 0 | 2 | 0 | 5 | 4 | 2 | 1 | 1 | 2 | 1 | 0 | 5 | 4 | 5 | 1 | 4 | 0 | 0 | 5 | 5 | 0 | 0 | 3 | 
0 | 0 | 0 | 0 | 5 | 1 | 0 | 4 | 0 | 0 | 3 | 0 | 0 | 0 | 0 | 5 | 1 | 4 | 0 | 5 | 0 | 4 | 
0 | 0 | 3 | 2 | 0 | 0 | 0 | 0 | 1 | 2 | 5 | 0 | 4 | 0 | 0 | 0 | 0 | 0 | 5 | 1 | 0 | 4 | 0 | 1 | 
0 | 2 | 0 | 4 | 1 | 1 | 0 | 0 | 0 | 3 | 4 | 0 | 1 | 0 | 0 | 0 | 4 | 4 | 0 | 0 | 1 | 1 | 4 | 0 | 2 | 
1 | 0 | 0 | 0 | 1 | 1 | 1 | 0 | 2 | 1 | 1 | 1 | 1 | 2 | 1 | 2 | 1 | 1 | 1 | 1 | 1 | 0 | 5 | 3 | 0 | 2 | 
END. 
