% # columns="iteration, evaluation, sigma, void, void,  stds==sigma*sigma_vec.scaling*sqrt(diag(C))", seed=1086059, Wed May 29 09:20:24 2024, <python>{}</python>
1 10 0.09585856559729217 0 0 0.09668225535111237 0.09681041548481831 0.0943646848725503 0.09802716613172514 0.09574475415359676 0.09556828212475513 0.09508098791437586 0.09434606631011633 0.09567142379059448 0.0923499519135315
2 20 0.0813650466132504 0 0 0.0823148259757735 0.07955798741017346 0.08259872675407166 0.08227963671675859 0.08324447410824469 0.08126392556576881 0.07787223907184586 0.08133378536801596 0.07967846727158286 0.07326136480371184
2 20 0.09641374575559347 0 0 0.09589443788146244 0.09751948385697023 0.09537404889496072 0.09708110144435202 0.0967134354681131 0.10103913544228654 0.10065981466956857 0.09394104929428423 0.09560183547565906 0.0876572238347753
2 20 0.08867070337503923 0 0 0.09036949949460718 0.08920324940496413 0.08668604526183873 0.09220407822960903 0.08876214813240689 0.08944003415529542 0.08504201767915046 0.0881163305373467 0.08871753350205547 0.08022420238631432
3 30 0.07828902266140801 0 0 0.08224344259631373 0.07381711479039971 0.08128836648746696 0.07820357395676174 0.08130784804286692 0.07834722692676042 0.07651035492453498 0.07852587434653387 0.07718208709992583 0.06702662228364918
3 30 0.09028074859420324 0 0 0.0914979926248457 0.08884566434797411 0.08922265795996262 0.08911851881537468 0.09083644163958739 0.09536747664025265 0.09302638208643119 0.086350294798658 0.0912955259675978 0.0785874019260963
4 40 0.07506037962119234 0 0 0.08066787060385419 0.07096088046715354 0.07774233640976637 0.07540952732379226 0.07730468396319697 0.07513379786268966 0.0746087586608382 0.0731948180070119 0.07383166980038751 0.062442731247063246
4 40 0.0871170085218556 0 0 0.0878911747331553 0.08407926746266199 0.08854049411266275 0.08591011755904418 0.0878516680085345 0.09393814389651714 0.08910186320758177 0.0836149694117599 0.08742408936819303 0.07179803590299932
3 30 0.08212010422573282 0 0 0.08233699338929559 0.08263709460173328 0.07868024545549422 0.08688817165446563 0.08112069058665636 0.08236290694880771 0.07882749434654311 0.08076713589670542 0.08009415924370714 0.07329845254782644
5 50 0.07304393264363546 0 0 0.07771690250649901 0.06808723993119457 0.07601442190032519 0.0724070665952591 0.07643111214746505 0.07438954473016744 0.07264481753699745 0.06948538931683927 0.07117709488689798 0.05843225639215716
5 50 0.08157521969341501 0 0 0.08142547923526881 0.0781229257924696 0.08228662571471192 0.08028347713064718 0.08273684425248871 0.08713774717555005 0.08580497555176851 0.07800201360061507 0.08110365975012539 0.06437515293956116
6 60 0.06998243214677287 0 0 0.07370180526117913 0.06571160335882643 0.07579389645884231 0.06890899819607803 0.0722556222039695 0.07112680871865161 0.06889239316816363 0.06687569917665513 0.06813074671918284 0.05150981230898161
4 40 0.07907974392998827 0 0 0.07957329317917691 0.0788608277468099 0.07430065568903998 0.08348370358819217 0.07786776954112709 0.08000566890654254 0.07450869059980994 0.08239075512617165 0.07689121997917821 0.06583738122538288
6 60 0.07897886346653471 0 0 0.07831198179573187 0.07594279858242726 0.07851094496037982 0.08073042151275865 0.07901280872568514 0.08339631440390975 0.08520510402910444 0.07476293034893998 0.07716443021604827 0.06045780625415018
7 70 0.07660069406127704 0 0 0.0819120224103571 0.07064827617244321 0.08110307635014645 0.0754666032323501 0.07841891388172832 0.09013385486900971 0.0769696765969393 0.07197544413545444 0.07453160782673507 0.05249534315258989
5 50 0.07273357292299462 0 0 0.07415795678790012 0.0719808670269306 0.06894375924706411 0.07721687788831462 0.07103072400285965 0.07380469509528129 0.07030036189866058 0.0753796070445839 0.07104469100601092 0.0553955727457057
8 80 0.07753973723064918 0 0 0.08363692670768465 0.07084706723726321 0.07962093775715932 0.07449211465624701 0.08089905998152264 0.0923242263642379 0.07806052550147237 0.07335282399029219 0.07476795796673465 0.05206904673010919
7 70 0.07814350589638382 0 0 0.0774159576645246 0.07310656889149775 0.08071163315143999 0.08034558716267297 0.0781153058760038 0.08292738174725872 0.08520648352735304 0.07291087529932486 0.07571757935069005 0.05756444907257824
6 60 0.07427351547596578 0 0 0.07642918568158638 0.07406057640279731 0.06966252452823407 0.07895231443626899 0.07135326822051903 0.07639311550086986 0.07002347442694318 0.07792089598067242 0.07591525035501584 0.055230167270181124
9 90 0.07783351156465784 0 0 0.08444210508026154 0.07012215302822448 0.08077365961964032 0.07484067195922728 0.08545363568010134 0.09272336186609649 0.07789823265311491 0.07314186855069656 0.07427925829888817 0.04981475106698594
8 80 0.08048128359993936 0 0 0.08000178191114495 0.07447948022552782 0.08880229608617866 0.08266684892648425 0.08073860591904358 0.08469391393272939 0.08312754891639747 0.07431865361776496 0.07854987166983243 0.05819888487182433
10 100 0.07579368128629858 0 0 0.08244980647923035 0.06760311007601441 0.0799215702260648 0.0702782432118794 0.08466700198888247 0.0911780107372226 0.07605354523708846 0.06996442652158108 0.07144060687296375 0.04744616700018886
7 70 0.07909057698170463 0 0 0.08132526831680933 0.07908760418577893 0.075572936189529 0.08340112138502696 0.07653047106870794 0.08121777746349931 0.07736873288488837 0.08306036409883653 0.08148835250466754 0.05645274161802373
11 110 0.07382121675193133 0 0 0.07986587010542998 0.06527977242578724 0.07927703395587225 0.06860296733425598 0.0832879599417126 0.08661121928844813 0.07360887734212596 0.06751954154422667 0.07126401595612882 0.04518363323974073
9 90 0.08190349954669605 0 0 0.08135819819853445 0.07414818522034877 0.0927179322719154 0.08325501106392501 0.08580099676273727 0.0860999338499121 0.08776857067080063 0.07581481039813413 0.08077952128224597 0.055014307831724854
12 120 0.07051209061384522 0 0 0.077173550258455 0.06189283235003632 0.07344395696692661 0.06552009322916051 0.08048047867652654 0.08332859494507942 0.06904946584267732 0.0640108779997925 0.06809791726001362 0.042722467311503205
8 80 0.08124559502584532 0 0 0.08397594260466497 0.08199981199396614 0.07777115364873176 0.08828426600857862 0.07918597006750418 0.0829518190950975 0.07969928572575931 0.08480726222940316 0.0853113360728191 0.05370182474816464
10 100 0.07843123287417142 0 0 0.0779650986928056 0.06936109599332746 0.08833458671835401 0.07829023161196187 0.08265011944372638 0.08185287324280047 0.08456342808481154 0.07376497045002024 0.07740909454234347 0.05018909299959055
13 130 0.06345338268585213 0 0 0.06875328923940975 0.054686276996113836 0.06664031106228527 0.05888722429309522 0.07146989426187501 0.07428456051917501 0.060459532463566494 0.057696833897182886 0.06076258719605744 0.036439638607281964
11 110 0.08009504216428703 0 0 0.0791467456260954 0.06903703327297947 0.09336954651906006 0.07926710817900565 0.0845342398130767 0.08425893408177677 0.08726147724771843 0.07538743706211662 0.08137382880753864 0.05003623002173118
9 90 0.08587373216032002 0 0 0.08930356540239795 0.08622169380254995 0.08235147390248745 0.0928746443639136 0.0882256999464969 0.08714059805296225 0.08437738986265611 0.09374862183109069 0.09103170644347316 0.054710355361333826
14 140 0.060074189749107484 0 0 0.06576068959367772 0.05097404106160281 0.0635870446755436 0.055820427386437804 0.06892015315134241 0.07035865050447483 0.05615178665869657 0.05324136886843856 0.05737615417026939 0.033676751128563304
12 120 0.087100923708507 0 0 0.08604702246729938 0.07635190155998874 0.10602348109788853 0.08660005704726766 0.09147484740514841 0.09276536299112832 0.09515672802107897 0.08351665412847332 0.08873240180152514 0.05237300584168514
15 150 0.0643954041946403 0 0 0.06985570544191361 0.053238074218888355 0.06809887812468497 0.062427021701571855 0.07427414071361181 0.07835011884089053 0.0612431967158441 0.05603529289172464 0.06125038838271989 0.03595145590692078
10 100 0.09290211694504089 0 0 0.0961212352400996 0.09236154077664477 0.08929536583258185 0.10043464314487596 0.10173866756110898 0.09397856092454261 0.09168031583315578 0.10373534358620497 0.09591996290882737 0.0578188766450719
16 160 0.06919311563069563 0 0 0.0748931678340883 0.057434369451044326 0.07301693563113118 0.0675457033369807 0.08073291086907022 0.08646080618975509 0.06559059382613577 0.06049866068724907 0.0676041417699437 0.037073476556028134
13 130 0.08875026872035101 0 0 0.08630267574731149 0.07872416842459758 0.10734189389558653 0.08829420620156424 0.09505517559499604 0.09506468827200629 0.09627696296349764 0.08658358413453474 0.09042912098140103 0.050666899242271975
11 110 0.09789599521741488 0 0 0.10379498672483382 0.09823614059538567 0.09193267943664217 0.10972993097059162 0.10862898540457472 0.09630378008686694 0.09783534363264856 0.11111979380957965 0.10155055161451233 0.05921453162742502
17 170 0.06753832459497983 0 0 0.07110331766697789 0.055656991502289636 0.07257631259211818 0.06639992300228394 0.07951075597228507 0.08268923689864163 0.06369648690740626 0.059380278731543466 0.06582837032982072 0.03459111747197358
14 140 0.08884505969026357 0 0 0.083831681491315 0.07849381052731132 0.11141299582669237 0.0866520037661168 0.09405964211854255 0.09466787396562446 0.09801030531152426 0.0877585559333358 0.08916372087890503 0.04856920851257023
18 180 0.062256752992901114 0 0 0.06547353877640044 0.04952181489697046 0.0658016565528655 0.06233659865421144 0.07323241222971322 0.07549928023581698 0.059877119394810406 0.054566811150481516 0.059011324809021985 0.031313428247328225
12 120 0.0941363932197279 0 0 0.09988164438919638 0.09362461322223972 0.08622645670426665 0.10570514429490398 0.10564071669929205 0.0919886683611356 0.09251448287543966 0.10912268904979729 0.09739964370231799 0.054786252558839045
15 150 0.08927297682115426 0 0 0.08467906951285241 0.07797144970075796 0.11377828002810407 0.09011880493548373 0.09047743478616663 0.09445059807287719 0.10138207339918089 0.08842485293465584 0.08936684652803822 0.04708809270219862
19 190 0.057779112083319255 0 0 0.059067873306404034 0.045140369007138796 0.06119217498403891 0.057905131034187665 0.06798842728287453 0.06958490391601926 0.05573064229955044 0.05001704110984552 0.05527813127624569 0.02761018200184123
13 130 0.09082281478635801 0 0 0.09487509530943287 0.09062881242264068 0.08241673006283079 0.10194042435234511 0.10032725704939661 0.08720624984244932 0.08828154711023645 0.10729616365671671 0.09438470769112092 0.05141542062308825
20 200 0.05527341903234942 0 0 0.056030072813106194 0.04223159404619105 0.05727347439601672 0.05454426596248202 0.0630664641581067 0.06810521367606694 0.05449768594776808 0.04825661626838133 0.05282925803763662 0.02549156567504298
16 160 0.08405916271285879 0 0 0.07860560464762907 0.07083623108426944 0.10696431948954774 0.08582435445048354 0.08428618407200766 0.08807162807709647 0.09729165211601314 0.08432196019097822 0.08285309217833871 0.04299976543451246
21 210 0.05562122949121534 0 0 0.05660307220983557 0.04263381338022211 0.05816471762729391 0.055014730075275284 0.06155240468408981 0.06743743656796677 0.05498932494010131 0.05096809859921185 0.05302466757805184 0.025148279436674848
14 140 0.08785978602164984 0 0 0.09012848255276762 0.08608999800427265 0.07929033256563603 0.09602044733827737 0.09807925901539737 0.08476457055215682 0.08519995350240453 0.10669676627443142 0.08955304258022738 0.049019947465797395
17 170 0.08353793741369728 0 0 0.07835959962770322 0.06592078615587499 0.10656323023076125 0.0876555560877805 0.08262380334618323 0.08633496927381122 0.09496921693920375 0.08525397312109081 0.08226823288483001 0.041557716883993866
22 220 0.04964918958789347 0 0 0.0497269308284341 0.03770206436756773 0.05132322818185822 0.04857264013367788 0.054532423568692305 0.0602787056114129 0.04900306764628133 0.04507697439605008 0.046639905007197925 0.021706913943981675
18 180 0.07938229507625251 0 0 0.07519535172933216 0.06277230488172125 0.10251521767564649 0.08355640148723409 0.07901529208884708 0.08101220361601047 0.09076459090048318 0.08145100166184466 0.07817438158673931 0.036593520482423335
23 230 0.04763636139815058 0 0 0.0477569596113249 0.0351964204175376 0.0492142964439753 0.04672546752760745 0.051872527505849 0.05744696670910077 0.04635024204496671 0.045026376661256445 0.04390106979191668 0.020606417946190957
15 150 0.08199694589644649 0 0 0.08424862610223736 0.08064964928543336 0.07403980723054725 0.08896281302922075 0.09041014117439083 0.07894189290983895 0.07854380623606416 0.09938227853878956 0.08356342034940065 0.043051966257098694
24 240 0.047069250515576304 0 0 0.04686406693685915 0.0345949916563329 0.04846454602642651 0.04622539427616035 0.05138047288887919 0.056328857568174996 0.04501125916667411 0.044074658626456834 0.04316660269238486 0.019990011403856034
19 190 0.07807699360953002 0 0 0.07356220469298176 0.06203700864554597 0.1003734622083776 0.08187536818419962 0.081801646678538 0.0776709874066445 0.08914872886795566 0.08008195523552142 0.07733720415227875 0.03429648856018592
16 160 0.07605349157391375 0 0 0.07806045439863865 0.0747286520863644 0.06846763537833862 0.08232159028178554 0.08394219315179778 0.07216848805362897 0.07280955225557062 0.09056354124326066 0.07669198586960754 0.03868310838036909
25 250 0.043206075495098376 0 0 0.04293251248230829 0.03173003116871245 0.04415337187453028 0.04227490335912917 0.047308884093159406 0.05015610035524537 0.04150802281724878 0.04093110798776951 0.03885481291306289 0.017781362524873102
20 200 0.0745375595353402 0 0 0.07033204868509978 0.05844588780410889 0.0950128659072409 0.08094782724374573 0.07716390788908467 0.07445106655594325 0.08412470734148592 0.07616777268745809 0.07334346378184614 0.03145652520007625
26 260 0.03965516850783751 0 0 0.03893957350032344 0.02880641817275616 0.04032133099427167 0.03753578916758126 0.04358753700649666 0.04652877192558564 0.03834029902939561 0.037496529603600504 0.036271660017911225 0.015286922254270353
17 170 0.07413479935415919 0 0 0.07661400813814602 0.0736261309698738 0.0657761504972643 0.07899484147296482 0.0805439722367622 0.06961230073691728 0.07128425805067128 0.08862606692966792 0.07476774700847118 0.0368125967043943
21 210 0.07261094592684277 0 0 0.06880539923599066 0.05887060834755075 0.09126712803103779 0.07914447147450301 0.07450595239775651 0.07132948255375077 0.08103724873423417 0.07521652718265415 0.07110175523475216 0.029818125071617265
27 270 0.03908770944976909 0 0 0.03836472574089809 0.02774484976866711 0.03965870779774936 0.036778103425043306 0.04277092310726354 0.04601657848847202 0.03778855743725954 0.03643000727046184 0.03780455303189049 0.014845902707464215
22 220 0.07315365396251372 0 0 0.06765436665430256 0.05890535660909562 0.09075709716328796 0.07968715099414006 0.0778338949488184 0.07180212842471592 0.0823103385532631 0.07569637837245569 0.07178477671895139 0.029298907544518377
28 280 0.037969466781729896 0 0 0.03714204365396788 0.026007370488038337 0.03801954526807818 0.03563220184830063 0.04087581286682015 0.04475858205161675 0.036421703887175375 0.03542315618191139 0.03691900486889725 0.014335837430584562
18 180 0.07259229717674609 0 0 0.0744501351198728 0.07320195165925246 0.06538037929159837 0.07584761592167692 0.07969860164079155 0.06863732676461275 0.07111518918214377 0.08626473000184001 0.074025677081109 0.03409122388269221
29 290 0.03541582453416756 0 0 0.03526759767902169 0.024005583751501938 0.035565165661914956 0.03373616983659995 0.03762969990009473 0.04073712611143005 0.03313042022954277 0.03263686982289369 0.03454582281004876 0.012915060675878996
23 230 0.07344900853193062 0 0 0.06789552332810735 0.059091755091626626 0.09009068783567172 0.07899451295832641 0.07883476854821167 0.07230585725947657 0.0839462030175614 0.07437544899668824 0.07347303894904396 0.02868604337288065
19 190 0.07314279980181626 0 0 0.07329917383341823 0.0714302092283035 0.06799965794757208 0.07485430027863654 0.07954245662066543 0.07008294281411558 0.0730623496293089 0.08614588890435582 0.07461252171346565 0.03269674796515163
30 300 0.03533447060183502 0 0 0.034870177305575505 0.023802874511855598 0.035200936381860934 0.03297366436734526 0.03763600405615097 0.04073900356784334 0.032822118950678145 0.03256931370082326 0.03478494222630581 0.01256944874038117
24 240 0.07386561765222116 0 0 0.06834978027987619 0.05689599901829111 0.0908728319043119 0.08001306042374522 0.07917302967164563 0.07571082503450853 0.08385273455112462 0.07472736549496477 0.07706710745987684 0.02820759434297411
20 200 0.07523731072281253 0 0 0.07488221053417186 0.07386425265073676 0.0707514142158333 0.07562526437509537 0.0845546814906821 0.07207541274276552 0.07673799131167722 0.08875604483982204 0.07557030803613474 0.03289713590973937
25 250 0.07372929262227054 0 0 0.06891747658651678 0.0564193400072575 0.08675607088258168 0.07998940464855485 0.07750348984976879 0.07439284759866664 0.08438583317260558 0.07699491842348641 0.07926229103558148 0.028157456977787664
21 210 0.07325440069432002 0 0 0.07303006079231121 0.07186582920838522 0.06908487877713565 0.07375019781072303 0.08140031791140837 0.06937758850894939 0.07551714007502647 0.0860753868337238 0.07336427168932237 0.03127832987409011
26 260 0.07425860896190886 0 0 0.07061278914745549 0.05629955048745899 0.08910877055198958 0.0811949910191268 0.07748153847755002 0.07507329561976465 0.0851333554025908 0.07861775614746896 0.08031253047845709 0.027062514426973105
27 270 0.07374189895061058 0 0 0.07106945936948829 0.05411253682676872 0.0859772111598632 0.0797701015059611 0.07783464584262749 0.07440590364285958 0.08416540149088786 0.07976517369303987 0.07910443154893818 0.026410422148785966
22 220 0.06780831620989981 0 0 0.06740682324426557 0.06473303043779904 0.06350984596624976 0.068000310363989 0.07444495637113721 0.06449514404760653 0.06853435752274958 0.0797082056523111 0.06727466030910122 0.02821681275676878
28 280 0.07088590882271058 0 0 0.0698416695283992 0.05155543088688016 0.08336202281597689 0.07474415598729368 0.0753005786113991 0.07033849414556392 0.08144357960835313 0.07579357214082383 0.07736404306523832 0.024495582239750333
23 230 0.06840866013061483 0 0 0.06797805246118438 0.06372342620189263 0.0646481188782023 0.06702048760817453 0.07613667243512529 0.06541043297425213 0.07559153027626438 0.0780785358260198 0.06703075215369005 0.027485558789081713
29 290 0.06936000300274497 0 0 0.06756367519234845 0.0502939575035859 0.08249330863460091 0.07295858238672871 0.07367823514794336 0.06893691586509433 0.07894887683670253 0.07344246346986905 0.07667574021227576 0.02379610929709301
24 240 0.06793578702553885 0 0 0.06560124443701469 0.0626974621498092 0.06544210682411995 0.06610227860452415 0.07691871610136974 0.06537347507031177 0.07611908096706532 0.0753922906900742 0.06601222177413935 0.026688547750207188
30 300 0.06828721007590872 0 0 0.06613768270371127 0.048552195163664234 0.08285409970289594 0.07178778647838652 0.07258670698590197 0.06630368005982702 0.07773835424082276 0.07183658102882019 0.07519238974704151 0.02284936293755845
25 250 0.06653616106049676 0 0 0.06355193272378357 0.05996521926733768 0.06523994217175928 0.06410953513748696 0.07560294938125932 0.06240495032231987 0.07423074392530393 0.07446244282633697 0.06418153887008865 0.025892595042965476
26 260 0.06450858520327467 0 0 0.061308660553134255 0.05749909100860166 0.06277443028166552 0.0643140570651225 0.07392292970476735 0.05985697122224897 0.07169741694491533 0.07180390966067303 0.06168654125521507 0.023739714171367776
27 270 0.0618806550990094 0 0 0.058230420779267975 0.054696945785969495 0.05897988556938211 0.06216177506611896 0.07256620550677727 0.057727892648134764 0.0695694388399726 0.06798027628770091 0.05952769345044705 0.02195281740645392
28 280 0.05730158373034702 0 0 0.05287136072514158 0.04966869005311524 0.056327278494450406 0.05760055176466349 0.0677861476871158 0.053277523575585406 0.06425071533139538 0.06423394551811162 0.055130361663141086 0.019630490126025683
29 290 0.05346464775431232 0 0 0.04814543861642587 0.0458913323717409 0.052458558748130206 0.053438008256526344 0.06190820997086505 0.05059880015852709 0.05989052658496474 0.058209539652289276 0.05142004440959237 0.017662785420415765
30 300 0.0536581906337948 0 0 0.04558692474243433 0.045929919332212465 0.05261528360352133 0.05516092041747899 0.06194220446146994 0.05124478842521968 0.060470494041590224 0.058785374152076575 0.052029952683746813 0.016975049640583204
