-8 | 8 | 8 | 0 | 32 | 32 | 0 | 0
-12 | 12 | 1 | 11 | 24 | 3 | 21 | 1000
-12 | 12 | 0 | 12 | 24 | 6 | 18 | 2000
-12 | 12 | 0 | 12 | 24 | 4 | 20 | 3000
-12 | 12 | 1 | 11 | 24 | 3 | 21 | 4000
-12 | 12 | 0 | 12 | 24 | 4 | 20 | 5000
-12 | 12 | 1 | 11 | 24 | 8 | 16 | 6000
-12 | 12 | 2 | 10 | 24 | 4 | 20 | 7000
-12 | 12 | 3 | 9 | 24 | 5 | 19 | 8000
-12 | 12 | 4 | 8 | 24 | 5 | 19 | 9000
-12 | 12 | 4 | 8 | 24 | 4 | 20 | 10000
-12 | 12 | 1 | 11 | 24 | 4 | 20 | 11000
-12 | 12 | 1 | 11 | 24 | 6 | 18 | 12000
-12 | 12 | 0 | 12 | 24 | 2 | 22 | 13000
-12 | 12 | 3 | 9 | 24 | 6 | 18 | 14000
-12 | 12 | 3 | 9 | 24 | 5 | 19 | 15000
-12 | 12 | 2 | 10 | 24 | 3 | 21 | 16000
-12 | 12 | 1 | 11 | 24 | 2 | 22 | 17000
-12 | 12 | 4 | 8 | 24 | 1 | 23 | 18000
-12 | 12 | 5 | 7 | 24 | 3 | 21 | 19000
-12 | 12 | 4 | 8 | 24 | 3 | 21 | 20000
-12 | 12 | 3 | 9 | 24 | 4 | 20 | 21000
-12 | 12 | 3 | 9 | 24 | 5 | 19 | 22000
-12 | 12 | 2 | 10 | 24 | 4 | 20 | 23000
-12 | 12 | 2 | 10 | 24 | 4 | 20 | 24000
-12 | 12 | 0 | 12 | 24 | 3 | 21 | 25000
-12 | 12 | 2 | 10 | 24 | 8 | 16 | 26000
-12 | 12 | 1 | 11 | 24 | 2 | 22 | 27000
-12 | 12 | 1 | 11 | 24 | 2 | 22 | 28000
-12 | 12 | 1 | 11 | 24 | 3 | 21 | 29000
-12 | 12 | 1 | 11 | 24 | 3 | 21 | 30000
-12 | 12 | 0 | 12 | 24 | 3 | 21 | 31000
-12 | 12 | 1 | 11 | 24 | 8 | 16 | 32000
-12 | 12 | 1 | 11 | 24 | 3 | 21 | 33000
-12 | 12 | 3 | 9 | 24 | 4 | 20 | 34000
-12 | 12 | 2 | 10 | 24 | 5 | 19 | 35000
-12 | 12 | 0 | 12 | 24 | 3 | 21 | 36000
-12 | 12 | 2 | 10 | 24 | 7 | 17 | 37000
-12 | 12 | 3 | 9 | 24 | 1 | 23 | 38000
-12 | 12 | 4 | 8 | 24 | 3 | 21 | 39000
-12 | 12 | 0 | 12 | 24 | 6 | 18 | 40000
-12 | 12 | 3 | 9 | 24 | 3 | 21 | 41000
-12 | 12 | 1 | 11 | 24 | 3 | 21 | 42000
-12 | 12 | 4 | 8 | 24 | 4 | 20 | 43000
-12 | 12 | 2 | 10 | 24 | 4 | 20 | 44000
-12 | 12 | 4 | 8 | 24 | 3 | 21 | 45000
-12 | 12 | 1 | 11 | 24 | 4 | 20 | 46000
-12 | 12 | 1 | 11 | 24 | 6 | 18 | 47000
-12 | 12 | 3 | 9 | 24 | 3 | 21 | 48000
-12 | 12 | 3 | 9 | 24 | 3 | 21 | 49000
-12 | 12 | 2 | 10 | 24 | 4 | 20 | 50000
-12 | 12 | 2 | 10 | 24 | 3 | 21 | 51000
-12 | 12 | 1 | 11 | 24 | 4 | 20 | 52000
-12 | 12 | 3 | 9 | 24 | 5 | 19 | 53000
-12 | 12 | 3 | 9 | 24 | 4 | 20 | 54000
-12 | 12 | 0 | 12 | 24 | 3 | 21 | 55000
-12 | 12 | 0 | 12 | 24 | 5 | 19 | 56000
-12 | 12 | 1 | 11 | 24 | 5 | 19 | 57000
-12 | 12 | 2 | 10 | 24 | 4 | 20 | 58000
-12 | 12 | 1 | 11 | 24 | 4 | 20 | 59000
-12 | 12 | 3 | 9 | 24 | 6 | 18 | 60000
-12 | 12 | 0 | 12 | 24 | 6 | 18 | 61000
-12 | 12 | 0 | 12 | 24 | 8 | 16 | 62000
-12 | 12 | 1 | 11 | 24 | 3 | 21 | 63000
-12 | 12 | 0 | 12 | 24 | 4 | 20 | 64000
-12 | 12 | 2 | 10 | 24 | 4 | 20 | 65000
-12 | 12 | 3 | 9 | 24 | 4 | 20 | 66000
-12 | 12 | 2 | 10 | 24 | 4 | 20 | 67000
-12 | 12 | 4 | 8 | 24 | 2 | 22 | 68000
-12 | 12 | 0 | 12 | 24 | 7 | 17 | 69000
-12 | 12 | 1 | 11 | 24 | 2 | 22 | 70000
-12 | 12 | 2 | 10 | 24 | 5 | 19 | 71000
-12 | 12 | 1 | 11 | 24 | 2 | 22 | 72000
-12 | 12 | 1 | 11 | 24 | 3 | 21 | 73000
-12 | 12 | 2 | 10 | 24 | 3 | 21 | 74000
-12 | 12 | 0 | 12 | 24 | 3 | 21 | 75000
-12 | 12 | 1 | 11 | 24 | 3 | 21 | 76000
-12 | 12 | 2 | 10 | 24 | 1 | 23 | 77000
-12 | 12 | 3 | 9 | 24 | 3 | 21 | 78000
-12 | 12 | 1 | 11 | 24 | 3 | 21 | 79000
-12 | 12 | 3 | 9 | 24 | 4 | 20 | 80000
-12 | 12 | 1 | 11 | 24 | 2 | 22 | 81000
-12 | 12 | 3 | 9 | 24 | 5 | 19 | 82000
-12 | 12 | 2 | 10 | 24 | 2 | 22 | 83000
-12 | 12 | 5 | 7 | 24 | 5 | 19 | 84000
-12 | 12 | 1 | 11 | 24 | 2 | 22 | 85000
-12 | 12 | 2 | 10 | 24 | 5 | 19 | 86000
-12 | 12 | 2 | 10 | 24 | 3 | 21 | 87000
-12 | 12 | 1 | 11 | 24 | 10 | 14 | 88000
-12 | 12 | 3 | 9 | 24 | 3 | 21 | 89000
-12 | 12 | 1 | 11 | 24 | 4 | 20 | 90000
-12 | 12 | 0 | 12 | 24 | 2 | 22 | 91000
-12 | 12 | 3 | 9 | 24 | 6 | 18 | 92000
-12 | 12 | 1 | 11 | 24 | 6 | 18 | 93000
-12 | 12 | 3 | 9 | 24 | 3 | 21 | 94000
-12 | 12 | 4 | 8 | 24 | 3 | 21 | 95000
-12 | 12 | 2 | 10 | 24 | 3 | 21 | 96000
-12 | 12 | 4 | 8 | 24 | 3 | 21 | 97000
-12 | 12 | 0 | 12 | 24 | 7 | 17 | 98000
-12 | 12 | 2 | 10 | 24 | 4 | 20 | 99000
-12 | 12 | 1 | 11 | 24 | 3 | 21 | 100000
-12 | 12 | 5 | 7 | 24 | 2 | 22 | 101000
-12 | 12 | 2 | 10 | 24 | 1 | 23 | 102000
-12 | 12 | 2 | 10 | 24 | 3 | 21 | 103000
-12 | 12 | 1 | 11 | 24 | 2 | 22 | 104000
-12 | 12 | 1 | 11 | 24 | 4 | 20 | 105000
-12 | 12 | 2 | 10 | 24 | 1 | 23 | 106000
-12 | 12 | 3 | 9 | 24 | 3 | 21 | 107000
-12 | 12 | 1 | 11 | 24 | 6 | 18 | 108000
-12 | 12 | 1 | 11 | 24 | 4 | 20 | 109000
-12 | 12 | 2 | 10 | 24 | 3 | 21 | 110000
-12 | 12 | 1 | 11 | 24 | 5 | 19 | 111000
-12 | 12 | 3 | 9 | 24 | 5 | 19 | 112000
-12 | 12 | 0 | 12 | 24 | 6 | 18 | 113000
-12 | 12 | 1 | 11 | 24 | 3 | 21 | 114000
-12 | 12 | 2 | 10 | 24 | 1 | 23 | 115000
-12 | 12 | 3 | 9 | 24 | 4 | 20 | 116000
-12 | 12 | 1 | 11 | 24 | 4 | 20 | 117000
-12 | 12 | 3 | 9 | 24 | 4 | 20 | 118000
-12 | 12 | 3 | 9 | 24 | 1 | 23 | 119000
-12 | 12 | 3 | 9 | 24 | 4 | 20 | 120000
-12 | 12 | 2 | 10 | 24 | 1 | 23 | 121000
-12 | 12 | 3 | 9 | 24 | 6 | 18 | 122000
-12 | 12 | 1 | 11 | 24 | 4 | 20 | 123000
-12 | 12 | 4 | 8 | 24 | 4 | 20 | 124000
-12 | 12 | 3 | 9 | 24 | 6 | 18 | 125000
-12 | 12 | 3 | 9 | 24 | 5 | 19 | 126000
-12 | 12 | 2 | 10 | 24 | 6 | 18 | 127000
-12 | 12 | 3 | 9 | 24 | 4 | 20 | 128000
-12 | 12 | 3 | 9 | 24 | 4 | 20 | 129000
-12 | 12 | 3 | 9 | 24 | 3 | 21 | 130000
-12 | 12 | 4 | 8 | 24 | 2 | 22 | 131000
-12 | 12 | 2 | 10 | 24 | 5 | 19 | 132000
-12 | 12 | 0 | 12 | 24 | 1 | 23 | 133000
-12 | 12 | 4 | 8 | 24 | 6 | 18 | 134000
-12 | 12 | 1 | 11 | 24 | 4 | 20 | 135000
-12 | 12 | 2 | 10 | 24 | 5 | 19 | 136000
-12 | 12 | 1 | 11 | 24 | 4 | 20 | 137000
-12 | 12 | 2 | 10 | 24 | 8 | 16 | 138000
-12 | 12 | 2 | 10 | 24 | 4 | 20 | 139000
-12 | 12 | 3 | 9 | 24 | 4 | 20 | 140000
-12 | 12 | 3 | 9 | 24 | 3 | 21 | 141000
-12 | 12 | 2 | 10 | 24 | 5 | 19 | 142000
-12 | 12 | 2 | 10 | 24 | 5 | 19 | 143000
-12 | 12 | 2 | 10 | 24 | 3 | 21 | 144000
-12 | 12 | 1 | 11 | 24 | 4 | 20 | 145000
-12 | 12 | 2 | 10 | 24 | 4 | 20 | 146000
-12 | 12 | 2 | 10 | 24 | 4 | 20 | 147000
-12 | 12 | 1 | 11 | 24 | 4 | 20 | 148000
-12 | 12 | 2 | 10 | 24 | 5 | 19 | 149000
-12 | 12 | 3 | 9 | 24 | 3 | 21 | 150000
-12 | 12 | 3 | 9 | 24 | 5 | 19 | 151000
-12 | 12 | 2 | 10 | 24 | 4 | 20 | 152000
-12 | 12 | 4 | 8 | 24 | 5 | 19 | 153000
-12 | 12 | 2 | 10 | 24 | 6 | 18 | 154000
-12 | 12 | 3 | 9 | 24 | 4 | 20 | 155000
-12 | 12 | 2 | 10 | 24 | 5 | 19 | 156000
-12 | 12 | 4 | 8 | 24 | 3 | 21 | 157000
-12 | 12 | 1 | 11 | 24 | 4 | 20 | 158000
-12 | 12 | 1 | 11 | 24 | 2 | 22 | 159000
-12 | 12 | 2 | 10 | 24 | 4 | 20 | 160000
-12 | 12 | 2 | 10 | 24 | 3 | 21 | 161000
-12 | 12 | 4 | 8 | 24 | 6 | 18 | 162000
-12 | 12 | 3 | 9 | 24 | 2 | 22 | 163000
-12 | 12 | 2 | 10 | 24 | 4 | 20 | 164000
-12 | 12 | 4 | 8 | 24 | 4 | 20 | 165000
-12 | 12 | 3 | 9 | 24 | 4 | 20 | 166000
-12 | 12 | 3 | 9 | 24 | 4 | 20 | 167000
-12 | 12 | 1 | 11 | 24 | 5 | 19 | 168000
-12 | 12 | 0 | 12 | 24 | 6 | 18 | 169000
-12 | 12 | 4 | 8 | 24 | 6 | 18 | 170000
-12 | 12 | 5 | 7 | 24 | 6 | 18 | 171000
-12 | 12 | 2 | 10 | 24 | 2 | 22 | 172000
-12 | 12 | 3 | 9 | 24 | 3 | 21 | 173000
-12 | 12 | 4 | 8 | 24 | 6 | 18 | 174000
-12 | 12 | 0 | 12 | 24 | 1 | 23 | 175000
-12 | 12 | 1 | 11 | 24 | 5 | 19 | 176000
-12 | 12 | 1 | 11 | 24 | 6 | 18 | 177000
-12 | 12 | 3 | 9 | 24 | 2 | 22 | 178000
-12 | 12 | 3 | 9 | 24 | 5 | 19 | 179000
-12 | 12 | 3 | 9 | 24 | 4 | 20 | 180000
-12 | 12 | 0 | 12 | 24 | 4 | 20 | 181000
-12 | 12 | 2 | 10 | 24 | 4 | 20 | 182000
-12 | 12 | 1 | 11 | 24 | 4 | 20 | 183000
-12 | 12 | 1 | 11 | 24 | 3 | 21 | 184000
-12 | 12 | 3 | 9 | 24 | 4 | 20 | 185000
-12 | 12 | 2 | 10 | 24 | 2 | 22 | 186000
-12 | 12 | 1 | 11 | 24 | 2 | 22 | 187000
-12 | 12 | 2 | 10 | 24 | 3 | 21 | 188000
-12 | 12 | 3 | 9 | 24 | 3 | 21 | 189000
-12 | 12 | 1 | 11 | 24 | 6 | 18 | 190000
-12 | 12 | 1 | 11 | 24 | 2 | 22 | 191000
-12 | 12 | 1 | 11 | 24 | 8 | 16 | 192000
-12 | 12 | 2 | 10 | 24 | 3 | 21 | 193000
-12 | 12 | 2 | 10 | 24 | 2 | 22 | 194000
-12 | 12 | 1 | 11 | 24 | 5 | 19 | 195000
-12 | 12 | 2 | 10 | 24 | 3 | 21 | 196000
-12 | 12 | 3 | 9 | 24 | 5 | 19 | 197000
-12 | 12 | 2 | 10 | 24 | 1 | 23 | 198000
-12 | 12 | 3 | 9 | 24 | 4 | 20 | 199000
-12 | 12 | 0 | 12 | 24 | 6 | 18 | 200000
-12 | 12 | 2 | 10 | 24 | 3 | 21 | 201000
-12 | 12 | 4 | 8 | 24 | 3 | 21 | 202000
-12 | 12 | 3 | 9 | 24 | 2 | 22 | 203000
-12 | 12 | 3 | 9 | 24 | 6 | 18 | 204000
-12 | 12 | 2 | 10 | 24 | 4 | 20 | 205000
-12 | 12 | 2 | 10 | 24 | 2 | 22 | 206000
-12 | 12 | 2 | 10 | 24 | 5 | 19 | 207000
-12 | 12 | 1 | 11 | 24 | 4 | 20 | 208000
-12 | 12 | 2 | 10 | 24 | 2 | 22 | 209000
-12 | 12 | 4 | 8 | 24 | 6 | 18 | 210000
-12 | 12 | 5 | 7 | 24 | 5 | 19 | 211000
-12 | 12 | 6 | 6 | 24 | 5 | 19 | 212000
-12 | 12 | 2 | 10 | 24 | 8 | 16 | 213000
-12 | 12 | 2 | 10 | 24 | 3 | 21 | 214000
-12 | 12 | 3 | 9 | 24 | 2 | 22 | 215000
-12 | 12 | 3 | 9 | 24 | 3 | 21 | 216000
-12 | 12 | 0 | 12 | 24 | 3 | 21 | 217000
-12 | 12 | 3 | 9 | 24 | 3 | 21 | 218000
-12 | 12 | 1 | 11 | 24 | 3 | 21 | 219000
-12 | 12 | 2 | 10 | 24 | 1 | 23 | 220000
-12 | 12 | 1 | 11 | 24 | 3 | 21 | 221000
-12 | 12 | 1 | 11 | 24 | 6 | 18 | 222000
-12 | 12 | 2 | 10 | 24 | 5 | 19 | 223000
-12 | 12 | 2 | 10 | 24 | 3 | 21 | 224000
-12 | 12 | 4 | 8 | 24 | 3 | 21 | 225000
-12 | 12 | 3 | 9 | 24 | 5 | 19 | 226000
-12 | 12 | 3 | 9 | 24 | 4 | 20 | 227000
-12 | 12 | 3 | 9 | 24 | 4 | 20 | 228000
-12 | 12 | 3 | 9 | 24 | 6 | 18 | 229000
-12 | 12 | 3 | 9 | 24 | 2 | 22 | 230000
-12 | 12 | 0 | 12 | 24 | 5 | 19 | 231000
-12 | 12 | 2 | 10 | 24 | 2 | 22 | 232000
-12 | 12 | 2 | 10 | 24 | 6 | 18 | 233000
-12 | 12 | 2 | 10 | 24 | 4 | 20 | 234000
-12 | 12 | 3 | 9 | 24 | 4 | 20 | 235000
-12 | 12 | 2 | 10 | 24 | 1 | 23 | 236000
-12 | 12 | 2 | 10 | 24 | 4 | 20 | 237000
-12 | 12 | 2 | 10 | 24 | 3 | 21 | 238000
-12 | 12 | 4 | 8 | 24 | 2 | 22 | 239000
-12 | 12 | 0 | 12 | 24 | 8 | 16 | 240000
-12 | 12 | 2 | 10 | 24 | 1 | 23 | 241000
-12 | 12 | 2 | 10 | 24 | 5 | 19 | 242000
-12 | 12 | 1 | 11 | 24 | 4 | 20 | 243000
-12 | 12 | 1 | 11 | 24 | 5 | 19 | 244000
-12 | 12 | 2 | 10 | 24 | 5 | 19 | 245000
-12 | 12 | 3 | 9 | 24 | 3 | 21 | 246000
-12 | 12 | 2 | 10 | 24 | 3 | 21 | 247000
-12 | 12 | 1 | 11 | 24 | 8 | 16 | 248000
-12 | 12 | 0 | 12 | 24 | 7 | 17 | 249000
-12 | 12 | 2 | 10 | 24 | 3 | 21 | 250000
-12 | 12 | 1 | 11 | 24 | 1 | 23 | 251000
-12 | 12 | 2 | 10 | 24 | 5 | 19 | 252000
-12 | 12 | 4 | 8 | 24 | 3 | 21 | 253000
-12 | 12 | 0 | 12 | 24 | 3 | 21 | 254000
-12 | 12 | 2 | 10 | 24 | 4 | 20 | 255000
-12 | 12 | 3 | 9 | 24 | 3 | 21 | 256000
-12 | 12 | 1 | 11 | 24 | 4 | 20 | 257000
-12 | 12 | 3 | 9 | 24 | 3 | 21 | 258000
-12 | 12 | 3 | 9 | 24 | 2 | 22 | 259000
-12 | 12 | 1 | 11 | 24 | 7 | 17 | 260000
-12 | 12 | 2 | 10 | 24 | 3 | 21 | 261000
-12 | 12 | 0 | 12 | 24 | 5 | 19 | 262000
-12 | 12 | 2 | 10 | 24 | 6 | 18 | 263000
-12 | 12 | 4 | 8 | 24 | 4 | 20 | 264000
-12 | 12 | 2 | 10 | 24 | 3 | 21 | 265000
-12 | 12 | 0 | 12 | 24 | 0 | 24 | 266000
-12 | 12 | 1 | 11 | 24 | 6 | 18 | 267000
-12 | 12 | 1 | 11 | 24 | 0 | 24 | 268000
-12 | 12 | 1 | 11 | 24 | 2 | 22 | 269000
-12 | 12 | 3 | 9 | 24 | 2 | 22 | 270000
-12 | 12 | 2 | 10 | 24 | 6 | 18 | 271000
-12 | 12 | 3 | 9 | 24 | 5 | 19 | 272000
-12 | 12 | 2 | 10 | 24 | 2 | 22 | 273000
-12 | 12 | 1 | 11 | 24 | 4 | 20 | 274000
-12 | 12 | 4 | 8 | 24 | 6 | 18 | 275000
-12 | 12 | 3 | 9 | 24 | 3 | 21 | 276000
-12 | 12 | 2 | 10 | 24 | 2 | 22 | 277000
-12 | 12 | 2 | 10 | 24 | 4 | 20 | 278000
-12 | 12 | 2 | 10 | 24 | 2 | 22 | 279000
-12 | 12 | 2 | 10 | 24 | 6 | 18 | 280000
-12 | 12 | 0 | 12 | 24 | 3 | 21 | 281000
-12 | 12 | 1 | 11 | 24 | 3 | 21 | 282000
-12 | 12 | 3 | 9 | 24 | 6 | 18 | 283000
-12 | 12 | 1 | 11 | 24 | 2 | 22 | 284000
-12 | 12 | 0 | 12 | 24 | 1 | 23 | 285000
-12 | 12 | 3 | 9 | 24 | 5 | 19 | 286000
-12 | 12 | 6 | 6 | 24 | 5 | 19 | 287000
-12 | 12 | 1 | 11 | 24 | 2 | 22 | 288000
-12 | 12 | 2 | 10 | 24 | 5 | 19 | 289000
-12 | 12 | 2 | 10 | 24 | 6 | 18 | 290000
-12 | 12 | 1 | 11 | 24 | 4 | 20 | 291000
-12 | 12 | 2 | 10 | 24 | 7 | 17 | 292000
-12 | 12 | 3 | 9 | 24 | 4 | 20 | 293000
-12 | 12 | 1 | 11 | 24 | 7 | 17 | 294000
-12 | 12 | 2 | 10 | 24 | 1 | 23 | 295000
-12 | 12 | 2 | 10 | 24 | 6 | 18 | 296000
-12 | 12 | 2 | 10 | 24 | 3 | 21 | 297000
-12 | 12 | 1 | 11 | 24 | 3 | 21 | 298000
-12 | 12 | 1 | 11 | 24 | 3 | 21 | 299000
-12 | 12 | 2 | 10 | 24 | 1 | 23 | 300000
-12 | 12 | 4 | 8 | 24 | 4 | 20 | 301000
-12 | 12 | 4 | 8 | 24 | 8 | 16 | 302000
-12 | 12 | 2 | 10 | 24 | 3 | 21 | 303000
-12 | 12 | 1 | 11 | 24 | 4 | 20 | 304000
-12 | 12 | 1 | 11 | 24 | 3 | 21 | 305000
-12 | 12 | 1 | 11 | 24 | 5 | 19 | 306000
-12 | 12 | 4 | 8 | 24 | 5 | 19 | 307000
-12 | 12 | 0 | 12 | 24 | 4 | 20 | 308000
-12 | 12 | 2 | 10 | 24 | 8 | 16 | 309000
-12 | 12 | 3 | 9 | 24 | 3 | 21 | 310000
-12 | 12 | 2 | 10 | 24 | 6 | 18 | 311000
-12 | 12 | 3 | 9 | 24 | 2 | 22 | 312000
-12 | 12 | 1 | 11 | 24 | 2 | 22 | 313000
-12 | 12 | 1 | 11 | 24 | 5 | 19 | 314000
-12 | 12 | 2 | 10 | 24 | 0 | 24 | 315000
-12 | 12 | 0 | 12 | 24 | 4 | 20 | 316000
-12 | 12 | 3 | 9 | 24 | 4 | 20 | 317000
-12 | 12 | 3 | 9 | 24 | 3 | 21 | 318000
-12 | 12 | 3 | 9 | 24 | 5 | 19 | 319000
-12 | 12 | 4 | 8 | 24 | 7 | 17 | 320000
-12 | 12 | 2 | 10 | 24 | 5 | 19 | 321000
-12 | 12 | 2 | 10 | 24 | 6 | 18 | 322000
-12 | 12 | 3 | 9 | 24 | 3 | 21 | 323000
-12 | 12 | 2 | 10 | 24 | 3 | 21 | 324000
-12 | 12 | 1 | 11 | 24 | 6 | 18 | 325000
-12 | 12 | 4 | 8 | 24 | 2 | 22 | 326000
-12 | 12 | 2 | 10 | 24 | 4 | 20 | 327000
-12 | 12 | 2 | 10 | 24 | 3 | 21 | 328000
-12 | 12 | 0 | 12 | 24 | 10 | 14 | 329000
-12 | 12 | 3 | 9 | 24 | 4 | 20 | 330000
-12 | 12 | 2 | 10 | 24 | 3 | 21 | 331000
-12 | 12 | 3 | 9 | 24 | 5 | 19 | 332000
-12 | 12 | 1 | 11 | 24 | 6 | 18 | 333000
-12 | 12 | 1 | 11 | 24 | 2 | 22 | 334000
-12 | 12 | 3 | 9 | 24 | 4 | 20 | 335000
-12 | 12 | 0 | 12 | 24 | 2 | 22 | 336000
-12 | 12 | 1 | 11 | 24 | 4 | 20 | 337000
-12 | 12 | 4 | 8 | 24 | 2 | 22 | 338000
-12 | 12 | 3 | 9 | 24 | 2 | 22 | 339000
-12 | 12 | 2 | 10 | 24 | 4 | 20 | 340000
-12 | 12 | 1 | 11 | 24 | 3 | 21 | 341000
-12 | 12 | 2 | 10 | 24 | 7 | 17 | 342000
-12 | 12 | 3 | 9 | 24 | 3 | 21 | 343000
-12 | 12 | 4 | 8 | 24 | 3 | 21 | 344000
-12 | 12 | 2 | 10 | 24 | 4 | 20 | 345000
-12 | 12 | 1 | 11 | 24 | 5 | 19 | 346000
-12 | 12 | 1 | 11 | 24 | 5 | 19 | 347000
-12 | 12 | 1 | 11 | 24 | 3 | 21 | 348000
-12 | 12 | 1 | 11 | 24 | 4 | 20 | 349000
-12 | 12 | 1 | 11 | 24 | 6 | 18 | 350000
-12 | 12 | 2 | 10 | 24 | 4 | 20 | 351000
-12 | 12 | 3 | 9 | 24 | 1 | 23 | 352000
-12 | 12 | 3 | 9 | 24 | 6 | 18 | 353000
-12 | 12 | 2 | 10 | 24 | 4 | 20 | 354000
-12 | 12 | 1 | 11 | 24 | 2 | 22 | 355000
-12 | 12 | 1 | 11 | 24 | 5 | 19 | 356000
-12 | 12 | 0 | 12 | 24 | 5 | 19 | 357000
-12 | 12 | 3 | 9 | 24 | 3 | 21 | 358000
-12 | 12 | 0 | 12 | 24 | 6 | 18 | 359000
-12 | 12 | 3 | 9 | 24 | 8 | 16 | 360000
-12 | 12 | 3 | 9 | 24 | 2 | 22 | 361000
-12 | 12 | 2 | 10 | 24 | 3 | 21 | 362000
-12 | 12 | 2 | 10 | 24 | 7 | 17 | 363000
-12 | 12 | 1 | 11 | 24 | 6 | 18 | 364000
-12 | 12 | 2 | 10 | 24 | 1 | 23 | 365000
-12 | 12 | 2 | 10 | 24 | 3 | 21 | 366000
-12 | 12 | 3 | 9 | 24 | 4 | 20 | 367000
-12 | 12 | 1 | 11 | 24 | 4 | 20 | 368000
-12 | 12 | 0 | 12 | 24 | 5 | 19 | 369000
-12 | 12 | 4 | 8 | 24 | 3 | 21 | 370000
-12 | 12 | 1 | 11 | 24 | 2 | 22 | 371000
-12 | 12 | 2 | 10 | 24 | 4 | 20 | 372000
-12 | 12 | 3 | 9 | 24 | 4 | 20 | 373000
-12 | 12 | 2 | 10 | 24 | 5 | 19 | 374000
-12 | 12 | 2 | 10 | 24 | 3 | 21 | 375000
-12 | 12 | 0 | 12 | 24 | 4 | 20 | 376000
-12 | 12 | 1 | 11 | 24 | 2 | 22 | 377000
-12 | 12 | 1 | 11 | 24 | 4 | 20 | 378000
-12 | 12 | 0 | 12 | 24 | 3 | 21 | 379000
-12 | 12 | 4 | 8 | 24 | 4 | 20 | 380000
-12 | 12 | 2 | 10 | 24 | 2 | 22 | 381000
-12 | 12 | 2 | 10 | 24 | 9 | 15 | 382000
-12 | 12 | 2 | 10 | 24 | 5 | 19 | 383000
-12 | 12 | 1 | 11 | 24 | 6 | 18 | 384000
-12 | 12 | 4 | 8 | 24 | 4 | 20 | 385000
-12 | 12 | 1 | 11 | 24 | 5 | 19 | 386000
-12 | 12 | 2 | 10 | 24 | 4 | 20 | 387000
-12 | 12 | 2 | 10 | 24 | 4 | 20 | 388000
-12 | 12 | 3 | 9 | 24 | 4 | 20 | 389000
-12 | 12 | 1 | 11 | 24 | 2 | 22 | 390000
-12 | 12 | 1 | 11 | 24 | 5 | 19 | 391000
-12 | 12 | 1 | 11 | 24 | 2 | 22 | 392000
-12 | 12 | 1 | 11 | 24 | 1 | 23 | 393000
-12 | 12 | 4 | 8 | 24 | 4 | 20 | 394000
-12 | 12 | 2 | 10 | 24 | 4 | 20 | 395000
-12 | 12 | 1 | 11 | 24 | 3 | 21 | 396000
-12 | 12 | 2 | 10 | 24 | 1 | 23 | 397000
-12 | 12 | 2 | 10 | 24 | 5 | 19 | 398000
-12 | 12 | 1 | 11 | 24 | 4 | 20 | 399000
-12 | 12 | 2 | 10 | 24 | 6 | 18 | 400000
-12 | 12 | 3 | 9 | 24 | 4 | 20 | 401000
-12 | 12 | 3 | 9 | 24 | 3 | 21 | 402000
-12 | 12 | 2 | 10 | 24 | 2 | 22 | 403000
-12 | 12 | 1 | 11 | 24 | 2 | 22 | 404000
-12 | 12 | 2 | 10 | 24 | 9 | 15 | 405000
-12 | 12 | 0 | 12 | 24 | 3 | 21 | 406000
-12 | 12 | 0 | 12 | 24 | 5 | 19 | 407000
-12 | 12 | 1 | 11 | 24 | 5 | 19 | 408000
-12 | 12 | 2 | 10 | 24 | 6 | 18 | 409000
-12 | 12 | 3 | 9 | 24 | 6 | 18 | 410000
-12 | 12 | 2 | 10 | 24 | 3 | 21 | 411000
-12 | 12 | 1 | 11 | 24 | 4 | 20 | 412000
-12 | 12 | 3 | 9 | 24 | 2 | 22 | 413000
-12 | 12 | 4 | 8 | 24 | 5 | 19 | 414000
-12 | 12 | 0 | 12 | 24 | 4 | 20 | 415000
-12 | 12 | 1 | 11 | 24 | 4 | 20 | 416000
-12 | 12 | 0 | 12 | 24 | 2 | 22 | 417000
-12 | 12 | 3 | 9 | 24 | 11 | 13 | 418000
-12 | 12 | 2 | 10 | 24 | 4 | 20 | 419000
-12 | 12 | 0 | 12 | 24 | 1 | 23 | 420000
-12 | 12 | 1 | 11 | 24 | 5 | 19 | 421000
-12 | 12 | 0 | 12 | 24 | 4 | 20 | 422000
-12 | 12 | 1 | 11 | 24 | 3 | 21 | 423000
-12 | 12 | 1 | 11 | 24 | 5 | 19 | 424000
-12 | 12 | 1 | 11 | 24 | 3 | 21 | 425000
-12 | 12 | 0 | 12 | 24 | 5 | 19 | 426000
-12 | 12 | 2 | 10 | 24 | 5 | 19 | 427000
-12 | 12 | 3 | 9 | 24 | 5 | 19 | 428000
-12 | 12 | 2 | 10 | 24 | 2 | 22 | 429000
-12 | 12 | 0 | 12 | 24 | 6 | 18 | 430000
-12 | 12 | 4 | 8 | 24 | 2 | 22 | 431000
-12 | 12 | 0 | 12 | 24 | 1 | 23 | 432000
-12 | 12 | 1 | 11 | 24 | 5 | 19 | 433000
-12 | 12 | 2 | 10 | 24 | 7 | 17 | 434000
-12 | 12 | 0 | 12 | 24 | 4 | 20 | 435000
-12 | 12 | 2 | 10 | 24 | 6 | 18 | 436000
-12 | 12 | 1 | 11 | 24 | 3 | 21 | 437000
-12 | 12 | 3 | 9 | 24 | 5 | 19 | 438000
-12 | 12 | 1 | 11 | 24 | 2 | 22 | 439000
-12 | 12 | 2 | 10 | 24 | 2 | 22 | 440000
-12 | 12 | 1 | 11 | 24 | 3 | 21 | 441000
-12 | 12 | 3 | 9 | 24 | 5 | 19 | 442000
-12 | 12 | 1 | 11 | 24 | 6 | 18 | 443000
-12 | 12 | 2 | 10 | 24 | 5 | 19 | 444000
-12 | 12 | 1 | 11 | 24 | 6 | 18 | 445000
-12 | 12 | 2 | 10 | 24 | 4 | 20 | 446000
-12 | 12 | 1 | 11 | 24 | 4 | 20 | 447000
-12 | 12 | 2 | 10 | 24 | 6 | 18 | 448000
-12 | 12 | 4 | 8 | 24 | 1 | 23 | 449000
-12 | 12 | 1 | 11 | 24 | 5 | 19 | 450000
-12 | 12 | 2 | 10 | 24 | 6 | 18 | 451000
-12 | 12 | 1 | 11 | 24 | 1 | 23 | 452000
-12 | 12 | 2 | 10 | 24 | 3 | 21 | 453000
-12 | 12 | 2 | 10 | 24 | 5 | 19 | 454000
-12 | 12 | 3 | 9 | 24 | 3 | 21 | 455000
-12 | 12 | 3 | 9 | 24 | 3 | 21 | 456000
-12 | 12 | 0 | 12 | 24 | 5 | 19 | 457000
-12 | 12 | 1 | 11 | 24 | 0 | 24 | 458000
-12 | 12 | 4 | 8 | 24 | 8 | 16 | 459000
-12 | 12 | 1 | 11 | 24 | 3 | 21 | 460000
-12 | 12 | 1 | 11 | 24 | 5 | 19 | 461000
-12 | 12 | 2 | 10 | 24 | 3 | 21 | 462000
-12 | 12 | 1 | 11 | 24 | 2 | 22 | 463000
-12 | 12 | 0 | 12 | 24 | 5 | 19 | 464000
-12 | 12 | 0 | 12 | 24 | 3 | 21 | 465000
-12 | 12 | 0 | 12 | 24 | 5 | 19 | 466000
-12 | 12 | 1 | 11 | 24 | 1 | 23 | 467000
-12 | 12 | 1 | 11 | 24 | 3 | 21 | 468000
-12 | 12 | 1 | 11 | 24 | 8 | 16 | 469000
-12 | 12 | 4 | 8 | 24 | 3 | 21 | 470000
-12 | 12 | 2 | 10 | 24 | 5 | 19 | 471000
-12 | 12 | 2 | 10 | 24 | 3 | 21 | 472000
-12 | 12 | 4 | 8 | 24 | 3 | 21 | 473000
-12 | 12 | 2 | 10 | 24 | 4 | 20 | 474000
-12 | 12 | 2 | 10 | 24 | 4 | 20 | 475000
-12 | 12 | 2 | 10 | 24 | 11 | 13 | 476000
-12 | 12 | 3 | 9 | 24 | 5 | 19 | 477000
-12 | 12 | 2 | 10 | 24 | 7 | 17 | 478000
-12 | 12 | 3 | 9 | 24 | 7 | 17 | 479000
-12 | 12 | 1 | 11 | 24 | 5 | 19 | 480000
-12 | 12 | 1 | 11 | 24 | 5 | 19 | 481000
-12 | 12 | 1 | 11 | 24 | 4 | 20 | 482000
-12 | 12 | 1 | 11 | 24 | 4 | 20 | 483000
-12 | 12 | 3 | 9 | 24 | 5 | 19 | 484000
-12 | 12 | 2 | 10 | 24 | 4 | 20 | 485000
-12 | 12 | 2 | 10 | 24 | 2 | 22 | 486000
-12 | 12 | 2 | 10 | 24 | 4 | 20 | 487000
-12 | 12 | 0 | 12 | 24 | 5 | 19 | 488000
-12 | 12 | 2 | 10 | 24 | 2 | 22 | 489000
-12 | 12 | 2 | 10 | 24 | 2 | 22 | 490000
-12 | 12 | 1 | 11 | 24 | 4 | 20 | 491000
-12 | 12 | 1 | 11 | 24 | 3 | 21 | 492000
-12 | 12 | 2 | 10 | 24 | 4 | 20 | 493000
-12 | 12 | 0 | 12 | 24 | 1 | 23 | 494000
-12 | 12 | 2 | 10 | 24 | 7 | 17 | 495000
-12 | 12 | 2 | 10 | 24 | 4 | 20 | 496000
-12 | 12 | 3 | 9 | 24 | 6 | 18 | 497000
-12 | 12 | 2 | 10 | 24 | 4 | 20 | 498000
-12 | 12 | 3 | 9 | 24 | 4 | 20 | 499000
-12 | 12 | 1 | 11 | 24 | 1 | 23 | 500000
-12 | 12 | 1 | 11 | 24 | 6 | 18 | 501000
-12 | 12 | 2 | 10 | 24 | 3 | 21 | 502000
-12 | 12 | 0 | 12 | 24 | 5 | 19 | 503000
-12 | 12 | 3 | 9 | 24 | 7 | 17 | 504000
-12 | 12 | 2 | 10 | 24 | 5 | 19 | 505000
-12 | 12 | 3 | 9 | 24 | 6 | 18 | 506000
-12 | 12 | 1 | 11 | 24 | 1 | 23 | 507000
-12 | 12 | 0 | 12 | 24 | 2 | 22 | 508000
-12 | 12 | 4 | 8 | 24 | 5 | 19 | 509000
-12 | 12 | 0 | 12 | 24 | 2 | 22 | 510000
-12 | 12 | 2 | 10 | 24 | 3 | 21 | 511000
-12 | 12 | 1 | 11 | 24 | 2 | 22 | 512000
-12 | 12 | 4 | 8 | 24 | 4 | 20 | 513000
-12 | 12 | 2 | 10 | 24 | 5 | 19 | 514000
-12 | 12 | 4 | 8 | 24 | 3 | 21 | 515000
-12 | 12 | 3 | 9 | 24 | 3 | 21 | 516000
-12 | 12 | 3 | 9 | 24 | 3 | 21 | 517000
-12 | 12 | 2 | 10 | 24 | 4 | 20 | 518000
-12 | 12 | 1 | 11 | 24 | 2 | 22 | 519000
-12 | 12 | 1 | 11 | 24 | 4 | 20 | 520000
-12 | 12 | 1 | 11 | 24 | 4 | 20 | 521000
-12 | 12 | 3 | 9 | 24 | 0 | 24 | 522000
-12 | 12 | 3 | 9 | 24 | 7 | 17 | 523000
-12 | 12 | 4 | 8 | 24 | 4 | 20 | 524000
-12 | 12 | 2 | 10 | 24 | 7 | 17 | 525000
-12 | 12 | 3 | 9 | 24 | 6 | 18 | 526000
-12 | 12 | 3 | 9 | 24 | 5 | 19 | 527000
-12 | 12 | 3 | 9 | 24 | 0 | 24 | 528000
-12 | 12 | 2 | 10 | 24 | 9 | 15 | 529000
-12 | 12 | 2 | 10 | 24 | 2 | 22 | 530000
-12 | 12 | 0 | 12 | 24 | 4 | 20 | 531000
-12 | 12 | 3 | 9 | 24 | 6 | 18 | 532000
-12 | 12 | 2 | 10 | 24 | 4 | 20 | 533000
-12 | 12 | 3 | 9 | 24 | 4 | 20 | 534000
-12 | 12 | 2 | 10 | 24 | 6 | 18 | 535000
-12 | 12 | 3 | 9 | 24 | 4 | 20 | 536000
-12 | 12 | 1 | 11 | 24 | 4 | 20 | 537000
-12 | 12 | 3 | 9 | 24 | 5 | 19 | 538000
-12 | 12 | 4 | 8 | 24 | 3 | 21 | 539000
-12 | 12 | 1 | 11 | 24 | 6 | 18 | 540000
-12 | 12 | 3 | 9 | 24 | 5 | 19 | 541000
-12 | 12 | 3 | 9 | 24 | 3 | 21 | 542000
-12 | 12 | 1 | 11 | 24 | 7 | 17 | 543000
-12 | 12 | 0 | 12 | 24 | 1 | 23 | 544000
-12 | 12 | 3 | 9 | 24 | 5 | 19 | 545000
-12 | 12 | 1 | 11 | 24 | 2 | 22 | 546000
-12 | 12 | 2 | 10 | 24 | 4 | 20 | 547000
-12 | 12 | 4 | 8 | 24 | 5 | 19 | 548000
-12 | 12 | 0 | 12 | 24 | 7 | 17 | 549000
-12 | 12 | 3 | 9 | 24 | 4 | 20 | 550000
-12 | 12 | 2 | 10 | 24 | 5 | 19 | 551000
-12 | 12 | 1 | 11 | 24 | 3 | 21 | 552000
-12 | 12 | 3 | 9 | 24 | 4 | 20 | 553000
-12 | 12 | 0 | 12 | 24 | 2 | 22 | 554000
-12 | 12 | 2 | 10 | 24 | 4 | 20 | 555000
-12 | 12 | 2 | 10 | 24 | 4 | 20 | 556000
-12 | 12 | 3 | 9 | 24 | 5 | 19 | 557000
-12 | 12 | 2 | 10 | 24 | 5 | 19 | 558000
-12 | 12 | 2 | 10 | 24 | 3 | 21 | 559000
-12 | 12 | 2 | 10 | 24 | 2 | 22 | 560000
-12 | 12 | 1 | 11 | 24 | 8 | 16 | 561000
-12 | 12 | 2 | 10 | 24 | 8 | 16 | 562000
-12 | 12 | 0 | 12 | 24 | 2 | 22 | 563000
-12 | 12 | 2 | 10 | 24 | 5 | 19 | 564000
-12 | 12 | 1 | 11 | 24 | 5 | 19 | 565000
-12 | 12 | 1 | 11 | 24 | 2 | 22 | 566000
-12 | 12 | 3 | 9 | 24 | 2 | 22 | 567000
-12 | 12 | 3 | 9 | 24 | 2 | 22 | 568000
-12 | 12 | 1 | 11 | 24 | 6 | 18 | 569000
-12 | 12 | 2 | 10 | 24 | 5 | 19 | 570000
-12 | 12 | 1 | 11 | 24 | 3 | 21 | 571000
-12 | 12 | 3 | 9 | 24 | 3 | 21 | 572000
-12 | 12 | 2 | 10 | 24 | 5 | 19 | 573000
-12 | 12 | 1 | 11 | 24 | 4 | 20 | 574000
-12 | 12 | 3 | 9 | 24 | 5 | 19 | 575000
-12 | 12 | 2 | 10 | 24 | 2 | 22 | 576000
-12 | 12 | 3 | 9 | 24 | 4 | 20 | 577000
-12 | 12 | 1 | 11 | 24 | 2 | 22 | 578000
-12 | 12 | 3 | 9 | 24 | 5 | 19 | 579000
-12 | 12 | 1 | 11 | 24 | 5 | 19 | 580000
-12 | 12 | 1 | 11 | 24 | 4 | 20 | 581000
-12 | 12 | 2 | 10 | 24 | 8 | 16 | 582000
