-85.7 | 11 | 1 | 10 | 186 | 186 | 27 | 159 | 0 | 0 | 0 | 0 | 0 | 0 | 0
-104.1 | 15 | 4 | 11 | 178 | 178 | 51 | 127 | 0 | 0 | 0 | 0 | 0 | 0 | 1000
-99.7 | 18 | 5 | 13 | 172 | 172 | 43 | 129 | 0 | 0 | 0 | 0 | 0 | 0 | 2000
-104.1 | 15 | 0 | 15 | 178 | 178 | 51 | 127 | 0 | 0 | 0 | 0 | 0 | 0 | 3000
-93.4 | 11 | 1 | 10 | 186 | 186 | 38 | 148 | 0 | 0 | 0 | 0 | 0 | 0 | 4000
-108 | 23 | 4 | 19 | 162 | 162 | 52 | 110 | 0 | 0 | 0 | 0 | 0 | 0 | 5000
-101.4 | 17 | 3 | 14 | 174 | 174 | 46 | 128 | 0 | 0 | 0 | 0 | 0 | 0 | 6000
-106.9 | 22 | 3 | 19 | 164 | 164 | 51 | 113 | 0 | 0 | 0 | 0 | 0 | 0 | 7000
-102 | 22 | 1 | 21 | 164 | 164 | 44 | 120 | 0 | 0 | 0 | 0 | 0 | 0 | 8000
-101.3 | 22 | 2 | 20 | 164 | 164 | 43 | 121 | 0 | 0 | 0 | 0 | 0 | 0 | 9000
-97.5 | 9 | 1 | 8 | 190 | 190 | 45 | 145 | 0 | 0 | 0 | 0 | 0 | 0 | 10000
-110.4 | 15 | 3 | 12 | 178 | 178 | 60 | 118 | 0 | 0 | 0 | 0 | 0 | 0 | 11000
-99 | 11 | 4 | 7 | 186 | 186 | 46 | 140 | 0 | 0 | 0 | 0 | 0 | 0 | 12000
-105.4 | 20 | 1 | 19 | 168 | 168 | 50 | 118 | 0 | 0 | 0 | 0 | 0 | 0 | 13000
-104 | 13 | 2 | 11 | 182 | 182 | 52 | 130 | 0 | 0 | 0 | 0 | 0 | 0 | 14000
-96.4 | 8 | 2 | 6 | 192 | 192 | 44 | 148 | 0 | 0 | 0 | 0 | 0 | 0 | 15000
-99.5 | 14 | 3 | 11 | 180 | 180 | 45 | 135 | 0 | 0 | 0 | 0 | 0 | 0 | 16000
-99.5 | 21 | 1 | 20 | 166 | 166 | 41 | 125 | 0 | 0 | 0 | 0 | 0 | 0 | 17000
-102 | 22 | 1 | 21 | 164 | 164 | 44 | 120 | 0 | 0 | 0 | 0 | 0 | 0 | 18000
-97.5 | 9 | 2 | 7 | 190 | 190 | 45 | 145 | 0 | 0 | 0 | 0 | 0 | 0 | 19000
-94.6 | 14 | 1 | 13 | 180 | 180 | 38 | 142 | 0 | 0 | 0 | 0 | 0 | 0 | 20000
-103.7 | 14 | 0 | 14 | 180 | 180 | 51 | 129 | 0 | 0 | 0 | 0 | 0 | 0 | 21000
-97.9 | 17 | 2 | 15 | 174 | 174 | 41 | 133 | 0 | 0 | 0 | 0 | 0 | 0 | 22000
-101.5 | 12 | 1 | 11 | 184 | 184 | 49 | 135 | 0 | 0 | 0 | 0 | 0 | 0 | 23000
-103.5 | 17 | 2 | 15 | 174 | 174 | 49 | 125 | 0 | 0 | 0 | 0 | 0 | 0 | 24000
-104 | 20 | 0 | 20 | 168 | 168 | 48 | 120 | 0 | 0 | 0 | 0 | 0 | 0 | 25000
-95.2 | 12 | 1 | 11 | 184 | 184 | 40 | 144 | 0 | 0 | 0 | 0 | 0 | 0 | 26000
-98.7 | 19 | 2 | 17 | 170 | 170 | 41 | 129 | 0 | 0 | 0 | 0 | 0 | 0 | 27000
-99.3 | 17 | 0 | 17 | 174 | 174 | 43 | 131 | 0 | 0 | 0 | 0 | 0 | 0 | 28000
-106.8 | 13 | 3 | 10 | 182 | 182 | 56 | 126 | 0 | 0 | 0 | 0 | 0 | 0 | 29000
-100.3 | 23 | 2 | 21 | 162 | 162 | 41 | 121 | 0 | 0 | 0 | 0 | 0 | 0 | 30000
-102 | 15 | 1 | 14 | 178 | 178 | 48 | 130 | 0 | 0 | 0 | 0 | 0 | 0 | 31000
-100.7 | 24 | 1 | 23 | 160 | 160 | 41 | 119 | 0 | 0 | 0 | 0 | 0 | 0 | 32000
-96.8 | 16 | 0 | 16 | 176 | 176 | 40 | 136 | 0 | 0 | 0 | 0 | 0 | 0 | 33000
-96.5 | 17 | 1 | 16 | 174 | 174 | 39 | 135 | 0 | 0 | 0 | 0 | 0 | 0 | 34000
-103.9 | 18 | 0 | 18 | 172 | 172 | 49 | 123 | 0 | 0 | 0 | 0 | 0 | 0 | 35000
-99.9 | 15 | 1 | 14 | 178 | 178 | 45 | 133 | 0 | 0 | 0 | 0 | 0 | 0 | 36000
-101.9 | 20 | 3 | 17 | 168 | 168 | 45 | 123 | 0 | 0 | 0 | 0 | 0 | 0 | 37000
-106 | 18 | 1 | 17 | 172 | 172 | 52 | 120 | 0 | 0 | 0 | 0 | 0 | 0 | 38000
-105.7 | 19 | 3 | 16 | 170 | 170 | 51 | 119 | 0 | 0 | 0 | 0 | 0 | 0 | 39000
-104 | 20 | 3 | 17 | 168 | 168 | 48 | 120 | 0 | 0 | 0 | 0 | 0 | 0 | 40000
-98.1 | 7 | 0 | 7 | 194 | 194 | 47 | 147 | 0 | 0 | 0 | 0 | 0 | 0 | 41000
-100.7 | 17 | 1 | 16 | 174 | 174 | 45 | 129 | 0 | 0 | 0 | 0 | 0 | 0 | 42000
-101.7 | 16 | 1 | 15 | 176 | 176 | 47 | 129 | 0 | 0 | 0 | 0 | 0 | 0 | 43000
-94.1 | 18 | 0 | 18 | 172 | 172 | 35 | 137 | 0 | 0 | 0 | 0 | 0 | 0 | 44000
-104.1 | 15 | 1 | 14 | 178 | 178 | 51 | 127 | 0 | 0 | 0 | 0 | 0 | 0 | 45000
-102.7 | 22 | 2 | 20 | 164 | 164 | 45 | 119 | 0 | 0 | 0 | 0 | 0 | 0 | 46000
-97.1 | 15 | 2 | 13 | 178 | 178 | 41 | 137 | 0 | 0 | 0 | 0 | 0 | 0 | 47000
-98.9 | 16 | 1 | 15 | 176 | 176 | 43 | 133 | 0 | 0 | 0 | 0 | 0 | 0 | 48000
-101 | 9 | 1 | 8 | 190 | 190 | 50 | 140 | 0 | 0 | 0 | 0 | 0 | 0 | 49000
-96.2 | 18 | 0 | 18 | 172 | 172 | 38 | 134 | 0 | 0 | 0 | 0 | 0 | 0 | 50000
-98.7 | 12 | 1 | 11 | 184 | 184 | 45 | 139 | 0 | 0 | 0 | 0 | 0 | 0 | 51000
-105.1 | 14 | 4 | 10 | 180 | 180 | 53 | 127 | 0 | 0 | 0 | 0 | 0 | 0 | 52000
-107.3 | 9 | 0 | 9 | 190 | 190 | 59 | 131 | 0 | 0 | 0 | 0 | 0 | 0 | 53000
-95.2 | 19 | 2 | 17 | 170 | 170 | 36 | 134 | 0 | 0 | 0 | 0 | 0 | 0 | 54000
-101.1 | 18 | 3 | 15 | 172 | 172 | 45 | 127 | 0 | 0 | 0 | 0 | 0 | 0 | 55000
-100.1 | 19 | 0 | 19 | 170 | 170 | 43 | 127 | 0 | 0 | 0 | 0 | 0 | 0 | 56000
-100.2 | 14 | 6 | 8 | 180 | 180 | 46 | 134 | 0 | 0 | 0 | 0 | 0 | 0 | 57000
-99.6 | 16 | 3 | 13 | 176 | 176 | 44 | 132 | 0 | 0 | 0 | 0 | 0 | 0 | 58000
-97.7 | 13 | 1 | 12 | 182 | 182 | 43 | 139 | 0 | 0 | 0 | 0 | 0 | 0 | 59000
-102.7 | 22 | 2 | 20 | 164 | 164 | 45 | 119 | 0 | 0 | 0 | 0 | 0 | 0 | 60000
-102.5 | 18 | 5 | 13 | 172 | 172 | 47 | 125 | 0 | 0 | 0 | 0 | 0 | 0 | 61000
-98.7 | 19 | 0 | 19 | 170 | 170 | 41 | 129 | 0 | 0 | 0 | 0 | 0 | 0 | 62000
-102.8 | 17 | 1 | 16 | 174 | 174 | 48 | 126 | 0 | 0 | 0 | 0 | 0 | 0 | 63000
-102 | 22 | 2 | 20 | 164 | 164 | 44 | 120 | 0 | 0 | 0 | 0 | 0 | 0 | 64000
-97.5 | 16 | 4 | 12 | 176 | 176 | 41 | 135 | 0 | 0 | 0 | 0 | 0 | 0 | 65000
-96.8 | 16 | 1 | 15 | 176 | 176 | 40 | 136 | 0 | 0 | 0 | 0 | 0 | 0 | 66000
-93.9 | 14 | 2 | 12 | 180 | 180 | 37 | 143 | 0 | 0 | 0 | 0 | 0 | 0 | 67000
-97.3 | 19 | 3 | 16 | 170 | 170 | 39 | 131 | 0 | 0 | 0 | 0 | 0 | 0 | 68000
-103 | 21 | 3 | 18 | 166 | 166 | 46 | 120 | 0 | 0 | 0 | 0 | 0 | 0 | 69000
-95.1 | 17 | 3 | 14 | 174 | 174 | 37 | 137 | 0 | 0 | 0 | 0 | 0 | 0 | 70000
-97.6 | 11 | 3 | 8 | 186 | 186 | 44 | 142 | 0 | 0 | 0 | 0 | 0 | 0 | 71000
-99.8 | 13 | 1 | 12 | 182 | 182 | 46 | 136 | 0 | 0 | 0 | 0 | 0 | 0 | 72000
-99.5 | 14 | 3 | 11 | 180 | 180 | 45 | 135 | 0 | 0 | 0 | 0 | 0 | 0 | 73000
-97.2 | 10 | 1 | 9 | 188 | 188 | 44 | 144 | 0 | 0 | 0 | 0 | 0 | 0 | 74000
-96.1 | 16 | 3 | 13 | 176 | 176 | 39 | 137 | 0 | 0 | 0 | 0 | 0 | 0 | 75000
-100.1 | 19 | 1 | 18 | 170 | 170 | 43 | 127 | 0 | 0 | 0 | 0 | 0 | 0 | 76000
-99.7 | 18 | 2 | 16 | 172 | 172 | 43 | 129 | 0 | 0 | 0 | 0 | 0 | 0 | 77000
-97.2 | 17 | 1 | 16 | 174 | 174 | 40 | 134 | 0 | 0 | 0 | 0 | 0 | 0 | 78000
-96.1 | 16 | 0 | 16 | 176 | 176 | 39 | 137 | 0 | 0 | 0 | 0 | 0 | 0 | 79000
-99.7 | 18 | 3 | 15 | 172 | 172 | 43 | 129 | 0 | 0 | 0 | 0 | 0 | 0 | 80000
-102.6 | 20 | 3 | 17 | 168 | 168 | 46 | 122 | 0 | 0 | 0 | 0 | 0 | 0 | 81000
-102 | 15 | 2 | 13 | 178 | 178 | 48 | 130 | 0 | 0 | 0 | 0 | 0 | 0 | 82000
-96.7 | 21 | 1 | 20 | 166 | 166 | 37 | 129 | 0 | 0 | 0 | 0 | 0 | 0 | 83000
-97 | 20 | 0 | 20 | 168 | 168 | 38 | 130 | 0 | 0 | 0 | 0 | 0 | 0 | 84000
-105.2 | 16 | 2 | 14 | 176 | 176 | 52 | 124 | 0 | 0 | 0 | 0 | 0 | 0 | 85000
-97.1 | 15 | 3 | 12 | 178 | 178 | 41 | 137 | 0 | 0 | 0 | 0 | 0 | 0 | 86000
-100 | 17 | 6 | 11 | 174 | 174 | 44 | 130 | 0 | 0 | 0 | 0 | 0 | 0 | 87000
-100 | 17 | 2 | 15 | 174 | 174 | 44 | 130 | 0 | 0 | 0 | 0 | 0 | 0 | 88000
-96.4 | 15 | 2 | 13 | 178 | 178 | 40 | 138 | 0 | 0 | 0 | 0 | 0 | 0 | 89000
-95.8 | 10 | 0 | 10 | 188 | 188 | 42 | 146 | 0 | 0 | 0 | 0 | 0 | 0 | 90000
-105.3 | 11 | 1 | 10 | 186 | 186 | 55 | 131 | 0 | 0 | 0 | 0 | 0 | 0 | 91000
-99.7 | 18 | 2 | 16 | 172 | 172 | 43 | 129 | 0 | 0 | 0 | 0 | 0 | 0 | 92000
-95.3 | 14 | 1 | 13 | 180 | 180 | 39 | 141 | 0 | 0 | 0 | 0 | 0 | 0 | 93000
-100.5 | 13 | 3 | 10 | 182 | 182 | 47 | 135 | 0 | 0 | 0 | 0 | 0 | 0 | 94000
-101.5 | 19 | 5 | 14 | 170 | 170 | 45 | 125 | 0 | 0 | 0 | 0 | 0 | 0 | 95000
-102.6 | 13 | 4 | 9 | 182 | 182 | 50 | 132 | 0 | 0 | 0 | 0 | 0 | 0 | 96000
-99.3 | 17 | 4 | 13 | 174 | 174 | 43 | 131 | 0 | 0 | 0 | 0 | 0 | 0 | 97000
-101.9 | 13 | 6 | 7 | 182 | 182 | 49 | 133 | 0 | 0 | 0 | 0 | 0 | 0 | 98000
-102 | 22 | 4 | 18 | 164 | 164 | 44 | 120 | 0 | 0 | 0 | 0 | 0 | 0 | 99000
-95 | 15 | 3 | 12 | 178 | 178 | 38 | 140 | 0 | 0 | 0 | 0 | 0 | 0 | 100000
-98 | 12 | 3 | 9 | 184 | 184 | 44 | 140 | 0 | 0 | 0 | 0 | 0 | 0 | 101000
-98.8 | 21 | 3 | 18 | 166 | 166 | 40 | 126 | 0 | 0 | 0 | 0 | 0 | 0 | 102000
-101.8 | 18 | 2 | 16 | 172 | 172 | 46 | 126 | 0 | 0 | 0 | 0 | 0 | 0 | 103000
-101.3 | 15 | 1 | 14 | 178 | 178 | 47 | 131 | 0 | 0 | 0 | 0 | 0 | 0 | 104000
-102.1 | 17 | 1 | 16 | 174 | 174 | 47 | 127 | 0 | 0 | 0 | 0 | 0 | 0 | 105000
-104.4 | 21 | 2 | 19 | 166 | 166 | 48 | 118 | 0 | 0 | 0 | 0 | 0 | 0 | 106000
-100.9 | 21 | 0 | 21 | 166 | 166 | 43 | 123 | 0 | 0 | 0 | 0 | 0 | 0 | 107000
-101.1 | 18 | 0 | 18 | 172 | 172 | 45 | 127 | 0 | 0 | 0 | 0 | 0 | 0 | 108000
-97 | 13 | 2 | 11 | 182 | 182 | 42 | 140 | 0 | 0 | 0 | 0 | 0 | 0 | 109000
-101.3 | 15 | 2 | 13 | 178 | 178 | 47 | 131 | 0 | 0 | 0 | 0 | 0 | 0 | 110000
-95.6 | 13 | 2 | 11 | 182 | 182 | 40 | 142 | 0 | 0 | 0 | 0 | 0 | 0 | 111000
-103.4 | 15 | 2 | 13 | 178 | 178 | 50 | 128 | 0 | 0 | 0 | 0 | 0 | 0 | 112000
-94.8 | 18 | 2 | 16 | 172 | 172 | 36 | 136 | 0 | 0 | 0 | 0 | 0 | 0 | 113000
-99.6 | 16 | 4 | 12 | 176 | 176 | 44 | 132 | 0 | 0 | 0 | 0 | 0 | 0 | 114000
-96.4 | 15 | 1 | 14 | 178 | 178 | 40 | 138 | 0 | 0 | 0 | 0 | 0 | 0 | 115000
-91.7 | 12 | 4 | 8 | 184 | 184 | 35 | 149 | 0 | 0 | 0 | 0 | 0 | 0 | 116000
-95 | 15 | 0 | 15 | 178 | 178 | 38 | 140 | 0 | 0 | 0 | 0 | 0 | 0 | 117000
-99.8 | 13 | 3 | 10 | 182 | 182 | 46 | 136 | 0 | 0 | 0 | 0 | 0 | 0 | 118000
-101.2 | 20 | 2 | 18 | 168 | 168 | 44 | 124 | 0 | 0 | 0 | 0 | 0 | 0 | 119000
-97.1 | 8 | 2 | 6 | 192 | 192 | 45 | 147 | 0 | 0 | 0 | 0 | 0 | 0 | 120000
-98.1 | 14 | 0 | 14 | 180 | 180 | 43 | 137 | 0 | 0 | 0 | 0 | 0 | 0 | 121000
-104.2 | 17 | 2 | 15 | 174 | 174 | 50 | 124 | 0 | 0 | 0 | 0 | 0 | 0 | 122000
-100.9 | 21 | 1 | 20 | 166 | 166 | 43 | 123 | 0 | 0 | 0 | 0 | 0 | 0 | 123000
-101.3 | 22 | 4 | 18 | 164 | 164 | 43 | 121 | 0 | 0 | 0 | 0 | 0 | 0 | 124000
-106.2 | 22 | 1 | 21 | 164 | 164 | 50 | 114 | 0 | 0 | 0 | 0 | 0 | 0 | 125000
-108.7 | 16 | 1 | 15 | 176 | 176 | 57 | 119 | 0 | 0 | 0 | 0 | 0 | 0 | 126000
-99.9 | 22 | 3 | 19 | 164 | 164 | 41 | 123 | 0 | 0 | 0 | 0 | 0 | 0 | 127000
-97 | 13 | 1 | 12 | 182 | 182 | 42 | 140 | 0 | 0 | 0 | 0 | 0 | 0 | 128000
-97 | 13 | 0 | 13 | 182 | 182 | 42 | 140 | 0 | 0 | 0 | 0 | 0 | 0 | 129000
-104.1 | 8 | 2 | 6 | 192 | 192 | 55 | 137 | 0 | 0 | 0 | 0 | 0 | 0 | 130000
-100 | 10 | 3 | 7 | 188 | 188 | 48 | 140 | 0 | 0 | 0 | 0 | 0 | 0 | 131000
-102.8 | 10 | 0 | 10 | 188 | 188 | 52 | 136 | 0 | 0 | 0 | 0 | 0 | 0 | 132000
-99.1 | 20 | 2 | 18 | 168 | 168 | 41 | 127 | 0 | 0 | 0 | 0 | 0 | 0 | 133000
-102.6 | 13 | 0 | 13 | 182 | 182 | 50 | 132 | 0 | 0 | 0 | 0 | 0 | 0 | 134000
-99.2 | 8 | 2 | 6 | 192 | 192 | 48 | 144 | 0 | 0 | 0 | 0 | 0 | 0 | 135000
-104.5 | 16 | 1 | 15 | 176 | 176 | 51 | 125 | 0 | 0 | 0 | 0 | 0 | 0 | 136000
-97.5 | 16 | 2 | 14 | 176 | 176 | 41 | 135 | 0 | 0 | 0 | 0 | 0 | 0 | 137000
-96.6 | 12 | 1 | 11 | 184 | 184 | 42 | 142 | 0 | 0 | 0 | 0 | 0 | 0 | 138000
-106.7 | 18 | 2 | 16 | 172 | 172 | 53 | 119 | 0 | 0 | 0 | 0 | 0 | 0 | 139000
-95.2 | 12 | 1 | 11 | 184 | 184 | 40 | 144 | 0 | 0 | 0 | 0 | 0 | 0 | 140000
-96.7 | 14 | 2 | 12 | 180 | 180 | 41 | 139 | 0 | 0 | 0 | 0 | 0 | 0 | 141000
-102.5 | 11 | 3 | 8 | 186 | 186 | 51 | 135 | 0 | 0 | 0 | 0 | 0 | 0 | 142000
-99.7 | 18 | 4 | 14 | 172 | 172 | 43 | 129 | 0 | 0 | 0 | 0 | 0 | 0 | 143000
-99.4 | 12 | 0 | 12 | 184 | 184 | 46 | 138 | 0 | 0 | 0 | 0 | 0 | 0 | 144000
-102.1 | 10 | 0 | 10 | 188 | 188 | 51 | 137 | 0 | 0 | 0 | 0 | 0 | 0 | 145000
-98.8 | 7 | 2 | 5 | 194 | 194 | 48 | 146 | 0 | 0 | 0 | 0 | 0 | 0 | 146000
-104.8 | 15 | 1 | 14 | 178 | 178 | 52 | 126 | 0 | 0 | 0 | 0 | 0 | 0 | 147000
-99.8 | 13 | 0 | 13 | 182 | 182 | 46 | 136 | 0 | 0 | 0 | 0 | 0 | 0 | 148000
-95.8 | 10 | 1 | 9 | 188 | 188 | 42 | 146 | 0 | 0 | 0 | 0 | 0 | 0 | 149000
-97.3 | 12 | 2 | 10 | 184 | 184 | 43 | 141 | 0 | 0 | 0 | 0 | 0 | 0 | 150000
-102.1 | 24 | 3 | 21 | 160 | 160 | 43 | 117 | 0 | 0 | 0 | 0 | 0 | 0 | 151000
-103.3 | 20 | 1 | 19 | 168 | 168 | 47 | 121 | 0 | 0 | 0 | 0 | 0 | 0 | 152000
-95.4 | 9 | 2 | 7 | 190 | 190 | 42 | 148 | 0 | 0 | 0 | 0 | 0 | 0 | 153000
-101.4 | 10 | 0 | 10 | 188 | 188 | 50 | 138 | 0 | 0 | 0 | 0 | 0 | 0 | 154000
-102.8 | 10 | 1 | 9 | 188 | 188 | 52 | 136 | 0 | 0 | 0 | 0 | 0 | 0 | 155000
-101.3 | 22 | 3 | 19 | 164 | 164 | 43 | 121 | 0 | 0 | 0 | 0 | 0 | 0 | 156000
-103.5 | 10 | 1 | 9 | 188 | 188 | 53 | 135 | 0 | 0 | 0 | 0 | 0 | 0 | 157000
-101.6 | 14 | 1 | 13 | 180 | 180 | 48 | 132 | 0 | 0 | 0 | 0 | 0 | 0 | 158000
-102 | 15 | 1 | 14 | 178 | 178 | 48 | 130 | 0 | 0 | 0 | 0 | 0 | 0 | 159000
-101.2 | 20 | 0 | 20 | 168 | 168 | 44 | 124 | 0 | 0 | 0 | 0 | 0 | 0 | 160000
-98.7 | 12 | 2 | 10 | 184 | 184 | 45 | 139 | 0 | 0 | 0 | 0 | 0 | 0 | 161000
-105.1 | 14 | 2 | 12 | 180 | 180 | 53 | 127 | 0 | 0 | 0 | 0 | 0 | 0 | 162000
-99 | 18 | 2 | 16 | 172 | 172 | 42 | 130 | 0 | 0 | 0 | 0 | 0 | 0 | 163000
-106 | 18 | 2 | 16 | 172 | 172 | 52 | 120 | 0 | 0 | 0 | 0 | 0 | 0 | 164000
-105.1 | 14 | 1 | 13 | 180 | 180 | 53 | 127 | 0 | 0 | 0 | 0 | 0 | 0 | 165000
-101.9 | 13 | 0 | 13 | 182 | 182 | 49 | 133 | 0 | 0 | 0 | 0 | 0 | 0 | 166000
-102.6 | 13 | 1 | 12 | 182 | 182 | 50 | 132 | 0 | 0 | 0 | 0 | 0 | 0 | 167000
-95.2 | 12 | 1 | 11 | 184 | 184 | 40 | 144 | 0 | 0 | 0 | 0 | 0 | 0 | 168000
-97.8 | 15 | 1 | 14 | 178 | 178 | 42 | 136 | 0 | 0 | 0 | 0 | 0 | 0 | 169000
-99.6 | 16 | 2 | 14 | 176 | 176 | 44 | 132 | 0 | 0 | 0 | 0 | 0 | 0 | 170000
-97.4 | 14 | 1 | 13 | 180 | 180 | 42 | 138 | 0 | 0 | 0 | 0 | 0 | 0 | 171000
-94.3 | 15 | 3 | 12 | 178 | 178 | 37 | 141 | 0 | 0 | 0 | 0 | 0 | 0 | 172000
-103.5 | 17 | 2 | 15 | 174 | 174 | 49 | 125 | 0 | 0 | 0 | 0 | 0 | 0 | 173000
-94.5 | 12 | 1 | 11 | 184 | 184 | 39 | 145 | 0 | 0 | 0 | 0 | 0 | 0 | 174000
-100.8 | 12 | 1 | 11 | 184 | 184 | 48 | 136 | 0 | 0 | 0 | 0 | 0 | 0 | 175000
-97.9 | 17 | 0 | 17 | 174 | 174 | 41 | 133 | 0 | 0 | 0 | 0 | 0 | 0 | 176000
-100.9 | 14 | 2 | 12 | 180 | 180 | 47 | 133 | 0 | 0 | 0 | 0 | 0 | 0 | 177000
-103.9 | 18 | 2 | 16 | 172 | 172 | 49 | 123 | 0 | 0 | 0 | 0 | 0 | 0 | 178000
-97.7 | 13 | 2 | 11 | 182 | 182 | 43 | 139 | 0 | 0 | 0 | 0 | 0 | 0 | 179000
-104.2 | 10 | 1 | 9 | 188 | 188 | 54 | 134 | 0 | 0 | 0 | 0 | 0 | 0 | 180000
-101.4 | 10 | 1 | 9 | 188 | 188 | 50 | 138 | 0 | 0 | 0 | 0 | 0 | 0 | 181000
-104.4 | 14 | 0 | 14 | 180 | 180 | 52 | 128 | 0 | 0 | 0 | 0 | 0 | 0 | 182000
-96.8 | 9 | 0 | 9 | 190 | 190 | 44 | 146 | 0 | 0 | 0 | 0 | 0 | 0 | 183000
-101.7 | 16 | 1 | 15 | 176 | 176 | 47 | 129 | 0 | 0 | 0 | 0 | 0 | 0 | 184000
-99.5 | 21 | 4 | 17 | 166 | 166 | 41 | 125 | 0 | 0 | 0 | 0 | 0 | 0 | 185000
-101.8 | 11 | 3 | 8 | 186 | 186 | 50 | 136 | 0 | 0 | 0 | 0 | 0 | 0 | 186000
-102.7 | 15 | 5 | 10 | 178 | 178 | 49 | 129 | 0 | 0 | 0 | 0 | 0 | 0 | 187000
-92.3 | 17 | 0 | 17 | 174 | 174 | 33 | 141 | 0 | 0 | 0 | 0 | 0 | 0 | 188000
-99.7 | 11 | 0 | 11 | 186 | 186 | 47 | 139 | 0 | 0 | 0 | 0 | 0 | 0 | 189000
-100.8 | 19 | 0 | 19 | 170 | 170 | 44 | 126 | 0 | 0 | 0 | 0 | 0 | 0 | 190000
-100.6 | 8 | 2 | 6 | 192 | 192 | 50 | 142 | 0 | 0 | 0 | 0 | 0 | 0 | 191000
-98.1 | 14 | 0 | 14 | 180 | 180 | 43 | 137 | 0 | 0 | 0 | 0 | 0 | 0 | 192000
-104.6 | 18 | 3 | 15 | 172 | 172 | 50 | 122 | 0 | 0 | 0 | 0 | 0 | 0 | 193000
-100.5 | 20 | 2 | 18 | 168 | 168 | 43 | 125 | 0 | 0 | 0 | 0 | 0 | 0 | 194000
-103.6 | 19 | 5 | 14 | 170 | 170 | 48 | 122 | 0 | 0 | 0 | 0 | 0 | 0 | 195000
-101.9 | 20 | 2 | 18 | 168 | 168 | 45 | 123 | 0 | 0 | 0 | 0 | 0 | 0 | 196000
-105.1 | 21 | 2 | 19 | 166 | 166 | 49 | 117 | 0 | 0 | 0 | 0 | 0 | 0 | 197000
-96.4 | 22 | 1 | 21 | 164 | 164 | 36 | 128 | 0 | 0 | 0 | 0 | 0 | 0 | 198000
-105.8 | 21 | 4 | 17 | 166 | 166 | 50 | 116 | 0 | 0 | 0 | 0 | 0 | 0 | 199000
-100.7 | 17 | 1 | 16 | 174 | 174 | 45 | 129 | 0 | 0 | 0 | 0 | 0 | 0 | 200000
-102.1 | 17 | 1 | 16 | 174 | 174 | 47 | 127 | 0 | 0 | 0 | 0 | 0 | 0 | 201000
-102.8 | 17 | 2 | 15 | 174 | 174 | 48 | 126 | 0 | 0 | 0 | 0 | 0 | 0 | 202000
-98.1 | 7 | 1 | 6 | 194 | 194 | 47 | 147 | 0 | 0 | 0 | 0 | 0 | 0 | 203000
-95.2 | 12 | 2 | 10 | 184 | 184 | 40 | 144 | 0 | 0 | 0 | 0 | 0 | 0 | 204000
-99.8 | 13 | 2 | 11 | 182 | 182 | 46 | 136 | 0 | 0 | 0 | 0 | 0 | 0 | 205000
-94.7 | 9 | 1 | 8 | 190 | 190 | 41 | 149 | 0 | 0 | 0 | 0 | 0 | 0 | 206000
-101.2 | 20 | 5 | 15 | 168 | 168 | 44 | 124 | 0 | 0 | 0 | 0 | 0 | 0 | 207000
-97.8 | 22 | 0 | 22 | 164 | 164 | 38 | 126 | 0 | 0 | 0 | 0 | 0 | 0 | 208000
-91.4 | 13 | 1 | 12 | 182 | 182 | 34 | 148 | 0 | 0 | 0 | 0 | 0 | 0 | 209000
-104.5 | 16 | 2 | 14 | 176 | 176 | 51 | 125 | 0 | 0 | 0 | 0 | 0 | 0 | 210000
-103.2 | 18 | 1 | 17 | 172 | 172 | 48 | 124 | 0 | 0 | 0 | 0 | 0 | 0 | 211000
-95 | 15 | 3 | 12 | 178 | 178 | 38 | 140 | 0 | 0 | 0 | 0 | 0 | 0 | 212000
-101.8 | 18 | 1 | 17 | 172 | 172 | 46 | 126 | 0 | 0 | 0 | 0 | 0 | 0 | 213000
-103.4 | 15 | 2 | 13 | 178 | 178 | 50 | 128 | 0 | 0 | 0 | 0 | 0 | 0 | 214000
-99.1 | 13 | 1 | 12 | 182 | 182 | 45 | 137 | 0 | 0 | 0 | 0 | 0 | 0 | 215000
-94.8 | 11 | 0 | 11 | 186 | 186 | 40 | 146 | 0 | 0 | 0 | 0 | 0 | 0 | 216000
-101.2 | 13 | 3 | 10 | 182 | 182 | 48 | 134 | 0 | 0 | 0 | 0 | 0 | 0 | 217000
-102.7 | 22 | 6 | 16 | 164 | 164 | 45 | 119 | 0 | 0 | 0 | 0 | 0 | 0 | 218000
-102.8 | 10 | 2 | 8 | 188 | 188 | 52 | 136 | 0 | 0 | 0 | 0 | 0 | 0 | 219000
-94.6 | 7 | 0 | 7 | 194 | 194 | 42 | 152 | 0 | 0 | 0 | 0 | 0 | 0 | 220000
-99.9 | 15 | 2 | 13 | 178 | 178 | 45 | 133 | 0 | 0 | 0 | 0 | 0 | 0 | 221000
-96.4 | 15 | 1 | 14 | 178 | 178 | 40 | 138 | 0 | 0 | 0 | 0 | 0 | 0 | 222000
-98.1 | 21 | 0 | 21 | 166 | 166 | 39 | 127 | 0 | 0 | 0 | 0 | 0 | 0 | 223000
-99.5 | 21 | 5 | 16 | 166 | 166 | 41 | 125 | 0 | 0 | 0 | 0 | 0 | 0 | 224000
-99.6 | 16 | 2 | 14 | 176 | 176 | 44 | 132 | 0 | 0 | 0 | 0 | 0 | 0 | 225000
-106.3 | 17 | 3 | 14 | 174 | 174 | 53 | 121 | 0 | 0 | 0 | 0 | 0 | 0 | 226000
-107 | 17 | 2 | 15 | 174 | 174 | 54 | 120 | 0 | 0 | 0 | 0 | 0 | 0 | 227000
-102.8 | 17 | 2 | 15 | 174 | 174 | 48 | 126 | 0 | 0 | 0 | 0 | 0 | 0 | 228000
-102.3 | 14 | 1 | 13 | 180 | 180 | 49 | 131 | 0 | 0 | 0 | 0 | 0 | 0 | 229000
-92.4 | 19 | 2 | 17 | 170 | 170 | 32 | 138 | 0 | 0 | 0 | 0 | 0 | 0 | 230000
-104.3 | 19 | 2 | 17 | 170 | 170 | 49 | 121 | 0 | 0 | 0 | 0 | 0 | 0 | 231000
-99.4 | 12 | 0 | 12 | 184 | 184 | 46 | 138 | 0 | 0 | 0 | 0 | 0 | 0 | 232000
-96.2 | 11 | 1 | 10 | 186 | 186 | 42 | 144 | 0 | 0 | 0 | 0 | 0 | 0 | 233000
-100.9 | 14 | 2 | 12 | 180 | 180 | 47 | 133 | 0 | 0 | 0 | 0 | 0 | 0 | 234000
-102.2 | 19 | 2 | 17 | 170 | 170 | 46 | 124 | 0 | 0 | 0 | 0 | 0 | 0 | 235000
-95.2 | 19 | 2 | 17 | 170 | 170 | 36 | 134 | 0 | 0 | 0 | 0 | 0 | 0 | 236000
-102.6 | 20 | 1 | 19 | 168 | 168 | 46 | 122 | 0 | 0 | 0 | 0 | 0 | 0 | 237000
-102.8 | 17 | 1 | 16 | 174 | 174 | 48 | 126 | 0 | 0 | 0 | 0 | 0 | 0 | 238000
-102.7 | 22 | 0 | 22 | 164 | 164 | 45 | 119 | 0 | 0 | 0 | 0 | 0 | 0 | 239000
-98.9 | 16 | 1 | 15 | 176 | 176 | 43 | 133 | 0 | 0 | 0 | 0 | 0 | 0 | 240000
-100.3 | 16 | 2 | 14 | 176 | 176 | 45 | 131 | 0 | 0 | 0 | 0 | 0 | 0 | 241000
-100.1 | 19 | 1 | 18 | 170 | 170 | 43 | 127 | 0 | 0 | 0 | 0 | 0 | 0 | 242000
-94.4 | 17 | 1 | 16 | 174 | 174 | 36 | 138 | 0 | 0 | 0 | 0 | 0 | 0 | 243000
-99.6 | 16 | 3 | 13 | 176 | 176 | 44 | 132 | 0 | 0 | 0 | 0 | 0 | 0 | 244000
-100.2 | 21 | 2 | 19 | 166 | 166 | 42 | 124 | 0 | 0 | 0 | 0 | 0 | 0 | 245000
-94.6 | 14 | 4 | 10 | 180 | 180 | 38 | 142 | 0 | 0 | 0 | 0 | 0 | 0 | 246000
-105.3 | 18 | 4 | 14 | 172 | 172 | 51 | 121 | 0 | 0 | 0 | 0 | 0 | 0 | 247000
-95.9 | 12 | 2 | 10 | 184 | 184 | 41 | 143 | 0 | 0 | 0 | 0 | 0 | 0 | 248000
-96.3 | 13 | 3 | 10 | 182 | 182 | 41 | 141 | 0 | 0 | 0 | 0 | 0 | 0 | 249000
-103.5 | 17 | 3 | 14 | 174 | 174 | 49 | 125 | 0 | 0 | 0 | 0 | 0 | 0 | 250000
-108.3 | 22 | 3 | 19 | 164 | 164 | 53 | 111 | 0 | 0 | 0 | 0 | 0 | 0 | 251000
-101.8 | 18 | 2 | 16 | 172 | 172 | 46 | 126 | 0 | 0 | 0 | 0 | 0 | 0 | 252000
-103.7 | 14 | 3 | 11 | 180 | 180 | 51 | 129 | 0 | 0 | 0 | 0 | 0 | 0 | 253000
-97.1 | 22 | 2 | 20 | 164 | 164 | 37 | 127 | 0 | 0 | 0 | 0 | 0 | 0 | 254000
-92.4 | 12 | 1 | 11 | 184 | 184 | 36 | 148 | 0 | 0 | 0 | 0 | 0 | 0 | 255000
-98.1 | 14 | 2 | 12 | 180 | 180 | 43 | 137 | 0 | 0 | 0 | 0 | 0 | 0 | 256000
-93.9 | 21 | 3 | 18 | 166 | 166 | 33 | 133 | 0 | 0 | 0 | 0 | 0 | 0 | 257000
-98.4 | 13 | 2 | 11 | 182 | 182 | 44 | 138 | 0 | 0 | 0 | 0 | 0 | 0 | 258000
-98.5 | 15 | 1 | 14 | 178 | 178 | 43 | 135 | 0 | 0 | 0 | 0 | 0 | 0 | 259000
-100.1 | 12 | 3 | 9 | 184 | 184 | 47 | 137 | 0 | 0 | 0 | 0 | 0 | 0 | 260000
-101.8 | 18 | 4 | 14 | 172 | 172 | 46 | 126 | 0 | 0 | 0 | 0 | 0 | 0 | 261000
-105.1 | 14 | 4 | 10 | 180 | 180 | 53 | 127 | 0 | 0 | 0 | 0 | 0 | 0 | 262000
-96.1 | 16 | 1 | 15 | 176 | 176 | 39 | 137 | 0 | 0 | 0 | 0 | 0 | 0 | 263000
-103.2 | 18 | 1 | 17 | 172 | 172 | 48 | 124 | 0 | 0 | 0 | 0 | 0 | 0 | 264000
-99.5 | 14 | 2 | 12 | 180 | 180 | 45 | 135 | 0 | 0 | 0 | 0 | 0 | 0 | 265000
-98.5 | 8 | 0 | 8 | 192 | 192 | 47 | 145 | 0 | 0 | 0 | 0 | 0 | 0 | 266000
-94.1 | 11 | 2 | 9 | 186 | 186 | 39 | 147 | 0 | 0 | 0 | 0 | 0 | 0 | 267000
-99.1 | 13 | 2 | 11 | 182 | 182 | 45 | 137 | 0 | 0 | 0 | 0 | 0 | 0 | 268000
-97.9 | 10 | 1 | 9 | 188 | 188 | 45 | 143 | 0 | 0 | 0 | 0 | 0 | 0 | 269000
-96.2 | 18 | 4 | 14 | 172 | 172 | 38 | 134 | 0 | 0 | 0 | 0 | 0 | 0 | 270000
-102.6 | 13 | 2 | 11 | 182 | 182 | 50 | 132 | 0 | 0 | 0 | 0 | 0 | 0 | 271000
-94.5 | 12 | 1 | 11 | 184 | 184 | 39 | 145 | 0 | 0 | 0 | 0 | 0 | 0 | 272000
-108.3 | 22 | 2 | 20 | 164 | 164 | 53 | 111 | 0 | 0 | 0 | 0 | 0 | 0 | 273000
-105.7 | 19 | 1 | 18 | 170 | 170 | 51 | 119 | 0 | 0 | 0 | 0 | 0 | 0 | 274000
-108.3 | 22 | 2 | 20 | 164 | 164 | 53 | 111 | 0 | 0 | 0 | 0 | 0 | 0 | 275000
-102.4 | 16 | 1 | 15 | 176 | 176 | 48 | 128 | 0 | 0 | 0 | 0 | 0 | 0 | 276000
-99.4 | 12 | 2 | 10 | 184 | 184 | 46 | 138 | 0 | 0 | 0 | 0 | 0 | 0 | 277000
-99.1 | 13 | 1 | 12 | 182 | 182 | 45 | 137 | 0 | 0 | 0 | 0 | 0 | 0 | 278000
-101.9 | 13 | 3 | 10 | 182 | 182 | 49 | 133 | 0 | 0 | 0 | 0 | 0 | 0 | 279000
-98.8 | 21 | 4 | 17 | 166 | 166 | 40 | 126 | 0 | 0 | 0 | 0 | 0 | 0 | 280000
-99.3 | 10 | 2 | 8 | 188 | 188 | 47 | 141 | 0 | 0 | 0 | 0 | 0 | 0 | 281000
-104.1 | 22 | 3 | 19 | 164 | 164 | 47 | 117 | 0 | 0 | 0 | 0 | 0 | 0 | 282000
-99.2 | 15 | 2 | 13 | 178 | 178 | 44 | 134 | 0 | 0 | 0 | 0 | 0 | 0 | 283000
-96.5 | 17 | 3 | 14 | 174 | 174 | 39 | 135 | 0 | 0 | 0 | 0 | 0 | 0 | 284000
-101.1 | 18 | 2 | 16 | 172 | 172 | 45 | 127 | 0 | 0 | 0 | 0 | 0 | 0 | 285000
-100.3 | 23 | 1 | 22 | 162 | 162 | 41 | 121 | 0 | 0 | 0 | 0 | 0 | 0 | 286000
-97.3 | 12 | 1 | 11 | 184 | 184 | 43 | 141 | 0 | 0 | 0 | 0 | 0 | 0 | 287000
-99.2 | 8 | 0 | 8 | 192 | 192 | 48 | 144 | 0 | 0 | 0 | 0 | 0 | 0 | 288000
-100.6 | 22 | 0 | 22 | 164 | 164 | 42 | 122 | 0 | 0 | 0 | 0 | 0 | 0 | 289000
-103.4 | 22 | 3 | 19 | 164 | 164 | 46 | 118 | 0 | 0 | 0 | 0 | 0 | 0 | 290000
-98.4 | 13 | 2 | 11 | 182 | 182 | 44 | 138 | 0 | 0 | 0 | 0 | 0 | 0 | 291000
-97 | 13 | 4 | 9 | 182 | 182 | 42 | 140 | 0 | 0 | 0 | 0 | 0 | 0 | 292000
-102.5 | 25 | 0 | 25 | 158 | 158 | 43 | 115 | 0 | 0 | 0 | 0 | 0 | 0 | 293000
-103.5 | 24 | 3 | 21 | 160 | 160 | 45 | 115 | 0 | 0 | 0 | 0 | 0 | 0 | 294000
-96.6 | 12 | 1 | 11 | 184 | 184 | 42 | 142 | 0 | 0 | 0 | 0 | 0 | 0 | 295000
-91.3 | 11 | 0 | 11 | 186 | 186 | 35 | 151 | 0 | 0 | 0 | 0 | 0 | 0 | 296000
-95.8 | 10 | 1 | 9 | 188 | 188 | 42 | 146 | 0 | 0 | 0 | 0 | 0 | 0 | 297000
-102.3 | 14 | 1 | 13 | 180 | 180 | 49 | 131 | 0 | 0 | 0 | 0 | 0 | 0 | 298000
-96.2 | 11 | 0 | 11 | 186 | 186 | 42 | 144 | 0 | 0 | 0 | 0 | 0 | 0 | 299000
-100 | 10 | 1 | 9 | 188 | 188 | 48 | 140 | 0 | 0 | 0 | 0 | 0 | 0 | 300000
-105 | 19 | 3 | 16 | 170 | 170 | 50 | 120 | 0 | 0 | 0 | 0 | 0 | 0 | 301000
-94.5 | 12 | 1 | 11 | 184 | 184 | 39 | 145 | 0 | 0 | 0 | 0 | 0 | 0 | 302000
-106.9 | 22 | 4 | 18 | 164 | 164 | 51 | 113 | 0 | 0 | 0 | 0 | 0 | 0 | 303000
-95.7 | 8 | 1 | 7 | 192 | 192 | 43 | 149 | 0 | 0 | 0 | 0 | 0 | 0 | 304000
-99.4 | 12 | 3 | 9 | 184 | 184 | 46 | 138 | 0 | 0 | 0 | 0 | 0 | 0 | 305000
-96.8 | 9 | 1 | 8 | 190 | 190 | 44 | 146 | 0 | 0 | 0 | 0 | 0 | 0 | 306000
-103.4 | 22 | 2 | 20 | 164 | 164 | 46 | 118 | 0 | 0 | 0 | 0 | 0 | 0 | 307000
-100.5 | 20 | 0 | 20 | 168 | 168 | 43 | 125 | 0 | 0 | 0 | 0 | 0 | 0 | 308000
-102.6 | 20 | 2 | 18 | 168 | 168 | 46 | 122 | 0 | 0 | 0 | 0 | 0 | 0 | 309000
-106.9 | 22 | 1 | 21 | 164 | 164 | 51 | 113 | 0 | 0 | 0 | 0 | 0 | 0 | 310000
-104.9 | 17 | 2 | 15 | 174 | 174 | 51 | 123 | 0 | 0 | 0 | 0 | 0 | 0 | 311000
-104.2 | 17 | 2 | 15 | 174 | 174 | 50 | 124 | 0 | 0 | 0 | 0 | 0 | 0 | 312000
-101.6 | 14 | 3 | 11 | 180 | 180 | 48 | 132 | 0 | 0 | 0 | 0 | 0 | 0 | 313000
-106.8 | 13 | 4 | 9 | 182 | 182 | 56 | 126 | 0 | 0 | 0 | 0 | 0 | 0 | 314000
-96.3 | 13 | 2 | 11 | 182 | 182 | 41 | 141 | 0 | 0 | 0 | 0 | 0 | 0 | 315000
-99.1 | 13 | 2 | 11 | 182 | 182 | 45 | 137 | 0 | 0 | 0 | 0 | 0 | 0 | 316000
-95.3 | 14 | 3 | 11 | 180 | 180 | 39 | 141 | 0 | 0 | 0 | 0 | 0 | 0 | 317000
-95.5 | 11 | 1 | 10 | 186 | 186 | 41 | 145 | 0 | 0 | 0 | 0 | 0 | 0 | 318000
-99.4 | 12 | 0 | 12 | 184 | 184 | 46 | 138 | 0 | 0 | 0 | 0 | 0 | 0 | 319000
-99.3 | 17 | 1 | 16 | 174 | 174 | 43 | 131 | 0 | 0 | 0 | 0 | 0 | 0 | 320000
-104.1 | 15 | 2 | 13 | 178 | 178 | 51 | 127 | 0 | 0 | 0 | 0 | 0 | 0 | 321000
-99.5 | 14 | 2 | 12 | 180 | 180 | 45 | 135 | 0 | 0 | 0 | 0 | 0 | 0 | 322000
-102.2 | 19 | 0 | 19 | 170 | 170 | 46 | 124 | 0 | 0 | 0 | 0 | 0 | 0 | 323000
-96.3 | 20 | 1 | 19 | 168 | 168 | 37 | 131 | 0 | 0 | 0 | 0 | 0 | 0 | 324000
-106.3 | 17 | 3 | 14 | 174 | 174 | 53 | 121 | 0 | 0 | 0 | 0 | 0 | 0 | 325000
-100.4 | 25 | 0 | 25 | 158 | 158 | 40 | 118 | 0 | 0 | 0 | 0 | 0 | 0 | 326000
-106.1 | 20 | 2 | 18 | 168 | 168 | 51 | 117 | 0 | 0 | 0 | 0 | 0 | 0 | 327000
-105.5 | 22 | 2 | 20 | 164 | 164 | 49 | 115 | 0 | 0 | 0 | 0 | 0 | 0 | 328000
-106.4 | 19 | 2 | 17 | 170 | 170 | 52 | 118 | 0 | 0 | 0 | 0 | 0 | 0 | 329000
-104.2 | 24 | 2 | 22 | 160 | 160 | 46 | 114 | 0 | 0 | 0 | 0 | 0 | 0 | 330000
-103.7 | 21 | 4 | 17 | 166 | 166 | 47 | 119 | 0 | 0 | 0 | 0 | 0 | 0 | 331000
-103.7 | 14 | 4 | 10 | 180 | 180 | 51 | 129 | 0 | 0 | 0 | 0 | 0 | 0 | 332000
-95.7 | 8 | 1 | 7 | 192 | 192 | 43 | 149 | 0 | 0 | 0 | 0 | 0 | 0 | 333000
-95.2 | 19 | 2 | 17 | 170 | 170 | 36 | 134 | 0 | 0 | 0 | 0 | 0 | 0 | 334000
-97.6 | 11 | 2 | 9 | 186 | 186 | 44 | 142 | 0 | 0 | 0 | 0 | 0 | 0 | 335000
-98.4 | 13 | 4 | 9 | 182 | 182 | 44 | 138 | 0 | 0 | 0 | 0 | 0 | 0 | 336000
-98.3 | 18 | 3 | 15 | 172 | 172 | 41 | 131 | 0 | 0 | 0 | 0 | 0 | 0 | 337000
-98 | 19 | 0 | 19 | 170 | 170 | 40 | 130 | 0 | 0 | 0 | 0 | 0 | 0 | 338000
-96.5 | 17 | 1 | 16 | 174 | 174 | 39 | 135 | 0 | 0 | 0 | 0 | 0 | 0 | 339000
-99.3 | 17 | 2 | 15 | 174 | 174 | 43 | 131 | 0 | 0 | 0 | 0 | 0 | 0 | 340000
-102.4 | 16 | 4 | 12 | 176 | 176 | 48 | 128 | 0 | 0 | 0 | 0 | 0 | 0 | 341000
-102.9 | 12 | 1 | 11 | 184 | 184 | 51 | 133 | 0 | 0 | 0 | 0 | 0 | 0 | 342000
-97.8 | 15 | 1 | 14 | 178 | 178 | 42 | 136 | 0 | 0 | 0 | 0 | 0 | 0 | 343000
-96.8 | 9 | 1 | 8 | 190 | 190 | 44 | 146 | 0 | 0 | 0 | 0 | 0 | 0 | 344000
-103.4 | 15 | 1 | 14 | 178 | 178 | 50 | 128 | 0 | 0 | 0 | 0 | 0 | 0 | 345000
-103.1 | 16 | 3 | 13 | 176 | 176 | 49 | 127 | 0 | 0 | 0 | 0 | 0 | 0 | 346000
-100.3 | 16 | 1 | 15 | 176 | 176 | 45 | 131 | 0 | 0 | 0 | 0 | 0 | 0 | 347000
-104.8 | 15 | 0 | 15 | 178 | 178 | 52 | 126 | 0 | 0 | 0 | 0 | 0 | 0 | 348000
-107.7 | 17 | 2 | 15 | 174 | 174 | 55 | 119 | 0 | 0 | 0 | 0 | 0 | 0 | 349000
-104.5 | 23 | 5 | 18 | 162 | 162 | 47 | 115 | 0 | 0 | 0 | 0 | 0 | 0 | 350000
-106.9 | 15 | 1 | 14 | 178 | 178 | 55 | 123 | 0 | 0 | 0 | 0 | 0 | 0 | 351000
-99.8 | 20 | 3 | 17 | 168 | 168 | 42 | 126 | 0 | 0 | 0 | 0 | 0 | 0 | 352000
-99.6 | 9 | 1 | 8 | 190 | 190 | 48 | 142 | 0 | 0 | 0 | 0 | 0 | 0 | 353000
-99.8 | 20 | 1 | 19 | 168 | 168 | 42 | 126 | 0 | 0 | 0 | 0 | 0 | 0 | 354000
-109.4 | 16 | 3 | 13 | 176 | 176 | 58 | 118 | 0 | 0 | 0 | 0 | 0 | 0 | 355000
-102.4 | 16 | 1 | 15 | 176 | 176 | 48 | 128 | 0 | 0 | 0 | 0 | 0 | 0 | 356000
-103.2 | 18 | 0 | 18 | 172 | 172 | 48 | 124 | 0 | 0 | 0 | 0 | 0 | 0 | 357000
-101 | 16 | 0 | 16 | 176 | 176 | 46 | 130 | 0 | 0 | 0 | 0 | 0 | 0 | 358000
-96.6 | 19 | 0 | 19 | 170 | 170 | 38 | 132 | 0 | 0 | 0 | 0 | 0 | 0 | 359000
-92.9 | 8 | 0 | 8 | 192 | 192 | 39 | 153 | 0 | 0 | 0 | 0 | 0 | 0 | 360000
-99.3 | 17 | 1 | 16 | 174 | 174 | 43 | 131 | 0 | 0 | 0 | 0 | 0 | 0 | 361000
-94.1 | 11 | 1 | 10 | 186 | 186 | 39 | 147 | 0 | 0 | 0 | 0 | 0 | 0 | 362000
-96.2 | 18 | 2 | 16 | 172 | 172 | 38 | 134 | 0 | 0 | 0 | 0 | 0 | 0 | 363000
-104.8 | 22 | 6 | 16 | 164 | 164 | 48 | 116 | 0 | 0 | 0 | 0 | 0 | 0 | 364000
-101.1 | 18 | 5 | 13 | 172 | 172 | 45 | 127 | 0 | 0 | 0 | 0 | 0 | 0 | 365000
-97.5 | 16 | 2 | 14 | 176 | 176 | 41 | 135 | 0 | 0 | 0 | 0 | 0 | 0 | 366000
-94.3 | 22 | 4 | 18 | 164 | 164 | 33 | 131 | 0 | 0 | 0 | 0 | 0 | 0 | 367000
-97.9 | 17 | 1 | 16 | 174 | 174 | 41 | 133 | 0 | 0 | 0 | 0 | 0 | 0 | 368000
-104.2 | 10 | 1 | 9 | 188 | 188 | 54 | 134 | 0 | 0 | 0 | 0 | 0 | 0 | 369000
-99.7 | 18 | 5 | 13 | 172 | 172 | 43 | 129 | 0 | 0 | 0 | 0 | 0 | 0 | 370000
-98.7 | 19 | 11 | 8 | 170 | 170 | 41 | 129 | 0 | 0 | 0 | 0 | 0 | 0 | 371000
-101.2 | 13 | 5 | 8 | 182 | 182 | 48 | 134 | 0 | 0 | 0 | 0 | 0 | 0 | 372000
-92.9 | 8 | 2 | 6 | 192 | 192 | 39 | 153 | 0 | 0 | 0 | 0 | 0 | 0 | 373000
-96.9 | 11 | 1 | 10 | 186 | 186 | 43 | 143 | 0 | 0 | 0 | 0 | 0 | 0 | 374000
-95.7 | 15 | 1 | 14 | 178 | 178 | 39 | 139 | 0 | 0 | 0 | 0 | 0 | 0 | 375000
-97.7 | 13 | 2 | 11 | 182 | 182 | 43 | 139 | 0 | 0 | 0 | 0 | 0 | 0 | 376000
-101.1 | 18 | 1 | 17 | 172 | 172 | 45 | 127 | 0 | 0 | 0 | 0 | 0 | 0 | 377000
-95.5 | 11 | 2 | 9 | 186 | 186 | 41 | 145 | 0 | 0 | 0 | 0 | 0 | 0 | 378000
-98.9 | 16 | 1 | 15 | 176 | 176 | 43 | 133 | 0 | 0 | 0 | 0 | 0 | 0 | 379000
-100 | 10 | 0 | 10 | 188 | 188 | 48 | 140 | 0 | 0 | 0 | 0 | 0 | 0 | 380000
-100.4 | 11 | 2 | 9 | 186 | 186 | 48 | 138 | 0 | 0 | 0 | 0 | 0 | 0 | 381000
-96.4 | 15 | 0 | 15 | 178 | 178 | 40 | 138 | 0 | 0 | 0 | 0 | 0 | 0 | 382000
-98.9 | 16 | 1 | 15 | 176 | 176 | 43 | 133 | 0 | 0 | 0 | 0 | 0 | 0 | 383000
-97.7 | 13 | 2 | 11 | 182 | 182 | 43 | 139 | 0 | 0 | 0 | 0 | 0 | 0 | 384000
-94.7 | 16 | 4 | 12 | 176 | 176 | 37 | 139 | 0 | 0 | 0 | 0 | 0 | 0 | 385000
-103.2 | 18 | 2 | 16 | 172 | 172 | 48 | 124 | 0 | 0 | 0 | 0 | 0 | 0 | 386000
-107.3 | 16 | 2 | 14 | 176 | 176 | 55 | 121 | 0 | 0 | 0 | 0 | 0 | 0 | 387000
-97.6 | 18 | 3 | 15 | 172 | 172 | 40 | 132 | 0 | 0 | 0 | 0 | 0 | 0 | 388000
-94.2 | 13 | 1 | 12 | 182 | 182 | 38 | 144 | 0 | 0 | 0 | 0 | 0 | 0 | 389000
-98 | 12 | 1 | 11 | 184 | 184 | 44 | 140 | 0 | 0 | 0 | 0 | 0 | 0 | 390000
-104.4 | 14 | 2 | 12 | 180 | 180 | 52 | 128 | 0 | 0 | 0 | 0 | 0 | 0 | 391000
-104.9 | 17 | 2 | 15 | 174 | 174 | 51 | 123 | 0 | 0 | 0 | 0 | 0 | 0 | 392000
-99.2 | 15 | 1 | 14 | 178 | 178 | 44 | 134 | 0 | 0 | 0 | 0 | 0 | 0 | 393000
-100.4 | 18 | 1 | 17 | 172 | 172 | 44 | 128 | 0 | 0 | 0 | 0 | 0 | 0 | 394000
-97.2 | 17 | 2 | 15 | 174 | 174 | 40 | 134 | 0 | 0 | 0 | 0 | 0 | 0 | 395000
-103.5 | 17 | 4 | 13 | 174 | 174 | 49 | 125 | 0 | 0 | 0 | 0 | 0 | 0 | 396000
-97.3 | 19 | 1 | 18 | 170 | 170 | 39 | 131 | 0 | 0 | 0 | 0 | 0 | 0 | 397000
-103.7 | 21 | 1 | 20 | 166 | 166 | 47 | 119 | 0 | 0 | 0 | 0 | 0 | 0 | 398000
-108.2 | 13 | 1 | 12 | 182 | 182 | 58 | 124 | 0 | 0 | 0 | 0 | 0 | 0 | 399000
-97.6 | 18 | 2 | 16 | 172 | 172 | 40 | 132 | 0 | 0 | 0 | 0 | 0 | 0 | 400000
-101.1 | 18 | 2 | 16 | 172 | 172 | 45 | 127 | 0 | 0 | 0 | 0 | 0 | 0 | 401000
-97.7 | 20 | 1 | 19 | 168 | 168 | 39 | 129 | 0 | 0 | 0 | 0 | 0 | 0 | 402000
-97.7 | 20 | 1 | 19 | 168 | 168 | 39 | 129 | 0 | 0 | 0 | 0 | 0 | 0 | 403000
-97.6 | 18 | 2 | 16 | 172 | 172 | 40 | 132 | 0 | 0 | 0 | 0 | 0 | 0 | 404000
-99.9 | 15 | 2 | 13 | 178 | 178 | 45 | 133 | 0 | 0 | 0 | 0 | 0 | 0 | 405000
-103.9 | 18 | 3 | 15 | 172 | 172 | 49 | 123 | 0 | 0 | 0 | 0 | 0 | 0 | 406000
-101.8 | 11 | 0 | 11 | 186 | 186 | 50 | 136 | 0 | 0 | 0 | 0 | 0 | 0 | 407000
-95.8 | 17 | 0 | 17 | 174 | 174 | 38 | 136 | 0 | 0 | 0 | 0 | 0 | 0 | 408000
-102 | 15 | 2 | 13 | 178 | 178 | 48 | 130 | 0 | 0 | 0 | 0 | 0 | 0 | 409000
-92.2 | 15 | 1 | 14 | 178 | 178 | 34 | 144 | 0 | 0 | 0 | 0 | 0 | 0 | 410000
-100.5 | 13 | 2 | 11 | 182 | 182 | 47 | 135 | 0 | 0 | 0 | 0 | 0 | 0 | 411000
-97.6 | 11 | 2 | 9 | 186 | 186 | 44 | 142 | 0 | 0 | 0 | 0 | 0 | 0 | 412000
-100.2 | 21 | 3 | 18 | 166 | 166 | 42 | 124 | 0 | 0 | 0 | 0 | 0 | 0 | 413000
-101 | 16 | 2 | 14 | 176 | 176 | 46 | 130 | 0 | 0 | 0 | 0 | 0 | 0 | 414000
-97.3 | 12 | 3 | 9 | 184 | 184 | 43 | 141 | 0 | 0 | 0 | 0 | 0 | 0 | 415000
-99.9 | 22 | 3 | 19 | 164 | 164 | 41 | 123 | 0 | 0 | 0 | 0 | 0 | 0 | 416000
-102.2 | 12 | 1 | 11 | 184 | 184 | 50 | 134 | 0 | 0 | 0 | 0 | 0 | 0 | 417000
-96.5 | 10 | 1 | 9 | 188 | 188 | 43 | 145 | 0 | 0 | 0 | 0 | 0 | 0 | 418000
-107.7 | 24 | 6 | 18 | 160 | 160 | 51 | 109 | 0 | 0 | 0 | 0 | 0 | 0 | 419000
-102 | 15 | 3 | 12 | 178 | 178 | 48 | 130 | 0 | 0 | 0 | 0 | 0 | 0 | 420000
-99.4 | 19 | 0 | 19 | 170 | 170 | 42 | 128 | 0 | 0 | 0 | 0 | 0 | 0 | 421000
-96.6 | 19 | 1 | 18 | 170 | 170 | 38 | 132 | 0 | 0 | 0 | 0 | 0 | 0 | 422000
-103.2 | 25 | 2 | 23 | 158 | 158 | 44 | 114 | 0 | 0 | 0 | 0 | 0 | 0 | 423000
-109 | 22 | 2 | 20 | 164 | 164 | 54 | 110 | 0 | 0 | 0 | 0 | 0 | 0 | 424000
-107.2 | 21 | 3 | 18 | 166 | 166 | 52 | 114 | 0 | 0 | 0 | 0 | 0 | 0 | 425000
-99.4 | 19 | 0 | 19 | 170 | 170 | 42 | 128 | 0 | 0 | 0 | 0 | 0 | 0 | 426000
-105.1 | 14 | 2 | 12 | 180 | 180 | 53 | 127 | 0 | 0 | 0 | 0 | 0 | 0 | 427000
-99.8 | 20 | 1 | 19 | 168 | 168 | 42 | 126 | 0 | 0 | 0 | 0 | 0 | 0 | 428000
-94.8 | 18 | 3 | 15 | 172 | 172 | 36 | 136 | 0 | 0 | 0 | 0 | 0 | 0 | 429000
-99.1 | 20 | 1 | 19 | 168 | 168 | 41 | 127 | 0 | 0 | 0 | 0 | 0 | 0 | 430000
-99 | 18 | 5 | 13 | 172 | 172 | 42 | 130 | 0 | 0 | 0 | 0 | 0 | 0 | 431000
-93.3 | 9 | 0 | 9 | 190 | 190 | 39 | 151 | 0 | 0 | 0 | 0 | 0 | 0 | 432000
-96.8 | 9 | 3 | 6 | 190 | 190 | 44 | 146 | 0 | 0 | 0 | 0 | 0 | 0 | 433000
-102.4 | 23 | 1 | 22 | 162 | 162 | 44 | 118 | 0 | 0 | 0 | 0 | 0 | 0 | 434000
-101.1 | 18 | 2 | 16 | 172 | 172 | 45 | 127 | 0 | 0 | 0 | 0 | 0 | 0 | 435000
-108.9 | 20 | 0 | 20 | 168 | 168 | 55 | 113 | 0 | 0 | 0 | 0 | 0 | 0 | 436000
-99.4 | 19 | 4 | 15 | 170 | 170 | 42 | 128 | 0 | 0 | 0 | 0 | 0 | 0 | 437000
-102.6 | 13 | 6 | 7 | 182 | 182 | 50 | 132 | 0 | 0 | 0 | 0 | 0 | 0 | 438000
-102.9 | 12 | 0 | 12 | 184 | 184 | 51 | 133 | 0 | 0 | 0 | 0 | 0 | 0 | 439000
-102.8 | 17 | 1 | 16 | 174 | 174 | 48 | 126 | 0 | 0 | 0 | 0 | 0 | 0 | 440000
-101.6 | 21 | 2 | 19 | 166 | 166 | 44 | 122 | 0 | 0 | 0 | 0 | 0 | 0 | 441000
-96.9 | 11 | 1 | 10 | 186 | 186 | 43 | 143 | 0 | 0 | 0 | 0 | 0 | 0 | 442000
-96.9 | 11 | 1 | 10 | 186 | 186 | 43 | 143 | 0 | 0 | 0 | 0 | 0 | 0 | 443000
-104.4 | 21 | 1 | 20 | 166 | 166 | 48 | 118 | 0 | 0 | 0 | 0 | 0 | 0 | 444000
-109 | 22 | 2 | 20 | 164 | 164 | 54 | 110 | 0 | 0 | 0 | 0 | 0 | 0 | 445000
-100.3 | 16 | 1 | 15 | 176 | 176 | 45 | 131 | 0 | 0 | 0 | 0 | 0 | 0 | 446000
-105.1 | 21 | 1 | 20 | 166 | 166 | 49 | 117 | 0 | 0 | 0 | 0 | 0 | 0 | 447000
-100.5 | 20 | 4 | 16 | 168 | 168 | 43 | 125 | 0 | 0 | 0 | 0 | 0 | 0 | 448000
-97.5 | 16 | 1 | 15 | 176 | 176 | 41 | 135 | 0 | 0 | 0 | 0 | 0 | 0 | 449000
-100.9 | 14 | 1 | 13 | 180 | 180 | 47 | 133 | 0 | 0 | 0 | 0 | 0 | 0 | 450000
-98.7 | 19 | 4 | 15 | 170 | 170 | 41 | 129 | 0 | 0 | 0 | 0 | 0 | 0 | 451000
-95.4 | 16 | 0 | 16 | 176 | 176 | 38 | 138 | 0 | 0 | 0 | 0 | 0 | 0 | 452000
-100.7 | 24 | 7 | 17 | 160 | 160 | 41 | 119 | 0 | 0 | 0 | 0 | 0 | 0 | 453000
-100 | 17 | 3 | 14 | 174 | 174 | 44 | 130 | 0 | 0 | 0 | 0 | 0 | 0 | 454000
-96.8 | 9 | 1 | 8 | 190 | 190 | 44 | 146 | 0 | 0 | 0 | 0 | 0 | 0 | 455000
-100.1 | 12 | 3 | 9 | 184 | 184 | 47 | 137 | 0 | 0 | 0 | 0 | 0 | 0 | 456000
-90.9 | 10 | 2 | 8 | 188 | 188 | 35 | 153 | 0 | 0 | 0 | 0 | 0 | 0 | 457000
-95.7 | 15 | 2 | 13 | 178 | 178 | 39 | 139 | 0 | 0 | 0 | 0 | 0 | 0 | 458000
-95.3 | 21 | 5 | 16 | 166 | 166 | 35 | 131 | 0 | 0 | 0 | 0 | 0 | 0 | 459000
-94.8 | 25 | 8 | 17 | 158 | 158 | 32 | 126 | 0 | 0 | 0 | 0 | 0 | 0 | 460000
-100.4 | 11 | 1 | 10 | 186 | 186 | 48 | 138 | 0 | 0 | 0 | 0 | 0 | 0 | 461000
-95.3 | 14 | 2 | 12 | 180 | 180 | 39 | 141 | 0 | 0 | 0 | 0 | 0 | 0 | 462000
-101.4 | 17 | 1 | 16 | 174 | 174 | 46 | 128 | 0 | 0 | 0 | 0 | 0 | 0 | 463000
-97.9 | 10 | 0 | 10 | 188 | 188 | 45 | 143 | 0 | 0 | 0 | 0 | 0 | 0 | 464000
-104 | 20 | 5 | 15 | 168 | 168 | 48 | 120 | 0 | 0 | 0 | 0 | 0 | 0 | 465000
-118.1 | 22 | 6 | 16 | 164 | 164 | 67 | 97 | 0 | 0 | 0 | 0 | 0 | 0 | 466000
-114.6 | 22 | 4 | 18 | 164 | 164 | 62 | 102 | 0 | 0 | 0 | 0 | 0 | 0 | 467000
-104.5 | 16 | 1 | 15 | 176 | 176 | 51 | 125 | 0 | 0 | 0 | 0 | 0 | 0 | 468000
-97.9 | 17 | 1 | 16 | 174 | 174 | 41 | 133 | 0 | 0 | 0 | 0 | 0 | 0 | 469000
-104.2 | 24 | 7 | 17 | 160 | 160 | 46 | 114 | 0 | 0 | 0 | 0 | 0 | 0 | 470000
-92.1 | 13 | 0 | 13 | 182 | 182 | 35 | 147 | 0 | 0 | 0 | 0 | 0 | 0 | 471000
-96.8 | 9 | 2 | 7 | 190 | 190 | 44 | 146 | 0 | 0 | 0 | 0 | 0 | 0 | 472000
-99.1 | 13 | 1 | 12 | 182 | 182 | 45 | 137 | 0 | 0 | 0 | 0 | 0 | 0 | 473000
-98.8 | 14 | 2 | 12 | 180 | 180 | 44 | 136 | 0 | 0 | 0 | 0 | 0 | 0 | 474000
-99.8 | 20 | 4 | 16 | 168 | 168 | 42 | 126 | 0 | 0 | 0 | 0 | 0 | 0 | 475000
-101.6 | 14 | 2 | 12 | 180 | 180 | 48 | 132 | 0 | 0 | 0 | 0 | 0 | 0 | 476000
-99.9 | 15 | 1 | 14 | 178 | 178 | 45 | 133 | 0 | 0 | 0 | 0 | 0 | 0 | 477000
-90.7 | 13 | 2 | 11 | 182 | 182 | 33 | 149 | 0 | 0 | 0 | 0 | 0 | 0 | 478000
-100.3 | 16 | 2 | 14 | 176 | 176 | 45 | 131 | 0 | 0 | 0 | 0 | 0 | 0 | 479000
-97 | 13 | 1 | 12 | 182 | 182 | 42 | 140 | 0 | 0 | 0 | 0 | 0 | 0 | 480000
-104.6 | 18 | 3 | 15 | 172 | 172 | 50 | 122 | 0 | 0 | 0 | 0 | 0 | 0 | 481000
-95.2 | 12 | 1 | 11 | 184 | 184 | 40 | 144 | 0 | 0 | 0 | 0 | 0 | 0 | 482000
-90.8 | 8 | 0 | 8 | 192 | 192 | 36 | 156 | 0 | 0 | 0 | 0 | 0 | 0 | 483000
-100.3 | 16 | 1 | 15 | 176 | 176 | 45 | 131 | 0 | 0 | 0 | 0 | 0 | 0 | 484000
-100.9 | 21 | 3 | 18 | 166 | 166 | 43 | 123 | 0 | 0 | 0 | 0 | 0 | 0 | 485000
-99.7 | 18 | 2 | 16 | 172 | 172 | 43 | 129 | 0 | 0 | 0 | 0 | 0 | 0 | 486000
-103.4 | 15 | 4 | 11 | 178 | 178 | 50 | 128 | 0 | 0 | 0 | 0 | 0 | 0 | 487000
-97.6 | 18 | 2 | 16 | 172 | 172 | 40 | 132 | 0 | 0 | 0 | 0 | 0 | 0 | 488000
-97.9 | 10 | 1 | 9 | 188 | 188 | 45 | 143 | 0 | 0 | 0 | 0 | 0 | 0 | 489000
-95.9 | 19 | 1 | 18 | 170 | 170 | 37 | 133 | 0 | 0 | 0 | 0 | 0 | 0 | 490000
-97.2 | 17 | 3 | 14 | 174 | 174 | 40 | 134 | 0 | 0 | 0 | 0 | 0 | 0 | 491000
-96 | 14 | 3 | 11 | 180 | 180 | 40 | 140 | 0 | 0 | 0 | 0 | 0 | 0 | 492000
-100.1 | 12 | 1 | 11 | 184 | 184 | 47 | 137 | 0 | 0 | 0 | 0 | 0 | 0 | 493000
-104.5 | 16 | 2 | 14 | 176 | 176 | 51 | 125 | 0 | 0 | 0 | 0 | 0 | 0 | 494000
-101.5 | 19 | 3 | 16 | 170 | 170 | 45 | 125 | 0 | 0 | 0 | 0 | 0 | 0 | 495000
-102.1 | 17 | 5 | 12 | 174 | 174 | 47 | 127 | 0 | 0 | 0 | 0 | 0 | 0 | 496000
-98.4 | 13 | 0 | 13 | 182 | 182 | 44 | 138 | 0 | 0 | 0 | 0 | 0 | 0 | 497000
-95.1 | 24 | 1 | 23 | 160 | 160 | 33 | 127 | 0 | 0 | 0 | 0 | 0 | 0 | 498000
-98.2 | 9 | 1 | 8 | 190 | 190 | 46 | 144 | 0 | 0 | 0 | 0 | 0 | 0 | 499000
-97.1 | 8 | 1 | 7 | 192 | 192 | 45 | 147 | 0 | 0 | 0 | 0 | 0 | 0 | 500000
-93.8 | 12 | 2 | 10 | 184 | 184 | 38 | 146 | 0 | 0 | 0 | 0 | 0 | 0 | 501000
-98.7 | 12 | 1 | 11 | 184 | 184 | 45 | 139 | 0 | 0 | 0 | 0 | 0 | 0 | 502000
-100 | 10 | 1 | 9 | 188 | 188 | 48 | 140 | 0 | 0 | 0 | 0 | 0 | 0 | 503000
-99.7 | 11 | 1 | 10 | 186 | 186 | 47 | 139 | 0 | 0 | 0 | 0 | 0 | 0 | 504000
-97.7 | 13 | 2 | 11 | 182 | 182 | 43 | 139 | 0 | 0 | 0 | 0 | 0 | 0 | 505000
-97.3 | 19 | 2 | 17 | 170 | 170 | 39 | 131 | 0 | 0 | 0 | 0 | 0 | 0 | 506000
-96.5 | 17 | 5 | 12 | 174 | 174 | 39 | 135 | 0 | 0 | 0 | 0 | 0 | 0 | 507000
-97.2 | 10 | 2 | 8 | 188 | 188 | 44 | 144 | 0 | 0 | 0 | 0 | 0 | 0 | 508000
-102.1 | 17 | 1 | 16 | 174 | 174 | 47 | 127 | 0 | 0 | 0 | 0 | 0 | 0 | 509000
-97.9 | 17 | 1 | 16 | 174 | 174 | 41 | 133 | 0 | 0 | 0 | 0 | 0 | 0 | 510000
-98.7 | 19 | 0 | 19 | 170 | 170 | 41 | 129 | 0 | 0 | 0 | 0 | 0 | 0 | 511000
-106.2 | 15 | 2 | 13 | 178 | 178 | 54 | 124 | 0 | 0 | 0 | 0 | 0 | 0 | 512000
-95.7 | 22 | 2 | 20 | 164 | 164 | 35 | 129 | 0 | 0 | 0 | 0 | 0 | 0 | 513000
-95.7 | 15 | 2 | 13 | 178 | 178 | 39 | 139 | 0 | 0 | 0 | 0 | 0 | 0 | 514000
-91.7 | 12 | 1 | 11 | 184 | 184 | 35 | 149 | 0 | 0 | 0 | 0 | 0 | 0 | 515000
-98.6 | 10 | 2 | 8 | 188 | 188 | 46 | 142 | 0 | 0 | 0 | 0 | 0 | 0 | 516000
-102.6 | 13 | 2 | 11 | 182 | 182 | 50 | 132 | 0 | 0 | 0 | 0 | 0 | 0 | 517000
-100.5 | 13 | 2 | 11 | 182 | 182 | 47 | 135 | 0 | 0 | 0 | 0 | 0 | 0 | 518000
-99 | 11 | 1 | 10 | 186 | 186 | 46 | 140 | 0 | 0 | 0 | 0 | 0 | 0 | 519000
-97.2 | 17 | 0 | 17 | 174 | 174 | 40 | 134 | 0 | 0 | 0 | 0 | 0 | 0 | 520000
-98.9 | 16 | 1 | 15 | 176 | 176 | 43 | 133 | 0 | 0 | 0 | 0 | 0 | 0 | 521000
-102.4 | 9 | 1 | 8 | 190 | 190 | 52 | 138 | 0 | 0 | 0 | 0 | 0 | 0 | 522000
-101.1 | 11 | 1 | 10 | 186 | 186 | 49 | 137 | 0 | 0 | 0 | 0 | 0 | 0 | 523000
-105.5 | 15 | 0 | 15 | 178 | 178 | 53 | 125 | 0 | 0 | 0 | 0 | 0 | 0 | 524000
-102.9 | 19 | 0 | 19 | 170 | 170 | 47 | 123 | 0 | 0 | 0 | 0 | 0 | 0 | 525000
-100.9 | 14 | 1 | 13 | 180 | 180 | 47 | 133 | 0 | 0 | 0 | 0 | 0 | 0 | 526000
-96.4 | 15 | 2 | 13 | 178 | 178 | 40 | 138 | 0 | 0 | 0 | 0 | 0 | 0 | 527000
-105.8 | 14 | 0 | 14 | 180 | 180 | 54 | 126 | 0 | 0 | 0 | 0 | 0 | 0 | 528000
-103 | 21 | 0 | 21 | 166 | 166 | 46 | 120 | 0 | 0 | 0 | 0 | 0 | 0 | 529000
-104.3 | 19 | 3 | 16 | 170 | 170 | 49 | 121 | 0 | 0 | 0 | 0 | 0 | 0 | 530000
-93 | 10 | 4 | 6 | 188 | 188 | 38 | 150 | 0 | 0 | 0 | 0 | 0 | 0 | 531000
-105.1 | 14 | 1 | 13 | 180 | 180 | 53 | 127 | 0 | 0 | 0 | 0 | 0 | 0 | 532000
-92.4 | 12 | 1 | 11 | 184 | 184 | 36 | 148 | 0 | 0 | 0 | 0 | 0 | 0 | 533000
-96.6 | 19 | 1 | 18 | 170 | 170 | 38 | 132 | 0 | 0 | 0 | 0 | 0 | 0 | 534000
-97 | 20 | 3 | 17 | 168 | 168 | 38 | 130 | 0 | 0 | 0 | 0 | 0 | 0 | 535000
-101.6 | 21 | 1 | 20 | 166 | 166 | 44 | 122 | 0 | 0 | 0 | 0 | 0 | 0 | 536000
-107.2 | 21 | 4 | 17 | 166 | 166 | 52 | 114 | 0 | 0 | 0 | 0 | 0 | 0 | 537000
-107.1 | 19 | 3 | 16 | 170 | 170 | 53 | 117 | 0 | 0 | 0 | 0 | 0 | 0 | 538000
-103.5 | 17 | 2 | 15 | 174 | 174 | 49 | 125 | 0 | 0 | 0 | 0 | 0 | 0 | 539000
-99.6 | 9 | 1 | 8 | 190 | 190 | 48 | 142 | 0 | 0 | 0 | 0 | 0 | 0 | 540000
-93.8 | 19 | 2 | 17 | 170 | 170 | 34 | 136 | 0 | 0 | 0 | 0 | 0 | 0 | 541000
-105.3 | 11 | 3 | 8 | 186 | 186 | 55 | 131 | 0 | 0 | 0 | 0 | 0 | 0 | 542000
-103.1 | 16 | 4 | 12 | 176 | 176 | 49 | 127 | 0 | 0 | 0 | 0 | 0 | 0 | 543000
-100.3 | 16 | 2 | 14 | 176 | 176 | 45 | 131 | 0 | 0 | 0 | 0 | 0 | 0 | 544000
-104.8 | 22 | 1 | 21 | 164 | 164 | 48 | 116 | 0 | 0 | 0 | 0 | 0 | 0 | 545000
-97.6 | 18 | 1 | 17 | 172 | 172 | 40 | 132 | 0 | 0 | 0 | 0 | 0 | 0 | 546000
-102.5 | 18 | 4 | 14 | 172 | 172 | 47 | 125 | 0 | 0 | 0 | 0 | 0 | 0 | 547000
-108.2 | 20 | 1 | 19 | 168 | 168 | 54 | 114 | 0 | 0 | 0 | 0 | 0 | 0 | 548000
-98 | 19 | 4 | 15 | 170 | 170 | 40 | 130 | 0 | 0 | 0 | 0 | 0 | 0 | 549000
-103.6 | 19 | 2 | 17 | 170 | 170 | 48 | 122 | 0 | 0 | 0 | 0 | 0 | 0 | 550000
-101.6 | 21 | 0 | 21 | 166 | 166 | 44 | 122 | 0 | 0 | 0 | 0 | 0 | 0 | 551000
-100.3 | 16 | 1 | 15 | 176 | 176 | 45 | 131 | 0 | 0 | 0 | 0 | 0 | 0 | 552000
-103.6 | 19 | 3 | 16 | 170 | 170 | 48 | 122 | 0 | 0 | 0 | 0 | 0 | 0 | 553000
-98.2 | 16 | 2 | 14 | 176 | 176 | 42 | 134 | 0 | 0 | 0 | 0 | 0 | 0 | 554000
-97.1 | 8 | 1 | 7 | 192 | 192 | 45 | 147 | 0 | 0 | 0 | 0 | 0 | 0 | 555000
-95.7 | 15 | 2 | 13 | 178 | 178 | 39 | 139 | 0 | 0 | 0 | 0 | 0 | 0 | 556000
-93.6 | 15 | 2 | 13 | 178 | 178 | 36 | 142 | 0 | 0 | 0 | 0 | 0 | 0 | 557000
-96.2 | 11 | 3 | 8 | 186 | 186 | 42 | 144 | 0 | 0 | 0 | 0 | 0 | 0 | 558000
-103 | 21 | 3 | 18 | 166 | 166 | 46 | 120 | 0 | 0 | 0 | 0 | 0 | 0 | 559000
-99.3 | 17 | 1 | 16 | 174 | 174 | 43 | 131 | 0 | 0 | 0 | 0 | 0 | 0 | 560000
-103.7 | 14 | 0 | 14 | 180 | 180 | 51 | 129 | 0 | 0 | 0 | 0 | 0 | 0 | 561000
-96.7 | 14 | 2 | 12 | 180 | 180 | 41 | 139 | 0 | 0 | 0 | 0 | 0 | 0 | 562000
-94.2 | 20 | 3 | 17 | 168 | 168 | 34 | 134 | 0 | 0 | 0 | 0 | 0 | 0 | 563000
-94.9 | 13 | 2 | 11 | 182 | 182 | 39 | 143 | 0 | 0 | 0 | 0 | 0 | 0 | 564000
-102.1 | 17 | 0 | 17 | 174 | 174 | 47 | 127 | 0 | 0 | 0 | 0 | 0 | 0 | 565000
-106.8 | 20 | 4 | 16 | 168 | 168 | 52 | 116 | 0 | 0 | 0 | 0 | 0 | 0 | 566000
-97.3 | 12 | 0 | 12 | 184 | 184 | 43 | 141 | 0 | 0 | 0 | 0 | 0 | 0 | 567000
-99.2 | 22 | 4 | 18 | 164 | 164 | 40 | 124 | 0 | 0 | 0 | 0 | 0 | 0 | 568000
-106 | 18 | 2 | 16 | 172 | 172 | 52 | 120 | 0 | 0 | 0 | 0 | 0 | 0 | 569000
-105.4 | 20 | 2 | 18 | 168 | 168 | 50 | 118 | 0 | 0 | 0 | 0 | 0 | 0 | 570000
-100.7 | 17 | 2 | 15 | 174 | 174 | 45 | 129 | 0 | 0 | 0 | 0 | 0 | 0 | 571000
-100.7 | 24 | 3 | 21 | 160 | 160 | 41 | 119 | 0 | 0 | 0 | 0 | 0 | 0 | 572000
-96 | 21 | 4 | 17 | 166 | 166 | 36 | 130 | 0 | 0 | 0 | 0 | 0 | 0 | 573000
-96.3 | 13 | 1 | 12 | 182 | 182 | 41 | 141 | 0 | 0 | 0 | 0 | 0 | 0 | 574000
-102.3 | 14 | 2 | 12 | 180 | 180 | 49 | 131 | 0 | 0 | 0 | 0 | 0 | 0 | 575000
-94.6 | 14 | 1 | 13 | 180 | 180 | 38 | 142 | 0 | 0 | 0 | 0 | 0 | 0 | 576000
-95.5 | 18 | 3 | 15 | 172 | 172 | 37 | 135 | 0 | 0 | 0 | 0 | 0 | 0 | 577000
-99.8 | 20 | 2 | 18 | 168 | 168 | 42 | 126 | 0 | 0 | 0 | 0 | 0 | 0 | 578000
-98.8 | 14 | 2 | 12 | 180 | 180 | 44 | 136 | 0 | 0 | 0 | 0 | 0 | 0 | 579000
-99.9 | 22 | 1 | 21 | 164 | 164 | 41 | 123 | 0 | 0 | 0 | 0 | 0 | 0 | 580000
-100.7 | 17 | 2 | 15 | 174 | 174 | 45 | 129 | 0 | 0 | 0 | 0 | 0 | 0 | 581000
-98.4 | 13 | 1 | 12 | 182 | 182 | 44 | 138 | 0 | 0 | 0 | 0 | 0 | 0 | 582000
-96.4 | 8 | 2 | 6 | 192 | 192 | 44 | 148 | 0 | 0 | 0 | 0 | 0 | 0 | 583000
-103.8 | 16 | 4 | 12 | 176 | 176 | 50 | 126 | 0 | 0 | 0 | 0 | 0 | 0 | 584000
-96.9 | 18 | 1 | 17 | 172 | 172 | 39 | 133 | 0 | 0 | 0 | 0 | 0 | 0 | 585000
-100.3 | 23 | 2 | 21 | 162 | 162 | 41 | 121 | 0 | 0 | 0 | 0 | 0 | 0 | 586000
-97.3 | 12 | 1 | 11 | 184 | 184 | 43 | 141 | 0 | 0 | 0 | 0 | 0 | 0 | 587000
-93.1 | 19 | 0 | 19 | 170 | 170 | 33 | 137 | 0 | 0 | 0 | 0 | 0 | 0 | 588000
-109.5 | 25 | 2 | 23 | 158 | 158 | 53 | 105 | 0 | 0 | 0 | 0 | 0 | 0 | 589000
-98 | 12 | 2 | 10 | 184 | 184 | 44 | 140 | 0 | 0 | 0 | 0 | 0 | 0 | 590000
-97.3 | 12 | 2 | 10 | 184 | 184 | 43 | 141 | 0 | 0 | 0 | 0 | 0 | 0 | 591000
-106.5 | 14 | 3 | 11 | 180 | 180 | 55 | 125 | 0 | 0 | 0 | 0 | 0 | 0 | 592000
-103 | 21 | 2 | 19 | 166 | 166 | 46 | 120 | 0 | 0 | 0 | 0 | 0 | 0 | 593000
-103.9 | 11 | 0 | 11 | 186 | 186 | 53 | 133 | 0 | 0 | 0 | 0 | 0 | 0 | 594000
-98.5 | 8 | 0 | 8 | 192 | 192 | 47 | 145 | 0 | 0 | 0 | 0 | 0 | 0 | 595000
-104.7 | 20 | 1 | 19 | 168 | 168 | 49 | 119 | 0 | 0 | 0 | 0 | 0 | 0 | 596000
-102 | 15 | 4 | 11 | 178 | 178 | 48 | 130 | 0 | 0 | 0 | 0 | 0 | 0 | 597000
-96.1 | 16 | 2 | 14 | 176 | 176 | 39 | 137 | 0 | 0 | 0 | 0 | 0 | 0 | 598000
-103.9 | 11 | 0 | 11 | 186 | 186 | 53 | 133 | 0 | 0 | 0 | 0 | 0 | 0 | 599000
-101.4 | 17 | 5 | 12 | 174 | 174 | 46 | 128 | 0 | 0 | 0 | 0 | 0 | 0 | 600000
-96.9 | 11 | 1 | 10 | 186 | 186 | 43 | 143 | 0 | 0 | 0 | 0 | 0 | 0 | 601000
-100.3 | 16 | 1 | 15 | 176 | 176 | 45 | 131 | 0 | 0 | 0 | 0 | 0 | 0 | 602000
-100 | 17 | 1 | 16 | 174 | 174 | 44 | 130 | 0 | 0 | 0 | 0 | 0 | 0 | 603000
-99.9 | 15 | 2 | 13 | 178 | 178 | 45 | 133 | 0 | 0 | 0 | 0 | 0 | 0 | 604000
-101.8 | 18 | 2 | 16 | 172 | 172 | 46 | 126 | 0 | 0 | 0 | 0 | 0 | 0 | 605000
-98.8 | 21 | 1 | 20 | 166 | 166 | 40 | 126 | 0 | 0 | 0 | 0 | 0 | 0 | 606000
-95.4 | 16 | 2 | 14 | 176 | 176 | 38 | 138 | 0 | 0 | 0 | 0 | 0 | 0 | 607000
-99.9 | 15 | 1 | 14 | 178 | 178 | 45 | 133 | 0 | 0 | 0 | 0 | 0 | 0 | 608000
-88.3 | 14 | 0 | 14 | 180 | 180 | 29 | 151 | 0 | 0 | 0 | 0 | 0 | 0 | 609000
-98.4 | 20 | 0 | 20 | 168 | 168 | 40 | 128 | 0 | 0 | 0 | 0 | 0 | 0 | 610000
-103.1 | 16 | 1 | 15 | 176 | 176 | 49 | 127 | 0 | 0 | 0 | 0 | 0 | 0 | 611000
-99.1 | 13 | 4 | 9 | 182 | 182 | 45 | 137 | 0 | 0 | 0 | 0 | 0 | 0 | 612000
-97.6 | 11 | 0 | 11 | 186 | 186 | 44 | 142 | 0 | 0 | 0 | 0 | 0 | 0 | 613000
-102.3 | 21 | 1 | 20 | 166 | 166 | 45 | 121 | 0 | 0 | 0 | 0 | 0 | 0 | 614000
-103.6 | 19 | 1 | 18 | 170 | 170 | 48 | 122 | 0 | 0 | 0 | 0 | 0 | 0 | 615000
-100.1 | 12 | 0 | 12 | 184 | 184 | 47 | 137 | 0 | 0 | 0 | 0 | 0 | 0 | 616000
-102.7 | 15 | 0 | 15 | 178 | 178 | 49 | 129 | 0 | 0 | 0 | 0 | 0 | 0 | 617000
-99.5 | 14 | 1 | 13 | 180 | 180 | 45 | 135 | 0 | 0 | 0 | 0 | 0 | 0 | 618000
-107.1 | 19 | 6 | 13 | 170 | 170 | 53 | 117 | 0 | 0 | 0 | 0 | 0 | 0 | 619000
-102.8 | 17 | 2 | 15 | 174 | 174 | 48 | 126 | 0 | 0 | 0 | 0 | 0 | 0 | 620000
-97.6 | 11 | 3 | 8 | 186 | 186 | 44 | 142 | 0 | 0 | 0 | 0 | 0 | 0 | 621000
-93.2 | 21 | 0 | 21 | 166 | 166 | 32 | 134 | 0 | 0 | 0 | 0 | 0 | 0 | 622000
-96.9 | 25 | 4 | 21 | 158 | 158 | 35 | 123 | 0 | 0 | 0 | 0 | 0 | 0 | 623000
-103.7 | 14 | 1 | 13 | 180 | 180 | 51 | 129 | 0 | 0 | 0 | 0 | 0 | 0 | 624000
-102.1 | 17 | 2 | 15 | 174 | 174 | 47 | 127 | 0 | 0 | 0 | 0 | 0 | 0 | 625000
-97 | 20 | 1 | 19 | 168 | 168 | 38 | 130 | 0 | 0 | 0 | 0 | 0 | 0 | 626000
-101.1 | 11 | 1 | 10 | 186 | 186 | 49 | 137 | 0 | 0 | 0 | 0 | 0 | 0 | 627000
-98.3 | 11 | 1 | 10 | 186 | 186 | 45 | 141 | 0 | 0 | 0 | 0 | 0 | 0 | 628000
-92.7 | 11 | 0 | 11 | 186 | 186 | 37 | 149 | 0 | 0 | 0 | 0 | 0 | 0 | 629000
-99.2 | 15 | 3 | 12 | 178 | 178 | 44 | 134 | 0 | 0 | 0 | 0 | 0 | 0 | 630000
-96.6 | 12 | 1 | 11 | 184 | 184 | 42 | 142 | 0 | 0 | 0 | 0 | 0 | 0 | 631000
-97.6 | 11 | 2 | 9 | 186 | 186 | 44 | 142 | 0 | 0 | 0 | 0 | 0 | 0 | 632000
-100.8 | 12 | 3 | 9 | 184 | 184 | 48 | 136 | 0 | 0 | 0 | 0 | 0 | 0 | 633000
-100.4 | 11 | 1 | 10 | 186 | 186 | 48 | 138 | 0 | 0 | 0 | 0 | 0 | 0 | 634000
-95.2 | 12 | 1 | 11 | 184 | 184 | 40 | 144 | 0 | 0 | 0 | 0 | 0 | 0 | 635000
-98 | 12 | 0 | 12 | 184 | 184 | 44 | 140 | 0 | 0 | 0 | 0 | 0 | 0 | 636000
-99.5 | 14 | 1 | 13 | 180 | 180 | 45 | 135 | 0 | 0 | 0 | 0 | 0 | 0 | 637000
-97.9 | 10 | 2 | 8 | 188 | 188 | 45 | 143 | 0 | 0 | 0 | 0 | 0 | 0 | 638000
-93.7 | 10 | 0 | 10 | 188 | 188 | 39 | 149 | 0 | 0 | 0 | 0 | 0 | 0 | 639000
-99.9 | 22 | 3 | 19 | 164 | 164 | 41 | 123 | 0 | 0 | 0 | 0 | 0 | 0 | 640000
-98.3 | 18 | 3 | 15 | 172 | 172 | 41 | 131 | 0 | 0 | 0 | 0 | 0 | 0 | 641000
-101.5 | 12 | 1 | 11 | 184 | 184 | 49 | 135 | 0 | 0 | 0 | 0 | 0 | 0 | 642000
-93.4 | 18 | 3 | 15 | 172 | 172 | 34 | 138 | 0 | 0 | 0 | 0 | 0 | 0 | 643000
-102.7 | 15 | 3 | 12 | 178 | 178 | 49 | 129 | 0 | 0 | 0 | 0 | 0 | 0 | 644000
-95.9 | 12 | 0 | 12 | 184 | 184 | 41 | 143 | 0 | 0 | 0 | 0 | 0 | 0 | 645000
-94.9 | 20 | 3 | 17 | 168 | 168 | 35 | 133 | 0 | 0 | 0 | 0 | 0 | 0 | 646000
-95.6 | 20 | 2 | 18 | 168 | 168 | 36 | 132 | 0 | 0 | 0 | 0 | 0 | 0 | 647000
-96.7 | 21 | 3 | 18 | 166 | 166 | 37 | 129 | 0 | 0 | 0 | 0 | 0 | 0 | 648000
-101.1 | 18 | 1 | 17 | 172 | 172 | 45 | 127 | 0 | 0 | 0 | 0 | 0 | 0 | 649000
-97.1 | 15 | 1 | 14 | 178 | 178 | 41 | 137 | 0 | 0 | 0 | 0 | 0 | 0 | 650000
-98.8 | 14 | 2 | 12 | 180 | 180 | 44 | 136 | 0 | 0 | 0 | 0 | 0 | 0 | 651000
-96.3 | 13 | 0 | 13 | 182 | 182 | 41 | 141 | 0 | 0 | 0 | 0 | 0 | 0 | 652000
-99.2 | 15 | 1 | 14 | 178 | 178 | 44 | 134 | 0 | 0 | 0 | 0 | 0 | 0 | 653000
-93 | 10 | 2 | 8 | 188 | 188 | 38 | 150 | 0 | 0 | 0 | 0 | 0 | 0 | 654000
-106.7 | 25 | 2 | 23 | 158 | 158 | 49 | 109 | 0 | 0 | 0 | 0 | 0 | 0 | 655000
-106.7 | 25 | 1 | 24 | 158 | 158 | 49 | 109 | 0 | 0 | 0 | 0 | 0 | 0 | 656000
-107.9 | 28 | 0 | 28 | 152 | 152 | 49 | 103 | 0 | 0 | 0 | 0 | 0 | 0 | 657000
-104.6 | 25 | 2 | 23 | 158 | 158 | 46 | 112 | 0 | 0 | 0 | 0 | 0 | 0 | 658000
-102.9 | 12 | 1 | 11 | 184 | 184 | 51 | 133 | 0 | 0 | 0 | 0 | 0 | 0 | 659000
-99 | 18 | 2 | 16 | 172 | 172 | 42 | 130 | 0 | 0 | 0 | 0 | 0 | 0 | 660000
-100.3 | 16 | 3 | 13 | 176 | 176 | 45 | 131 | 0 | 0 | 0 | 0 | 0 | 0 | 661000
-97.8 | 15 | 2 | 13 | 178 | 178 | 42 | 136 | 0 | 0 | 0 | 0 | 0 | 0 | 662000
-94.6 | 14 | 2 | 12 | 180 | 180 | 38 | 142 | 0 | 0 | 0 | 0 | 0 | 0 | 663000
-106.1 | 20 | 3 | 17 | 168 | 168 | 51 | 117 | 0 | 0 | 0 | 0 | 0 | 0 | 664000
-98.4 | 20 | 4 | 16 | 168 | 168 | 40 | 128 | 0 | 0 | 0 | 0 | 0 | 0 | 665000
-95 | 15 | 2 | 13 | 178 | 178 | 38 | 140 | 0 | 0 | 0 | 0 | 0 | 0 | 666000
-104.5 | 16 | 0 | 16 | 176 | 176 | 51 | 125 | 0 | 0 | 0 | 0 | 0 | 0 | 667000
-100.1 | 19 | 2 | 17 | 170 | 170 | 43 | 127 | 0 | 0 | 0 | 0 | 0 | 0 | 668000
-96.7 | 14 | 0 | 14 | 180 | 180 | 41 | 139 | 0 | 0 | 0 | 0 | 0 | 0 | 669000
-95.5 | 18 | 4 | 14 | 172 | 172 | 37 | 135 | 0 | 0 | 0 | 0 | 0 | 0 | 670000
-97.7 | 13 | 2 | 11 | 182 | 182 | 43 | 139 | 0 | 0 | 0 | 0 | 0 | 0 | 671000
-98 | 19 | 2 | 17 | 170 | 170 | 40 | 130 | 0 | 0 | 0 | 0 | 0 | 0 | 672000
-94.7 | 16 | 2 | 14 | 176 | 176 | 37 | 139 | 0 | 0 | 0 | 0 | 0 | 0 | 673000
-99.5 | 14 | 1 | 13 | 180 | 180 | 45 | 135 | 0 | 0 | 0 | 0 | 0 | 0 | 674000
-96.3 | 13 | 2 | 11 | 182 | 182 | 41 | 141 | 0 | 0 | 0 | 0 | 0 | 0 | 675000
-97.3 | 19 | 3 | 16 | 170 | 170 | 39 | 131 | 0 | 0 | 0 | 0 | 0 | 0 | 676000
-101.1 | 11 | 0 | 11 | 186 | 186 | 49 | 137 | 0 | 0 | 0 | 0 | 0 | 0 | 677000
-100.8 | 12 | 1 | 11 | 184 | 184 | 48 | 136 | 0 | 0 | 0 | 0 | 0 | 0 | 678000
-96.1 | 16 | 2 | 14 | 176 | 176 | 39 | 137 | 0 | 0 | 0 | 0 | 0 | 0 | 679000
-100.4 | 11 | 1 | 10 | 186 | 186 | 48 | 138 | 0 | 0 | 0 | 0 | 0 | 0 | 680000
-98.1 | 14 | 1 | 13 | 180 | 180 | 43 | 137 | 0 | 0 | 0 | 0 | 0 | 0 | 681000
-103 | 14 | 0 | 14 | 180 | 180 | 50 | 130 | 0 | 0 | 0 | 0 | 0 | 0 | 682000
-101.3 | 15 | 2 | 13 | 178 | 178 | 47 | 131 | 0 | 0 | 0 | 0 | 0 | 0 | 683000
-97.6 | 11 | 0 | 11 | 186 | 186 | 44 | 142 | 0 | 0 | 0 | 0 | 0 | 0 | 684000
-98.4 | 13 | 4 | 9 | 182 | 182 | 44 | 138 | 0 | 0 | 0 | 0 | 0 | 0 | 685000
-106.3 | 24 | 4 | 20 | 160 | 160 | 49 | 111 | 0 | 0 | 0 | 0 | 0 | 0 | 686000
-96.4 | 8 | 1 | 7 | 192 | 192 | 44 | 148 | 0 | 0 | 0 | 0 | 0 | 0 | 687000
-101.6 | 21 | 1 | 20 | 166 | 166 | 44 | 122 | 0 | 0 | 0 | 0 | 0 | 0 | 688000
-103.4 | 22 | 0 | 22 | 164 | 164 | 46 | 118 | 0 | 0 | 0 | 0 | 0 | 0 | 689000
-99.9 | 15 | 4 | 11 | 178 | 178 | 45 | 133 | 0 | 0 | 0 | 0 | 0 | 0 | 690000
-102.1 | 24 | 3 | 21 | 160 | 160 | 43 | 117 | 0 | 0 | 0 | 0 | 0 | 0 | 691000
-97.6 | 18 | 0 | 18 | 172 | 172 | 40 | 132 | 0 | 0 | 0 | 0 | 0 | 0 | 692000
-99.2 | 15 | 0 | 15 | 178 | 178 | 44 | 134 | 0 | 0 | 0 | 0 | 0 | 0 | 693000
-102.1 | 17 | 2 | 15 | 174 | 174 | 47 | 127 | 0 | 0 | 0 | 0 | 0 | 0 | 694000
-103.1 | 16 | 2 | 14 | 176 | 176 | 49 | 127 | 0 | 0 | 0 | 0 | 0 | 0 | 695000
-100.5 | 20 | 1 | 19 | 168 | 168 | 43 | 125 | 0 | 0 | 0 | 0 | 0 | 0 | 696000
-102.7 | 22 | 1 | 21 | 164 | 164 | 45 | 119 | 0 | 0 | 0 | 0 | 0 | 0 | 697000
-96.4 | 22 | 3 | 19 | 164 | 164 | 36 | 128 | 0 | 0 | 0 | 0 | 0 | 0 | 698000
-98.9 | 16 | 2 | 14 | 176 | 176 | 43 | 133 | 0 | 0 | 0 | 0 | 0 | 0 | 699000
-101.1 | 25 | 2 | 23 | 158 | 158 | 41 | 117 | 0 | 0 | 0 | 0 | 0 | 0 | 700000
-102.8 | 10 | 2 | 8 | 188 | 188 | 52 | 136 | 0 | 0 | 0 | 0 | 0 | 0 | 701000
-93.3 | 16 | 3 | 13 | 176 | 176 | 35 | 141 | 0 | 0 | 0 | 0 | 0 | 0 | 702000
-99 | 11 | 0 | 11 | 186 | 186 | 46 | 140 | 0 | 0 | 0 | 0 | 0 | 0 | 703000
-95.8 | 17 | 4 | 13 | 174 | 174 | 38 | 136 | 0 | 0 | 0 | 0 | 0 | 0 | 704000
-101.1 | 11 | 1 | 10 | 186 | 186 | 49 | 137 | 0 | 0 | 0 | 0 | 0 | 0 | 705000
-99.6 | 16 | 1 | 15 | 176 | 176 | 44 | 132 | 0 | 0 | 0 | 0 | 0 | 0 | 706000
-98.7 | 12 | 1 | 11 | 184 | 184 | 45 | 139 | 0 | 0 | 0 | 0 | 0 | 0 | 707000
-101.3 | 15 | 2 | 13 | 178 | 178 | 47 | 131 | 0 | 0 | 0 | 0 | 0 | 0 | 708000
-109.4 | 16 | 1 | 15 | 176 | 176 | 58 | 118 | 0 | 0 | 0 | 0 | 0 | 0 | 709000
-101.6 | 14 | 2 | 12 | 180 | 180 | 48 | 132 | 0 | 0 | 0 | 0 | 0 | 0 | 710000
-101.6 | 21 | 0 | 21 | 166 | 166 | 44 | 122 | 0 | 0 | 0 | 0 | 0 | 0 | 711000
-101.9 | 13 | 1 | 12 | 182 | 182 | 49 | 133 | 0 | 0 | 0 | 0 | 0 | 0 | 712000
-101.4 | 10 | 0 | 10 | 188 | 188 | 50 | 138 | 0 | 0 | 0 | 0 | 0 | 0 | 713000
-98.8 | 21 | 3 | 18 | 166 | 166 | 40 | 126 | 0 | 0 | 0 | 0 | 0 | 0 | 714000
-97.3 | 12 | 2 | 10 | 184 | 184 | 43 | 141 | 0 | 0 | 0 | 0 | 0 | 0 | 715000
-105.4 | 20 | 1 | 19 | 168 | 168 | 50 | 118 | 0 | 0 | 0 | 0 | 0 | 0 | 716000
-105.1 | 14 | 4 | 10 | 180 | 180 | 53 | 127 | 0 | 0 | 0 | 0 | 0 | 0 | 717000
-100.4 | 18 | 0 | 18 | 172 | 172 | 44 | 128 | 0 | 0 | 0 | 0 | 0 | 0 | 718000
-96 | 14 | 1 | 13 | 180 | 180 | 40 | 140 | 0 | 0 | 0 | 0 | 0 | 0 | 719000
-94.8 | 11 | 1 | 10 | 186 | 186 | 40 | 146 | 0 | 0 | 0 | 0 | 0 | 0 | 720000
-97.4 | 14 | 1 | 13 | 180 | 180 | 42 | 138 | 0 | 0 | 0 | 0 | 0 | 0 | 721000
-100 | 17 | 1 | 16 | 174 | 174 | 44 | 130 | 0 | 0 | 0 | 0 | 0 | 0 | 722000
-103.9 | 11 | 0 | 11 | 186 | 186 | 53 | 133 | 0 | 0 | 0 | 0 | 0 | 0 | 723000
-94.1 | 11 | 4 | 7 | 186 | 186 | 39 | 147 | 0 | 0 | 0 | 0 | 0 | 0 | 724000
