-7 | 7 | 3 | 4 | 194 | 54 | 140 | 0
-13 | 13 | 5 | 8 | 182 | 42 | 140 | 1
-13 | 13 | 5 | 8 | 182 | 42 | 140 | 2
-17 | 17 | 5 | 12 | 174 | 40 | 134 | 3
-17 | 17 | 5 | 12 | 174 | 40 | 134 | 4
-17 | 17 | 5 | 12 | 174 | 40 | 134 | 5
-21 | 21 | 6 | 15 | 166 | 40 | 126 | 6
-21 | 21 | 6 | 15 | 166 | 40 | 126 | 7
-21 | 21 | 6 | 15 | 166 | 40 | 126 | 8
-25 | 25 | 6 | 19 | 158 | 39 | 119 | 9
-25 | 25 | 6 | 19 | 158 | 39 | 119 | 10
-25 | 25 | 6 | 19 | 158 | 39 | 119 | 11
-25 | 25 | 6 | 19 | 158 | 39 | 119 | 12
-25 | 25 | 6 | 19 | 158 | 39 | 119 | 13
-25 | 25 | 6 | 19 | 158 | 37 | 121 | 14
-25 | 25 | 6 | 19 | 158 | 37 | 121 | 15
-25 | 25 | 6 | 19 | 158 | 37 | 121 | 16
-25 | 25 | 6 | 19 | 158 | 37 | 121 | 17
-25 | 25 | 6 | 19 | 158 | 37 | 121 | 18
-25 | 25 | 6 | 19 | 158 | 37 | 121 | 19
-25 | 25 | 6 | 19 | 158 | 41 | 117 | 20
-25 | 25 | 6 | 19 | 158 | 41 | 117 | 21
-25 | 25 | 6 | 19 | 158 | 41 | 117 | 22
-25 | 25 | 6 | 19 | 158 | 41 | 117 | 23
-25 | 25 | 6 | 19 | 158 | 41 | 117 | 24
-25 | 25 | 6 | 19 | 158 | 41 | 117 | 25
-25 | 25 | 6 | 19 | 158 | 41 | 117 | 26
-25 | 25 | 6 | 19 | 158 | 41 | 117 | 27
-25 | 25 | 6 | 19 | 158 | 41 | 117 | 28
-25 | 25 | 6 | 19 | 158 | 41 | 117 | 29
-25 | 25 | 6 | 19 | 158 | 41 | 117 | 30
-25 | 25 | 6 | 19 | 158 | 41 | 117 | 31
-25 | 25 | 6 | 19 | 158 | 41 | 117 | 32
-25 | 25 | 6 | 19 | 158 | 41 | 117 | 33
-25 | 25 | 6 | 19 | 158 | 41 | 117 | 34
-25 | 25 | 6 | 19 | 158 | 41 | 117 | 35
-25 | 25 | 6 | 19 | 158 | 41 | 117 | 36
-25 | 25 | 6 | 19 | 158 | 41 | 117 | 37
-25 | 25 | 6 | 19 | 158 | 41 | 117 | 38
-25 | 25 | 6 | 19 | 158 | 41 | 117 | 39
-25 | 25 | 6 | 19 | 158 | 41 | 117 | 40
-25 | 25 | 6 | 19 | 158 | 41 | 117 | 41
-25 | 25 | 6 | 19 | 158 | 41 | 117 | 42
-25 | 25 | 6 | 19 | 158 | 41 | 117 | 43
-25 | 25 | 6 | 19 | 158 | 41 | 117 | 44
-25 | 25 | 6 | 19 | 158 | 41 | 117 | 45
-25 | 25 | 6 | 19 | 158 | 41 | 117 | 46
-25 | 25 | 6 | 19 | 158 | 41 | 117 | 47
-25 | 25 | 6 | 19 | 158 | 41 | 117 | 48
-25 | 25 | 5 | 20 | 158 | 38 | 120 | 49
-25 | 25 | 5 | 20 | 158 | 38 | 120 | 50
-25 | 25 | 5 | 20 | 158 | 38 | 120 | 51
-25 | 25 | 5 | 20 | 158 | 38 | 120 | 52
-25 | 25 | 5 | 20 | 158 | 38 | 120 | 53
-25 | 25 | 5 | 20 | 158 | 38 | 120 | 54
-25 | 25 | 5 | 20 | 158 | 42 | 116 | 55
-25 | 25 | 5 | 20 | 158 | 42 | 116 | 56
-25 | 25 | 5 | 20 | 158 | 42 | 116 | 57
-25 | 25 | 6 | 19 | 158 | 41 | 117 | 58
-25 | 25 | 6 | 19 | 158 | 41 | 117 | 59
-25 | 25 | 6 | 19 | 158 | 42 | 116 | 60
-25 | 25 | 6 | 19 | 158 | 42 | 116 | 61
-25 | 25 | 6 | 19 | 158 | 46 | 112 | 62
-25 | 25 | 6 | 19 | 158 | 46 | 112 | 63
-25 | 25 | 6 | 19 | 158 | 45 | 113 | 64
-28 | 28 | 6 | 22 | 152 | 42 | 110 | 65
-28 | 28 | 6 | 22 | 152 | 42 | 110 | 66
-28 | 28 | 6 | 22 | 152 | 42 | 110 | 67
-28 | 28 | 6 | 22 | 152 | 42 | 110 | 68
-28 | 28 | 6 | 22 | 152 | 42 | 110 | 69
-28 | 28 | 6 | 22 | 152 | 42 | 110 | 70
-28 | 28 | 6 | 22 | 152 | 42 | 110 | 71
-28 | 28 | 6 | 22 | 152 | 42 | 110 | 72
-28 | 28 | 6 | 22 | 152 | 42 | 110 | 73
-28 | 28 | 6 | 22 | 152 | 42 | 110 | 74
-28 | 28 | 6 | 22 | 152 | 42 | 110 | 75
-28 | 28 | 6 | 22 | 152 | 42 | 110 | 76
-28 | 28 | 6 | 22 | 152 | 42 | 110 | 77
-28 | 28 | 6 | 22 | 152 | 42 | 110 | 78
-28 | 28 | 6 | 22 | 152 | 42 | 110 | 79
-28 | 28 | 6 | 22 | 152 | 42 | 110 | 80
-28 | 28 | 6 | 22 | 152 | 42 | 110 | 81
-28 | 28 | 6 | 22 | 152 | 42 | 110 | 82
-28 | 28 | 6 | 22 | 152 | 42 | 110 | 83
-28 | 28 | 6 | 22 | 152 | 42 | 110 | 84
-28 | 28 | 6 | 22 | 152 | 42 | 110 | 85
-28 | 28 | 6 | 22 | 152 | 42 | 110 | 86
-28 | 28 | 6 | 22 | 152 | 42 | 110 | 87
-28 | 28 | 6 | 22 | 152 | 42 | 110 | 88
-28 | 28 | 6 | 22 | 152 | 42 | 110 | 89
-28 | 28 | 6 | 22 | 152 | 42 | 110 | 90
-28 | 28 | 6 | 22 | 152 | 42 | 110 | 91
-28 | 28 | 6 | 22 | 152 | 42 | 110 | 92
-28 | 28 | 6 | 22 | 152 | 42 | 110 | 93
-28 | 28 | 6 | 22 | 152 | 42 | 110 | 94
-28 | 28 | 6 | 22 | 152 | 42 | 110 | 95
-28 | 28 | 6 | 22 | 152 | 42 | 110 | 96
-28 | 28 | 6 | 22 | 152 | 42 | 110 | 97
-28 | 28 | 6 | 22 | 152 | 42 | 110 | 98
-28 | 28 | 6 | 22 | 152 | 42 | 110 | 99
-28 | 28 | 6 | 22 | 152 | 42 | 110 | 100
-28 | 28 | 6 | 22 | 152 | 42 | 110 | 101
-28 | 28 | 6 | 22 | 152 | 42 | 110 | 102
-28 | 28 | 6 | 22 | 152 | 42 | 110 | 103
-28 | 28 | 6 | 22 | 152 | 42 | 110 | 104
-28 | 28 | 6 | 22 | 152 | 42 | 110 | 105
-28 | 28 | 6 | 22 | 152 | 42 | 110 | 106
-28 | 28 | 6 | 22 | 152 | 42 | 110 | 107
-28 | 28 | 6 | 22 | 152 | 42 | 110 | 108
-28 | 28 | 6 | 22 | 152 | 42 | 110 | 109
-28 | 28 | 6 | 22 | 152 | 42 | 110 | 110
-28 | 28 | 6 | 22 | 152 | 42 | 110 | 111
-28 | 28 | 6 | 22 | 152 | 42 | 110 | 112
-28 | 28 | 6 | 22 | 152 | 42 | 110 | 113
-28 | 28 | 6 | 22 | 152 | 42 | 110 | 114
-28 | 28 | 6 | 22 | 152 | 42 | 110 | 115
-28 | 28 | 6 | 22 | 152 | 42 | 110 | 116
-28 | 28 | 6 | 22 | 152 | 42 | 110 | 117
-28 | 28 | 6 | 22 | 152 | 42 | 110 | 118
-28 | 28 | 6 | 22 | 152 | 42 | 110 | 119
-28 | 28 | 6 | 22 | 152 | 42 | 110 | 120
-28 | 28 | 6 | 22 | 152 | 42 | 110 | 121
-28 | 28 | 6 | 22 | 152 | 42 | 110 | 122
-28 | 28 | 6 | 22 | 152 | 42 | 110 | 123
-28 | 28 | 6 | 22 | 152 | 42 | 110 | 124
-28 | 28 | 6 | 22 | 152 | 42 | 110 | 125
-28 | 28 | 6 | 22 | 152 | 42 | 110 | 126
-28 | 28 | 6 | 22 | 152 | 42 | 110 | 127
-28 | 28 | 6 | 22 | 152 | 42 | 110 | 128
-28 | 28 | 6 | 22 | 152 | 36 | 116 | 129
-28 | 28 | 6 | 22 | 152 | 36 | 116 | 130
-28 | 28 | 6 | 22 | 152 | 36 | 116 | 131
-28 | 28 | 6 | 22 | 152 | 36 | 116 | 132
-28 | 28 | 6 | 22 | 152 | 36 | 116 | 133
-28 | 28 | 6 | 22 | 152 | 36 | 116 | 134
-28 | 28 | 6 | 22 | 152 | 36 | 116 | 135
-28 | 28 | 6 | 22 | 152 | 36 | 116 | 136
-28 | 28 | 6 | 22 | 152 | 36 | 116 | 137
-28 | 28 | 6 | 22 | 152 | 36 | 116 | 138
-28 | 28 | 6 | 22 | 152 | 36 | 116 | 139
-28 | 28 | 6 | 22 | 152 | 36 | 116 | 140
-28 | 28 | 6 | 22 | 152 | 36 | 116 | 141
-28 | 28 | 6 | 22 | 152 | 36 | 116 | 142
-28 | 28 | 6 | 22 | 152 | 36 | 116 | 143
-28 | 28 | 6 | 22 | 152 | 36 | 116 | 144
-28 | 28 | 6 | 22 | 152 | 36 | 116 | 145
-28 | 28 | 6 | 22 | 152 | 36 | 116 | 146
-28 | 28 | 6 | 22 | 152 | 36 | 116 | 147
-28 | 28 | 6 | 22 | 152 | 36 | 116 | 148
-28 | 28 | 6 | 22 | 152 | 36 | 116 | 149
-28 | 28 | 6 | 22 | 152 | 36 | 116 | 150
-28 | 28 | 6 | 22 | 152 | 36 | 116 | 151
-28 | 28 | 6 | 22 | 152 | 36 | 116 | 152
-28 | 28 | 6 | 22 | 152 | 36 | 116 | 153
-28 | 28 | 6 | 22 | 152 | 36 | 116 | 154
-28 | 28 | 6 | 22 | 152 | 36 | 116 | 155
-28 | 28 | 6 | 22 | 152 | 36 | 116 | 156
-28 | 28 | 6 | 22 | 152 | 36 | 116 | 157
-28 | 28 | 6 | 22 | 152 | 36 | 116 | 158
-28 | 28 | 6 | 22 | 152 | 36 | 116 | 159
-28 | 28 | 6 | 22 | 152 | 36 | 116 | 160
-28 | 28 | 6 | 22 | 152 | 36 | 116 | 161
-28 | 28 | 6 | 22 | 152 | 36 | 116 | 162
-28 | 28 | 6 | 22 | 152 | 36 | 116 | 163
-28 | 28 | 6 | 22 | 152 | 36 | 116 | 164
-28 | 28 | 6 | 22 | 152 | 36 | 116 | 165
-28 | 28 | 6 | 22 | 152 | 36 | 116 | 166
-28 | 28 | 6 | 22 | 152 | 36 | 116 | 167
-28 | 28 | 6 | 22 | 152 | 36 | 116 | 168
-28 | 28 | 6 | 22 | 152 | 36 | 116 | 169
-28 | 28 | 6 | 22 | 152 | 36 | 116 | 170
-28 | 28 | 6 | 22 | 152 | 36 | 116 | 171
-28 | 28 | 6 | 22 | 152 | 36 | 116 | 172
-28 | 28 | 6 | 22 | 152 | 36 | 116 | 173
-28 | 28 | 6 | 22 | 152 | 36 | 116 | 174
-28 | 28 | 6 | 22 | 152 | 36 | 116 | 175
-28 | 28 | 6 | 22 | 152 | 36 | 116 | 176
-28 | 28 | 6 | 22 | 152 | 36 | 116 | 177
-28 | 28 | 6 | 22 | 152 | 36 | 116 | 178
-28 | 28 | 6 | 22 | 152 | 36 | 116 | 179
-28 | 28 | 6 | 22 | 152 | 36 | 116 | 180
-28 | 28 | 6 | 22 | 152 | 36 | 116 | 181
-28 | 28 | 6 | 22 | 152 | 36 | 116 | 182
-28 | 28 | 6 | 22 | 152 | 36 | 116 | 183
-28 | 28 | 6 | 22 | 152 | 36 | 116 | 184
-28 | 28 | 6 | 22 | 152 | 36 | 116 | 185
-28 | 28 | 6 | 22 | 152 | 36 | 116 | 186
-28 | 28 | 6 | 22 | 152 | 36 | 116 | 187
-28 | 28 | 6 | 22 | 152 | 36 | 116 | 188
-28 | 28 | 6 | 22 | 152 | 36 | 116 | 189
-28 | 28 | 6 | 22 | 152 | 36 | 116 | 190
-28 | 28 | 6 | 22 | 152 | 36 | 116 | 191
-28 | 28 | 6 | 22 | 152 | 36 | 116 | 192
-28 | 28 | 6 | 22 | 152 | 36 | 116 | 193
-28 | 28 | 6 | 22 | 152 | 36 | 116 | 194
-28 | 28 | 6 | 22 | 152 | 36 | 116 | 195
-28 | 28 | 6 | 22 | 152 | 36 | 116 | 196
-28 | 28 | 6 | 22 | 152 | 36 | 116 | 197
-28 | 28 | 6 | 22 | 152 | 36 | 116 | 198
-28 | 28 | 6 | 22 | 152 | 42 | 110 | 199
-28 | 28 | 6 | 22 | 152 | 42 | 110 | 200
-28 | 28 | 6 | 22 | 152 | 42 | 110 | 201
-28 | 28 | 6 | 22 | 152 | 42 | 110 | 202
-28 | 28 | 6 | 22 | 152 | 42 | 110 | 203
-28 | 28 | 6 | 22 | 152 | 42 | 110 | 204
-28 | 28 | 6 | 22 | 152 | 42 | 110 | 205
-28 | 28 | 6 | 22 | 152 | 42 | 110 | 206
-28 | 28 | 6 | 22 | 152 | 42 | 110 | 207
-28 | 28 | 6 | 22 | 152 | 42 | 110 | 208
-28 | 28 | 6 | 22 | 152 | 42 | 110 | 209
-28 | 28 | 6 | 22 | 152 | 42 | 110 | 210
-28 | 28 | 6 | 22 | 152 | 42 | 110 | 211
-28 | 28 | 6 | 22 | 152 | 42 | 110 | 212
-28 | 28 | 6 | 22 | 152 | 42 | 110 | 213
-28 | 28 | 6 | 22 | 152 | 42 | 110 | 214
-28 | 28 | 6 | 22 | 152 | 42 | 110 | 215
-28 | 28 | 6 | 22 | 152 | 42 | 110 | 216
-28 | 28 | 6 | 22 | 152 | 42 | 110 | 217
-28 | 28 | 6 | 22 | 152 | 42 | 110 | 218
-28 | 28 | 6 | 22 | 152 | 42 | 110 | 219
-28 | 28 | 6 | 22 | 152 | 42 | 110 | 220
-28 | 28 | 6 | 22 | 152 | 42 | 110 | 221
-28 | 28 | 6 | 22 | 152 | 42 | 110 | 222
-28 | 28 | 6 | 22 | 152 | 42 | 110 | 223
-28 | 28 | 6 | 22 | 152 | 42 | 110 | 224
-28 | 28 | 6 | 22 | 152 | 42 | 110 | 225
-28 | 28 | 6 | 22 | 152 | 42 | 110 | 226
-28 | 28 | 6 | 22 | 152 | 42 | 110 | 227
-28 | 28 | 6 | 22 | 152 | 42 | 110 | 228
-28 | 28 | 6 | 22 | 152 | 42 | 110 | 229
-28 | 28 | 6 | 22 | 152 | 42 | 110 | 230
-28 | 28 | 6 | 22 | 152 | 42 | 110 | 231
-28 | 28 | 6 | 22 | 152 | 42 | 110 | 232
-28 | 28 | 6 | 22 | 152 | 42 | 110 | 233
-28 | 28 | 6 | 22 | 152 | 42 | 110 | 234
-28 | 28 | 6 | 22 | 152 | 42 | 110 | 235
-28 | 28 | 6 | 22 | 152 | 42 | 110 | 236
-28 | 28 | 6 | 22 | 152 | 42 | 110 | 237
-28 | 28 | 6 | 22 | 152 | 42 | 110 | 238
-28 | 28 | 6 | 22 | 152 | 42 | 110 | 239
-28 | 28 | 6 | 22 | 152 | 42 | 110 | 240
-28 | 28 | 6 | 22 | 152 | 42 | 110 | 241
-28 | 28 | 6 | 22 | 152 | 42 | 110 | 242
-28 | 28 | 6 | 22 | 152 | 42 | 110 | 243
-28 | 28 | 6 | 22 | 152 | 42 | 110 | 244
-28 | 28 | 6 | 22 | 152 | 42 | 110 | 245
-28 | 28 | 6 | 22 | 152 | 42 | 110 | 246
-28 | 28 | 6 | 22 | 152 | 42 | 110 | 247
-28 | 28 | 6 | 22 | 152 | 42 | 110 | 248
-28 | 28 | 6 | 22 | 152 | 42 | 110 | 249
-28 | 28 | 6 | 22 | 152 | 42 | 110 | 250
-28 | 28 | 6 | 22 | 152 | 42 | 110 | 251
-28 | 28 | 6 | 22 | 152 | 42 | 110 | 252
-28 | 28 | 6 | 22 | 152 | 42 | 110 | 253
-28 | 28 | 6 | 22 | 152 | 42 | 110 | 254
-28 | 28 | 6 | 22 | 152 | 42 | 110 | 255
-28 | 28 | 6 | 22 | 152 | 42 | 110 | 256
-28 | 28 | 6 | 22 | 152 | 42 | 110 | 257
-28 | 28 | 6 | 22 | 152 | 42 | 110 | 258
-28 | 28 | 6 | 22 | 152 | 42 | 110 | 259
-28 | 28 | 6 | 22 | 152 | 42 | 110 | 260
-28 | 28 | 6 | 22 | 152 | 42 | 110 | 261
-28 | 28 | 6 | 22 | 152 | 42 | 110 | 262
-28 | 28 | 6 | 22 | 152 | 42 | 110 | 263
-28 | 28 | 6 | 22 | 152 | 42 | 110 | 264
-28 | 28 | 6 | 22 | 152 | 42 | 110 | 265
-28 | 28 | 6 | 22 | 152 | 42 | 110 | 266
-28 | 28 | 6 | 22 | 152 | 42 | 110 | 267
-28 | 28 | 6 | 22 | 152 | 42 | 110 | 268
-28 | 28 | 6 | 22 | 152 | 42 | 110 | 269
-28 | 28 | 6 | 22 | 152 | 42 | 110 | 270
-28 | 28 | 6 | 22 | 152 | 42 | 110 | 271
-28 | 28 | 6 | 22 | 152 | 42 | 110 | 272
-28 | 28 | 6 | 22 | 152 | 42 | 110 | 273
-28 | 28 | 6 | 22 | 152 | 42 | 110 | 274
-28 | 28 | 6 | 22 | 152 | 42 | 110 | 275
-28 | 28 | 6 | 22 | 152 | 42 | 110 | 276
-28 | 28 | 6 | 22 | 152 | 42 | 110 | 277
-28 | 28 | 6 | 22 | 152 | 42 | 110 | 278
-28 | 28 | 6 | 22 | 152 | 42 | 110 | 279
-28 | 28 | 6 | 22 | 152 | 42 | 110 | 280
-28 | 28 | 6 | 22 | 152 | 42 | 110 | 281
-28 | 28 | 6 | 22 | 152 | 42 | 110 | 282
-28 | 28 | 6 | 22 | 152 | 42 | 110 | 283
-28 | 28 | 6 | 22 | 152 | 42 | 110 | 284
-28 | 28 | 6 | 22 | 152 | 42 | 110 | 285
-28 | 28 | 6 | 22 | 152 | 42 | 110 | 286
-28 | 28 | 6 | 22 | 152 | 42 | 110 | 287
-28 | 28 | 6 | 22 | 152 | 42 | 110 | 288
-28 | 28 | 6 | 22 | 152 | 42 | 110 | 289
-28 | 28 | 6 | 22 | 152 | 42 | 110 | 290
-28 | 28 | 6 | 22 | 152 | 42 | 110 | 291
-28 | 28 | 6 | 22 | 152 | 42 | 110 | 292
-28 | 28 | 6 | 22 | 152 | 42 | 110 | 293
-28 | 28 | 6 | 22 | 152 | 42 | 110 | 294
-28 | 28 | 6 | 22 | 152 | 42 | 110 | 295
-28 | 28 | 6 | 22 | 152 | 42 | 110 | 296
-28 | 28 | 6 | 22 | 152 | 42 | 110 | 297
-28 | 28 | 6 | 22 | 152 | 42 | 110 | 298
-28 | 28 | 6 | 22 | 152 | 42 | 110 | 299
-28 | 28 | 6 | 22 | 152 | 42 | 110 | 300
-28 | 28 | 6 | 22 | 152 | 42 | 110 | 301
-28 | 28 | 6 | 22 | 152 | 42 | 110 | 302
-28 | 28 | 6 | 22 | 152 | 42 | 110 | 303
-28 | 28 | 6 | 22 | 152 | 42 | 110 | 304
-28 | 28 | 6 | 22 | 152 | 42 | 110 | 305
-28 | 28 | 6 | 22 | 152 | 42 | 110 | 306
-28 | 28 | 6 | 22 | 152 | 42 | 110 | 307
-28 | 28 | 6 | 22 | 152 | 42 | 110 | 308
-28 | 28 | 6 | 22 | 152 | 42 | 110 | 309
-28 | 28 | 6 | 22 | 152 | 42 | 110 | 310
-28 | 28 | 6 | 22 | 152 | 42 | 110 | 311
-28 | 28 | 6 | 22 | 152 | 42 | 110 | 312
-28 | 28 | 6 | 22 | 152 | 42 | 110 | 313
-28 | 28 | 6 | 22 | 152 | 42 | 110 | 314
-28 | 28 | 6 | 22 | 152 | 42 | 110 | 315
-28 | 28 | 6 | 22 | 152 | 42 | 110 | 316
-28 | 28 | 6 | 22 | 152 | 42 | 110 | 317
-28 | 28 | 6 | 22 | 152 | 42 | 110 | 318
-28 | 28 | 6 | 22 | 152 | 42 | 110 | 319
-28 | 28 | 6 | 22 | 152 | 42 | 110 | 320
-28 | 28 | 6 | 22 | 152 | 42 | 110 | 321
-28 | 28 | 6 | 22 | 152 | 42 | 110 | 322
-28 | 28 | 6 | 22 | 152 | 42 | 110 | 323
-28 | 28 | 6 | 22 | 152 | 42 | 110 | 324
-28 | 28 | 6 | 22 | 152 | 42 | 110 | 325
-28 | 28 | 6 | 22 | 152 | 42 | 110 | 326
-28 | 28 | 6 | 22 | 152 | 42 | 110 | 327
-28 | 28 | 6 | 22 | 152 | 42 | 110 | 328
-28 | 28 | 6 | 22 | 152 | 42 | 110 | 329
-28 | 28 | 6 | 22 | 152 | 42 | 110 | 330
-28 | 28 | 6 | 22 | 152 | 42 | 110 | 331
-28 | 28 | 6 | 22 | 152 | 42 | 110 | 332
-28 | 28 | 6 | 22 | 152 | 42 | 110 | 333
-28 | 28 | 6 | 22 | 152 | 42 | 110 | 334
-28 | 28 | 6 | 22 | 152 | 42 | 110 | 335
-28 | 28 | 6 | 22 | 152 | 42 | 110 | 336
-28 | 28 | 6 | 22 | 152 | 42 | 110 | 337
-28 | 28 | 6 | 22 | 152 | 42 | 110 | 338
-28 | 28 | 6 | 22 | 152 | 42 | 110 | 339
-28 | 28 | 6 | 22 | 152 | 42 | 110 | 340
-28 | 28 | 6 | 22 | 152 | 42 | 110 | 341
-28 | 28 | 6 | 22 | 152 | 42 | 110 | 342
-28 | 28 | 6 | 22 | 152 | 42 | 110 | 343
-28 | 28 | 6 | 22 | 152 | 42 | 110 | 344
-28 | 28 | 6 | 22 | 152 | 42 | 110 | 345
-28 | 28 | 6 | 22 | 152 | 42 | 110 | 346
-28 | 28 | 6 | 22 | 152 | 42 | 110 | 347
-28 | 28 | 6 | 22 | 152 | 42 | 110 | 348
-28 | 28 | 6 | 22 | 152 | 42 | 110 | 349
-28 | 28 | 6 | 22 | 152 | 42 | 110 | 350
-28 | 28 | 6 | 22 | 152 | 42 | 110 | 351
-28 | 28 | 6 | 22 | 152 | 42 | 110 | 352
-28 | 28 | 6 | 22 | 152 | 42 | 110 | 353
-28 | 28 | 6 | 22 | 152 | 42 | 110 | 354
-28 | 28 | 6 | 22 | 152 | 36 | 116 | 355
-28 | 28 | 6 | 22 | 152 | 36 | 116 | 356
-28 | 28 | 6 | 22 | 152 | 36 | 116 | 357
-28 | 28 | 6 | 22 | 152 | 36 | 116 | 358
-28 | 28 | 6 | 22 | 152 | 36 | 116 | 359
-28 | 28 | 6 | 22 | 152 | 36 | 116 | 360
-28 | 28 | 6 | 22 | 152 | 36 | 116 | 361
-28 | 28 | 6 | 22 | 152 | 36 | 116 | 362
-28 | 28 | 6 | 22 | 152 | 36 | 116 | 363
-28 | 28 | 6 | 22 | 152 | 36 | 116 | 364
-28 | 28 | 6 | 22 | 152 | 36 | 116 | 365
-28 | 28 | 6 | 22 | 152 | 36 | 116 | 366
-28 | 28 | 6 | 22 | 152 | 36 | 116 | 367
-28 | 28 | 6 | 22 | 152 | 36 | 116 | 368
-28 | 28 | 6 | 22 | 152 | 36 | 116 | 369
-28 | 28 | 6 | 22 | 152 | 36 | 116 | 370
-28 | 28 | 6 | 22 | 152 | 36 | 116 | 371
-28 | 28 | 6 | 22 | 152 | 36 | 116 | 372
-28 | 28 | 6 | 22 | 152 | 36 | 116 | 373
-28 | 28 | 6 | 22 | 152 | 39 | 113 | 374
-28 | 28 | 6 | 22 | 152 | 39 | 113 | 375
-28 | 28 | 6 | 22 | 152 | 39 | 113 | 376
-28 | 28 | 6 | 22 | 152 | 39 | 113 | 377
-28 | 28 | 6 | 22 | 152 | 39 | 113 | 378
-28 | 28 | 6 | 22 | 152 | 39 | 113 | 379
-28 | 28 | 6 | 22 | 152 | 39 | 113 | 380
-28 | 28 | 6 | 22 | 152 | 39 | 113 | 381
-28 | 28 | 6 | 22 | 152 | 39 | 113 | 382
-28 | 28 | 6 | 22 | 152 | 39 | 113 | 383
-28 | 28 | 6 | 22 | 152 | 39 | 113 | 384
-28 | 28 | 6 | 22 | 152 | 39 | 113 | 385
-28 | 28 | 6 | 22 | 152 | 39 | 113 | 386
-28 | 28 | 6 | 22 | 152 | 39 | 113 | 387
-28 | 28 | 6 | 22 | 152 | 39 | 113 | 388
-28 | 28 | 6 | 22 | 152 | 39 | 113 | 389
-28 | 28 | 6 | 22 | 152 | 39 | 113 | 390
-28 | 28 | 6 | 22 | 152 | 39 | 113 | 391
-28 | 28 | 6 | 22 | 152 | 39 | 113 | 392
-28 | 28 | 6 | 22 | 152 | 39 | 113 | 393
-28 | 28 | 6 | 22 | 152 | 39 | 113 | 394
-28 | 28 | 6 | 22 | 152 | 39 | 113 | 395
-28 | 28 | 6 | 22 | 152 | 39 | 113 | 396
-28 | 28 | 6 | 22 | 152 | 39 | 113 | 397
-28 | 28 | 6 | 22 | 152 | 39 | 113 | 398
-28 | 28 | 6 | 22 | 152 | 39 | 113 | 399
-28 | 28 | 6 | 22 | 152 | 39 | 113 | 400
-28 | 28 | 6 | 22 | 152 | 39 | 113 | 401
-28 | 28 | 6 | 22 | 152 | 39 | 113 | 402
-28 | 28 | 6 | 22 | 152 | 39 | 113 | 403
-28 | 28 | 6 | 22 | 152 | 39 | 113 | 404
-28 | 28 | 6 | 22 | 152 | 39 | 113 | 405
-28 | 28 | 6 | 22 | 152 | 39 | 113 | 406
-28 | 28 | 6 | 22 | 152 | 39 | 113 | 407
-28 | 28 | 6 | 22 | 152 | 39 | 113 | 408
-28 | 28 | 6 | 22 | 152 | 39 | 113 | 409
-28 | 28 | 6 | 22 | 152 | 39 | 113 | 410
-28 | 28 | 6 | 22 | 152 | 39 | 113 | 411
-28 | 28 | 6 | 22 | 152 | 39 | 113 | 412
-28 | 28 | 6 | 22 | 152 | 39 | 113 | 413
-28 | 28 | 6 | 22 | 152 | 39 | 113 | 414
-28 | 28 | 6 | 22 | 152 | 39 | 113 | 415
-28 | 28 | 6 | 22 | 152 | 39 | 113 | 416
-28 | 28 | 6 | 22 | 152 | 39 | 113 | 417
-28 | 28 | 6 | 22 | 152 | 39 | 113 | 418
-28 | 28 | 6 | 22 | 152 | 39 | 113 | 419
-28 | 28 | 6 | 22 | 152 | 39 | 113 | 420
-28 | 28 | 6 | 22 | 152 | 39 | 113 | 421
-28 | 28 | 6 | 22 | 152 | 39 | 113 | 422
-28 | 28 | 6 | 22 | 152 | 39 | 113 | 423
-28 | 28 | 6 | 22 | 152 | 39 | 113 | 424
-28 | 28 | 6 | 22 | 152 | 39 | 113 | 425
-28 | 28 | 6 | 22 | 152 | 39 | 113 | 426
-28 | 28 | 6 | 22 | 152 | 39 | 113 | 427
-28 | 28 | 6 | 22 | 152 | 39 | 113 | 428
-28 | 28 | 6 | 22 | 152 | 39 | 113 | 429
-28 | 28 | 6 | 22 | 152 | 39 | 113 | 430
-28 | 28 | 6 | 22 | 152 | 39 | 113 | 431
-28 | 28 | 6 | 22 | 152 | 39 | 113 | 432
-28 | 28 | 6 | 22 | 152 | 39 | 113 | 433
-28 | 28 | 6 | 22 | 152 | 39 | 113 | 434
-28 | 28 | 6 | 22 | 152 | 39 | 113 | 435
-28 | 28 | 6 | 22 | 152 | 39 | 113 | 436
-28 | 28 | 6 | 22 | 152 | 39 | 113 | 437
-28 | 28 | 6 | 22 | 152 | 39 | 113 | 438
-28 | 28 | 6 | 22 | 152 | 39 | 113 | 439
-28 | 28 | 6 | 22 | 152 | 39 | 113 | 440
-28 | 28 | 6 | 22 | 152 | 39 | 113 | 441
-28 | 28 | 6 | 22 | 152 | 45 | 107 | 442
-28 | 28 | 6 | 22 | 152 | 45 | 107 | 443
-28 | 28 | 6 | 22 | 152 | 45 | 107 | 444
-28 | 28 | 6 | 22 | 152 | 45 | 107 | 445
-28 | 28 | 6 | 22 | 152 | 45 | 107 | 446
-28 | 28 | 6 | 22 | 152 | 45 | 107 | 447
-28 | 28 | 6 | 22 | 152 | 45 | 107 | 448
-28 | 28 | 6 | 22 | 152 | 45 | 107 | 449
-28 | 28 | 6 | 22 | 152 | 45 | 107 | 450
-28 | 28 | 6 | 22 | 152 | 45 | 107 | 451
-28 | 28 | 6 | 22 | 152 | 45 | 107 | 452
-28 | 28 | 6 | 22 | 152 | 45 | 107 | 453
-28 | 28 | 6 | 22 | 152 | 45 | 107 | 454
-28 | 28 | 6 | 22 | 152 | 45 | 107 | 455
-28 | 28 | 6 | 22 | 152 | 45 | 107 | 456
-28 | 28 | 6 | 22 | 152 | 45 | 107 | 457
-28 | 28 | 6 | 22 | 152 | 45 | 107 | 458
-28 | 28 | 6 | 22 | 152 | 45 | 107 | 459
-28 | 28 | 6 | 22 | 152 | 45 | 107 | 460
-28 | 28 | 6 | 22 | 152 | 45 | 107 | 461
-28 | 28 | 6 | 22 | 152 | 45 | 107 | 462
-28 | 28 | 6 | 22 | 152 | 45 | 107 | 463
-28 | 28 | 6 | 22 | 152 | 45 | 107 | 464
-28 | 28 | 6 | 22 | 152 | 45 | 107 | 465
-28 | 28 | 6 | 22 | 152 | 45 | 107 | 466
-28 | 28 | 6 | 22 | 152 | 45 | 107 | 467
-28 | 28 | 6 | 22 | 152 | 45 | 107 | 468
-28 | 28 | 6 | 22 | 152 | 45 | 107 | 469
-28 | 28 | 6 | 22 | 152 | 45 | 107 | 470
-28 | 28 | 6 | 22 | 152 | 45 | 107 | 471
-28 | 28 | 6 | 22 | 152 | 45 | 107 | 472
-28 | 28 | 6 | 22 | 152 | 45 | 107 | 473
-28 | 28 | 6 | 22 | 152 | 45 | 107 | 474
-28 | 28 | 6 | 22 | 152 | 45 | 107 | 475
-28 | 28 | 6 | 22 | 152 | 45 | 107 | 476
-28 | 28 | 6 | 22 | 152 | 45 | 107 | 477
-28 | 28 | 6 | 22 | 152 | 45 | 107 | 478
-28 | 28 | 6 | 22 | 152 | 45 | 107 | 479
-28 | 28 | 6 | 22 | 152 | 45 | 107 | 480
-28 | 28 | 6 | 22 | 152 | 45 | 107 | 481
-28 | 28 | 6 | 22 | 152 | 43 | 109 | 482
-28 | 28 | 6 | 22 | 152 | 43 | 109 | 483
-28 | 28 | 6 | 22 | 152 | 43 | 109 | 484
-28 | 28 | 6 | 22 | 152 | 43 | 109 | 485
-28 | 28 | 6 | 22 | 152 | 43 | 109 | 486
-28 | 28 | 6 | 22 | 152 | 43 | 109 | 487
-28 | 28 | 6 | 22 | 152 | 43 | 109 | 488
-28 | 28 | 6 | 22 | 152 | 43 | 109 | 489
-28 | 28 | 6 | 22 | 152 | 43 | 109 | 490
-28 | 28 | 6 | 22 | 152 | 43 | 109 | 491
-28 | 28 | 6 | 22 | 152 | 43 | 109 | 492
-28 | 28 | 6 | 22 | 152 | 43 | 109 | 493
-28 | 28 | 6 | 22 | 152 | 43 | 109 | 494
-28 | 28 | 6 | 22 | 152 | 43 | 109 | 495
-28 | 28 | 6 | 22 | 152 | 43 | 109 | 496
-28 | 28 | 6 | 22 | 152 | 43 | 109 | 497
-28 | 28 | 6 | 22 | 152 | 43 | 109 | 498
-28 | 28 | 6 | 22 | 152 | 43 | 109 | 499
-28 | 28 | 6 | 22 | 152 | 43 | 109 | 500
-28 | 28 | 6 | 22 | 152 | 43 | 109 | 501
-28 | 28 | 6 | 22 | 152 | 43 | 109 | 502
-28 | 28 | 6 | 22 | 152 | 43 | 109 | 503
-28 | 28 | 6 | 22 | 152 | 43 | 109 | 504
-28 | 28 | 6 | 22 | 152 | 43 | 109 | 505
-28 | 28 | 6 | 22 | 152 | 43 | 109 | 506
-28 | 28 | 6 | 22 | 152 | 44 | 108 | 507
-28 | 28 | 6 | 22 | 152 | 44 | 108 | 508
-28 | 28 | 6 | 22 | 152 | 44 | 108 | 509
-28 | 28 | 6 | 22 | 152 | 44 | 108 | 510
-28 | 28 | 6 | 22 | 152 | 44 | 108 | 511
-28 | 28 | 6 | 22 | 152 | 44 | 108 | 512
-28 | 28 | 6 | 22 | 152 | 44 | 108 | 513
-28 | 28 | 6 | 22 | 152 | 44 | 108 | 514
-28 | 28 | 6 | 22 | 152 | 44 | 108 | 515
-28 | 28 | 6 | 22 | 152 | 44 | 108 | 516
-28 | 28 | 6 | 22 | 152 | 44 | 108 | 517
-28 | 28 | 6 | 22 | 152 | 44 | 108 | 518
-28 | 28 | 6 | 22 | 152 | 44 | 108 | 519
-28 | 28 | 6 | 22 | 152 | 44 | 108 | 520
-28 | 28 | 6 | 22 | 152 | 44 | 108 | 521
-28 | 28 | 6 | 22 | 152 | 44 | 108 | 522
-28 | 28 | 6 | 22 | 152 | 44 | 108 | 523
-28 | 28 | 6 | 22 | 152 | 44 | 108 | 524
-28 | 28 | 6 | 22 | 152 | 44 | 108 | 525
-28 | 28 | 6 | 22 | 152 | 44 | 108 | 526
-28 | 28 | 6 | 22 | 152 | 44 | 108 | 527
-28 | 28 | 6 | 22 | 152 | 44 | 108 | 528
-28 | 28 | 6 | 22 | 152 | 44 | 108 | 529
-28 | 28 | 6 | 22 | 152 | 44 | 108 | 530
-28 | 28 | 6 | 22 | 152 | 44 | 108 | 531
-28 | 28 | 6 | 22 | 152 | 44 | 108 | 532
-28 | 28 | 6 | 22 | 152 | 44 | 108 | 533
-28 | 28 | 6 | 22 | 152 | 44 | 108 | 534
-28 | 28 | 6 | 22 | 152 | 44 | 108 | 535
-28 | 28 | 6 | 22 | 152 | 44 | 108 | 536
-28 | 28 | 6 | 22 | 152 | 44 | 108 | 537
-28 | 28 | 6 | 22 | 152 | 44 | 108 | 538
-28 | 28 | 6 | 22 | 152 | 44 | 108 | 539
-28 | 28 | 6 | 22 | 152 | 44 | 108 | 540
-28 | 28 | 6 | 22 | 152 | 44 | 108 | 541
-28 | 28 | 6 | 22 | 152 | 44 | 108 | 542
-28 | 28 | 6 | 22 | 152 | 44 | 108 | 543
-28 | 28 | 6 | 22 | 152 | 44 | 108 | 544
-28 | 28 | 6 | 22 | 152 | 44 | 108 | 545
-28 | 28 | 6 | 22 | 152 | 44 | 108 | 546
-28 | 28 | 6 | 22 | 152 | 44 | 108 | 547
-28 | 28 | 6 | 22 | 152 | 44 | 108 | 548
-28 | 28 | 6 | 22 | 152 | 44 | 108 | 549
-28 | 28 | 6 | 22 | 152 | 44 | 108 | 550
-28 | 28 | 6 | 22 | 152 | 44 | 108 | 551
-28 | 28 | 6 | 22 | 152 | 44 | 108 | 552
-28 | 28 | 6 | 22 | 152 | 44 | 108 | 553
-28 | 28 | 6 | 22 | 152 | 44 | 108 | 554
-28 | 28 | 6 | 22 | 152 | 44 | 108 | 555
-28 | 28 | 6 | 22 | 152 | 44 | 108 | 556
-28 | 28 | 6 | 22 | 152 | 44 | 108 | 557
-28 | 28 | 6 | 22 | 152 | 44 | 108 | 558
-28 | 28 | 6 | 22 | 152 | 44 | 108 | 559
-28 | 28 | 6 | 22 | 152 | 44 | 108 | 560
-28 | 28 | 6 | 22 | 152 | 44 | 108 | 561
-28 | 28 | 6 | 22 | 152 | 44 | 108 | 562
-28 | 28 | 6 | 22 | 152 | 44 | 108 | 563
-28 | 28 | 6 | 22 | 152 | 44 | 108 | 564
-28 | 28 | 6 | 22 | 152 | 44 | 108 | 565
-28 | 28 | 6 | 22 | 152 | 44 | 108 | 566
-28 | 28 | 6 | 22 | 152 | 44 | 108 | 567
-28 | 28 | 6 | 22 | 152 | 44 | 108 | 568
-28 | 28 | 6 | 22 | 152 | 44 | 108 | 569
-28 | 28 | 6 | 22 | 152 | 44 | 108 | 570
-28 | 28 | 6 | 22 | 152 | 44 | 108 | 571
-28 | 28 | 6 | 22 | 152 | 44 | 108 | 572
-28 | 28 | 6 | 22 | 152 | 44 | 108 | 573
-28 | 28 | 6 | 22 | 152 | 44 | 108 | 574
-28 | 28 | 6 | 22 | 152 | 44 | 108 | 575
-28 | 28 | 6 | 22 | 152 | 44 | 108 | 576
-28 | 28 | 6 | 22 | 152 | 44 | 108 | 577
-28 | 28 | 6 | 22 | 152 | 44 | 108 | 578
-28 | 28 | 6 | 22 | 152 | 44 | 108 | 579
-28 | 28 | 6 | 22 | 152 | 44 | 108 | 580
-28 | 28 | 6 | 22 | 152 | 44 | 108 | 581
-28 | 28 | 6 | 22 | 152 | 44 | 108 | 582
-28 | 28 | 6 | 22 | 152 | 44 | 108 | 583
-28 | 28 | 6 | 22 | 152 | 44 | 108 | 584
-28 | 28 | 6 | 22 | 152 | 44 | 108 | 585
-28 | 28 | 6 | 22 | 152 | 44 | 108 | 586
-28 | 28 | 6 | 22 | 152 | 44 | 108 | 587
-28 | 28 | 6 | 22 | 152 | 44 | 108 | 588
-28 | 28 | 6 | 22 | 152 | 44 | 108 | 589
-28 | 28 | 6 | 22 | 152 | 44 | 108 | 590
-28 | 28 | 6 | 22 | 152 | 44 | 108 | 591
-28 | 28 | 6 | 22 | 152 | 44 | 108 | 592
-28 | 28 | 6 | 22 | 152 | 44 | 108 | 593
-28 | 28 | 6 | 22 | 152 | 44 | 108 | 594
-28 | 28 | 6 | 22 | 152 | 44 | 108 | 595
-28 | 28 | 6 | 22 | 152 | 44 | 108 | 596
-28 | 28 | 6 | 22 | 152 | 44 | 108 | 597
-28 | 28 | 6 | 22 | 152 | 44 | 108 | 598
-28 | 28 | 6 | 22 | 152 | 44 | 108 | 599
-28 | 28 | 6 | 22 | 152 | 44 | 108 | 600
-28 | 28 | 6 | 22 | 152 | 44 | 108 | 601
-28 | 28 | 6 | 22 | 152 | 44 | 108 | 602
-28 | 28 | 6 | 22 | 152 | 44 | 108 | 603
-28 | 28 | 6 | 22 | 152 | 44 | 108 | 604
-28 | 28 | 6 | 22 | 152 | 44 | 108 | 605
-28 | 28 | 6 | 22 | 152 | 44 | 108 | 606
-28 | 28 | 6 | 22 | 152 | 43 | 109 | 607
-28 | 28 | 6 | 22 | 152 | 43 | 109 | 608
-28 | 28 | 6 | 22 | 152 | 43 | 109 | 609
-28 | 28 | 6 | 22 | 152 | 43 | 109 | 610
-28 | 28 | 6 | 22 | 152 | 43 | 109 | 611
-28 | 28 | 6 | 22 | 152 | 43 | 109 | 612
-28 | 28 | 6 | 22 | 152 | 43 | 109 | 613
-28 | 28 | 6 | 22 | 152 | 43 | 109 | 614
-28 | 28 | 6 | 22 | 152 | 43 | 109 | 615
-28 | 28 | 6 | 22 | 152 | 43 | 109 | 616
-28 | 28 | 6 | 22 | 152 | 43 | 109 | 617
-28 | 28 | 6 | 22 | 152 | 43 | 109 | 618
-28 | 28 | 6 | 22 | 152 | 43 | 109 | 619
-28 | 28 | 6 | 22 | 152 | 45 | 107 | 620
-28 | 28 | 6 | 22 | 152 | 45 | 107 | 621
-28 | 28 | 6 | 22 | 152 | 45 | 107 | 622
-28 | 28 | 6 | 22 | 152 | 45 | 107 | 623
-28 | 28 | 6 | 22 | 152 | 45 | 107 | 624
-28 | 28 | 6 | 22 | 152 | 45 | 107 | 625
-28 | 28 | 6 | 22 | 152 | 45 | 107 | 626
-28 | 28 | 6 | 22 | 152 | 45 | 107 | 627
-28 | 28 | 6 | 22 | 152 | 45 | 107 | 628
-28 | 28 | 6 | 22 | 152 | 45 | 107 | 629
-28 | 28 | 6 | 22 | 152 | 45 | 107 | 630
-28 | 28 | 6 | 22 | 152 | 45 | 107 | 631
-28 | 28 | 6 | 22 | 152 | 45 | 107 | 632
-28 | 28 | 6 | 22 | 152 | 45 | 107 | 633
-28 | 28 | 6 | 22 | 152 | 45 | 107 | 634
-28 | 28 | 6 | 22 | 152 | 45 | 107 | 635
-28 | 28 | 6 | 22 | 152 | 45 | 107 | 636
-28 | 28 | 6 | 22 | 152 | 45 | 107 | 637
-28 | 28 | 6 | 22 | 152 | 45 | 107 | 638
-28 | 28 | 6 | 22 | 152 | 45 | 107 | 639
-28 | 28 | 6 | 22 | 152 | 45 | 107 | 640
-28 | 28 | 6 | 22 | 152 | 45 | 107 | 641
-28 | 28 | 6 | 22 | 152 | 45 | 107 | 642
-28 | 28 | 6 | 22 | 152 | 45 | 107 | 643
-28 | 28 | 6 | 22 | 152 | 45 | 107 | 644
-28 | 28 | 6 | 22 | 152 | 45 | 107 | 645
-28 | 28 | 6 | 22 | 152 | 45 | 107 | 646
-28 | 28 | 6 | 22 | 152 | 45 | 107 | 647
-28 | 28 | 6 | 22 | 152 | 45 | 107 | 648
-28 | 28 | 6 | 22 | 152 | 45 | 107 | 649
-28 | 28 | 6 | 22 | 152 | 45 | 107 | 650
-28 | 28 | 6 | 22 | 152 | 45 | 107 | 651
-28 | 28 | 6 | 22 | 152 | 45 | 107 | 652
-28 | 28 | 6 | 22 | 152 | 45 | 107 | 653
-28 | 28 | 6 | 22 | 152 | 45 | 107 | 654
-28 | 28 | 6 | 22 | 152 | 45 | 107 | 655
-28 | 28 | 6 | 22 | 152 | 45 | 107 | 656
-28 | 28 | 6 | 22 | 152 | 45 | 107 | 657
-28 | 28 | 6 | 22 | 152 | 45 | 107 | 658
-28 | 28 | 6 | 22 | 152 | 45 | 107 | 659
-28 | 28 | 6 | 22 | 152 | 45 | 107 | 660
-28 | 28 | 6 | 22 | 152 | 45 | 107 | 661
-28 | 28 | 6 | 22 | 152 | 45 | 107 | 662
-28 | 28 | 6 | 22 | 152 | 45 | 107 | 663
-28 | 28 | 6 | 22 | 152 | 45 | 107 | 664
-28 | 28 | 6 | 22 | 152 | 45 | 107 | 665
-28 | 28 | 6 | 22 | 152 | 45 | 107 | 666
-28 | 28 | 6 | 22 | 152 | 45 | 107 | 667
-28 | 28 | 6 | 22 | 152 | 45 | 107 | 668
-28 | 28 | 6 | 22 | 152 | 45 | 107 | 669
-28 | 28 | 6 | 22 | 152 | 45 | 107 | 670
-28 | 28 | 6 | 22 | 152 | 45 | 107 | 671
-28 | 28 | 6 | 22 | 152 | 45 | 107 | 672
-28 | 28 | 6 | 22 | 152 | 45 | 107 | 673
-28 | 28 | 6 | 22 | 152 | 45 | 107 | 674
-28 | 28 | 6 | 22 | 152 | 45 | 107 | 675
-28 | 28 | 6 | 22 | 152 | 45 | 107 | 676
-28 | 28 | 6 | 22 | 152 | 45 | 107 | 677
-28 | 28 | 6 | 22 | 152 | 45 | 107 | 678
-28 | 28 | 6 | 22 | 152 | 45 | 107 | 679
-28 | 28 | 6 | 22 | 152 | 45 | 107 | 680
-28 | 28 | 6 | 22 | 152 | 45 | 107 | 681
-28 | 28 | 6 | 22 | 152 | 45 | 107 | 682
-28 | 28 | 6 | 22 | 152 | 42 | 110 | 683
-28 | 28 | 6 | 22 | 152 | 42 | 110 | 684
-28 | 28 | 6 | 22 | 152 | 42 | 110 | 685
-28 | 28 | 6 | 22 | 152 | 42 | 110 | 686
-28 | 28 | 6 | 22 | 152 | 42 | 110 | 687
-28 | 28 | 6 | 22 | 152 | 42 | 110 | 688
-28 | 28 | 6 | 22 | 152 | 42 | 110 | 689
-28 | 28 | 6 | 22 | 152 | 42 | 110 | 690
-28 | 28 | 6 | 22 | 152 | 42 | 110 | 691
-28 | 28 | 6 | 22 | 152 | 42 | 110 | 692
-28 | 28 | 6 | 22 | 152 | 42 | 110 | 693
-28 | 28 | 6 | 22 | 152 | 42 | 110 | 694
-28 | 28 | 6 | 22 | 152 | 42 | 110 | 695
-28 | 28 | 6 | 22 | 152 | 42 | 110 | 696
-28 | 28 | 6 | 22 | 152 | 42 | 110 | 697
-28 | 28 | 6 | 22 | 152 | 42 | 110 | 698
-28 | 28 | 6 | 22 | 152 | 42 | 110 | 699
-28 | 28 | 6 | 22 | 152 | 42 | 110 | 700
-28 | 28 | 6 | 22 | 152 | 42 | 110 | 701
-28 | 28 | 6 | 22 | 152 | 42 | 110 | 702
-28 | 28 | 6 | 22 | 152 | 42 | 110 | 703
-28 | 28 | 6 | 22 | 152 | 42 | 110 | 704
-28 | 28 | 6 | 22 | 152 | 42 | 110 | 705
-28 | 28 | 6 | 22 | 152 | 42 | 110 | 706
-28 | 28 | 6 | 22 | 152 | 42 | 110 | 707
-28 | 28 | 6 | 22 | 152 | 42 | 110 | 708
-28 | 28 | 6 | 22 | 152 | 42 | 110 | 709
-28 | 28 | 6 | 22 | 152 | 42 | 110 | 710
-28 | 28 | 6 | 22 | 152 | 42 | 110 | 711
-28 | 28 | 6 | 22 | 152 | 42 | 110 | 712
-28 | 28 | 6 | 22 | 152 | 42 | 110 | 713
-28 | 28 | 6 | 22 | 152 | 42 | 110 | 714
-28 | 28 | 6 | 22 | 152 | 42 | 110 | 715
-28 | 28 | 6 | 22 | 152 | 42 | 110 | 716
-28 | 28 | 6 | 22 | 152 | 42 | 110 | 717
-28 | 28 | 6 | 22 | 152 | 42 | 110 | 718
-28 | 28 | 6 | 22 | 152 | 42 | 110 | 719
-28 | 28 | 6 | 22 | 152 | 42 | 110 | 720
-28 | 28 | 6 | 22 | 152 | 42 | 110 | 721
-28 | 28 | 6 | 22 | 152 | 42 | 110 | 722
-28 | 28 | 6 | 22 | 152 | 42 | 110 | 723
-28 | 28 | 6 | 22 | 152 | 42 | 110 | 724
-28 | 28 | 6 | 22 | 152 | 42 | 110 | 725
-28 | 28 | 6 | 22 | 152 | 42 | 110 | 726
-28 | 28 | 6 | 22 | 152 | 42 | 110 | 727
-28 | 28 | 6 | 22 | 152 | 42 | 110 | 728
-28 | 28 | 6 | 22 | 152 | 42 | 110 | 729
-28 | 28 | 6 | 22 | 152 | 42 | 110 | 730
-28 | 28 | 6 | 22 | 152 | 42 | 110 | 731
-28 | 28 | 6 | 22 | 152 | 42 | 110 | 732
-28 | 28 | 6 | 22 | 152 | 42 | 110 | 733
-28 | 28 | 6 | 22 | 152 | 42 | 110 | 734
-28 | 28 | 6 | 22 | 152 | 42 | 110 | 735
-28 | 28 | 6 | 22 | 152 | 42 | 110 | 736
-28 | 28 | 6 | 22 | 152 | 42 | 110 | 737
-28 | 28 | 6 | 22 | 152 | 42 | 110 | 738
-28 | 28 | 6 | 22 | 152 | 42 | 110 | 739
-28 | 28 | 6 | 22 | 152 | 42 | 110 | 740
-28 | 28 | 6 | 22 | 152 | 42 | 110 | 741
-28 | 28 | 6 | 22 | 152 | 42 | 110 | 742
-28 | 28 | 6 | 22 | 152 | 42 | 110 | 743
-28 | 28 | 6 | 22 | 152 | 42 | 110 | 744
-28 | 28 | 6 | 22 | 152 | 42 | 110 | 745
-28 | 28 | 6 | 22 | 152 | 42 | 110 | 746
-28 | 28 | 6 | 22 | 152 | 42 | 110 | 747
-28 | 28 | 6 | 22 | 152 | 42 | 110 | 748
-28 | 28 | 6 | 22 | 152 | 42 | 110 | 749
-28 | 28 | 6 | 22 | 152 | 42 | 110 | 750
-28 | 28 | 6 | 22 | 152 | 42 | 110 | 751
-28 | 28 | 6 | 22 | 152 | 42 | 110 | 752
-28 | 28 | 6 | 22 | 152 | 42 | 110 | 753
-28 | 28 | 6 | 22 | 152 | 42 | 110 | 754
-28 | 28 | 6 | 22 | 152 | 42 | 110 | 755
-28 | 28 | 6 | 22 | 152 | 42 | 110 | 756
-28 | 28 | 6 | 22 | 152 | 42 | 110 | 757
-28 | 28 | 6 | 22 | 152 | 42 | 110 | 758
-28 | 28 | 6 | 22 | 152 | 42 | 110 | 759
-28 | 28 | 6 | 22 | 152 | 42 | 110 | 760
-28 | 28 | 6 | 22 | 152 | 42 | 110 | 761
-28 | 28 | 6 | 22 | 152 | 42 | 110 | 762
-28 | 28 | 6 | 22 | 152 | 42 | 110 | 763
-28 | 28 | 6 | 22 | 152 | 42 | 110 | 764
-28 | 28 | 6 | 22 | 152 | 42 | 110 | 765
-28 | 28 | 6 | 22 | 152 | 42 | 110 | 766
-28 | 28 | 6 | 22 | 152 | 42 | 110 | 767
-28 | 28 | 6 | 22 | 152 | 42 | 110 | 768
-28 | 28 | 6 | 22 | 152 | 42 | 110 | 769
-28 | 28 | 6 | 22 | 152 | 42 | 110 | 770
-28 | 28 | 6 | 22 | 152 | 42 | 110 | 771
-28 | 28 | 6 | 22 | 152 | 42 | 110 | 772
-28 | 28 | 6 | 22 | 152 | 42 | 110 | 773
-28 | 28 | 6 | 22 | 152 | 42 | 110 | 774
-28 | 28 | 6 | 22 | 152 | 42 | 110 | 775
-28 | 28 | 6 | 22 | 152 | 42 | 110 | 776
-28 | 28 | 6 | 22 | 152 | 42 | 110 | 777
-28 | 28 | 6 | 22 | 152 | 42 | 110 | 778
-28 | 28 | 6 | 22 | 152 | 42 | 110 | 779
-28 | 28 | 6 | 22 | 152 | 42 | 110 | 780
-28 | 28 | 6 | 22 | 152 | 42 | 110 | 781
-28 | 28 | 6 | 22 | 152 | 42 | 110 | 782
-28 | 28 | 6 | 22 | 152 | 42 | 110 | 783
-28 | 28 | 6 | 22 | 152 | 42 | 110 | 784
-28 | 28 | 6 | 22 | 152 | 42 | 110 | 785
-28 | 28 | 6 | 22 | 152 | 42 | 110 | 786
-28 | 28 | 6 | 22 | 152 | 42 | 110 | 787
-28 | 28 | 6 | 22 | 152 | 42 | 110 | 788
-28 | 28 | 6 | 22 | 152 | 42 | 110 | 789
-28 | 28 | 6 | 22 | 152 | 42 | 110 | 790
-28 | 28 | 6 | 22 | 152 | 42 | 110 | 791
-28 | 28 | 6 | 22 | 152 | 42 | 110 | 792
-28 | 28 | 6 | 22 | 152 | 42 | 110 | 793
-28 | 28 | 6 | 22 | 152 | 42 | 110 | 794
-28 | 28 | 6 | 22 | 152 | 42 | 110 | 795
-28 | 28 | 6 | 22 | 152 | 42 | 110 | 796
-28 | 28 | 6 | 22 | 152 | 42 | 110 | 797
-28 | 28 | 6 | 22 | 152 | 42 | 110 | 798
-28 | 28 | 6 | 22 | 152 | 42 | 110 | 799
-28 | 28 | 6 | 22 | 152 | 42 | 110 | 800
-28 | 28 | 6 | 22 | 152 | 42 | 110 | 801
-28 | 28 | 6 | 22 | 152 | 42 | 110 | 802
-28 | 28 | 6 | 22 | 152 | 42 | 110 | 803
-28 | 28 | 6 | 22 | 152 | 42 | 110 | 804
-28 | 28 | 6 | 22 | 152 | 42 | 110 | 805
-28 | 28 | 6 | 22 | 152 | 42 | 110 | 806
-28 | 28 | 6 | 22 | 152 | 42 | 110 | 807
-28 | 28 | 6 | 22 | 152 | 42 | 110 | 808
-28 | 28 | 6 | 22 | 152 | 42 | 110 | 809
-28 | 28 | 6 | 22 | 152 | 42 | 110 | 810
-28 | 28 | 6 | 22 | 152 | 42 | 110 | 811
-28 | 28 | 6 | 22 | 152 | 42 | 110 | 812
-28 | 28 | 6 | 22 | 152 | 42 | 110 | 813
-28 | 28 | 6 | 22 | 152 | 42 | 110 | 814
-28 | 28 | 6 | 22 | 152 | 42 | 110 | 815
-28 | 28 | 6 | 22 | 152 | 42 | 110 | 816
-28 | 28 | 6 | 22 | 152 | 42 | 110 | 817
-28 | 28 | 6 | 22 | 152 | 42 | 110 | 818
-28 | 28 | 6 | 22 | 152 | 42 | 110 | 819
-28 | 28 | 6 | 22 | 152 | 42 | 110 | 820
-28 | 28 | 6 | 22 | 152 | 42 | 110 | 821
-28 | 28 | 6 | 22 | 152 | 43 | 109 | 822
-28 | 28 | 6 | 22 | 152 | 43 | 109 | 823
-28 | 28 | 6 | 22 | 152 | 43 | 109 | 824
-28 | 28 | 6 | 22 | 152 | 43 | 109 | 825
-28 | 28 | 6 | 22 | 152 | 43 | 109 | 826
-28 | 28 | 6 | 22 | 152 | 43 | 109 | 827
-28 | 28 | 6 | 22 | 152 | 43 | 109 | 828
-28 | 28 | 6 | 22 | 152 | 43 | 109 | 829
-28 | 28 | 6 | 22 | 152 | 43 | 109 | 830
-28 | 28 | 6 | 22 | 152 | 43 | 109 | 831
-28 | 28 | 6 | 22 | 152 | 43 | 109 | 832
-28 | 28 | 6 | 22 | 152 | 43 | 109 | 833
-28 | 28 | 6 | 22 | 152 | 43 | 109 | 834
-28 | 28 | 6 | 22 | 152 | 43 | 109 | 835
-28 | 28 | 6 | 22 | 152 | 43 | 109 | 836
-28 | 28 | 6 | 22 | 152 | 43 | 109 | 837
-28 | 28 | 6 | 22 | 152 | 43 | 109 | 838
-28 | 28 | 6 | 22 | 152 | 43 | 109 | 839
-28 | 28 | 6 | 22 | 152 | 43 | 109 | 840
-28 | 28 | 6 | 22 | 152 | 43 | 109 | 841
-28 | 28 | 6 | 22 | 152 | 43 | 109 | 842
-28 | 28 | 6 | 22 | 152 | 44 | 108 | 843
-28 | 28 | 6 | 22 | 152 | 46 | 106 | 844
-28 | 28 | 6 | 22 | 152 | 46 | 106 | 845
-28 | 28 | 6 | 22 | 152 | 46 | 106 | 846
-28 | 28 | 6 | 22 | 152 | 46 | 106 | 847
-28 | 28 | 6 | 22 | 152 | 46 | 106 | 848
-28 | 28 | 6 | 22 | 152 | 46 | 106 | 849
-28 | 28 | 6 | 22 | 152 | 46 | 106 | 850
-28 | 28 | 6 | 22 | 152 | 46 | 106 | 851
-28 | 28 | 6 | 22 | 152 | 46 | 106 | 852
-28 | 28 | 6 | 22 | 152 | 46 | 106 | 853
-28 | 28 | 6 | 22 | 152 | 46 | 106 | 854
-28 | 28 | 6 | 22 | 152 | 46 | 106 | 855
-28 | 28 | 6 | 22 | 152 | 46 | 106 | 856
-28 | 28 | 6 | 22 | 152 | 46 | 106 | 857
-28 | 28 | 6 | 22 | 152 | 46 | 106 | 858
-28 | 28 | 6 | 22 | 152 | 46 | 106 | 859
-28 | 28 | 6 | 22 | 152 | 46 | 106 | 860
-28 | 28 | 6 | 22 | 152 | 46 | 106 | 861
-28 | 28 | 6 | 22 | 152 | 46 | 106 | 862
-28 | 28 | 6 | 22 | 152 | 46 | 106 | 863
-28 | 28 | 6 | 22 | 152 | 46 | 106 | 864
-28 | 28 | 6 | 22 | 152 | 46 | 106 | 865
-28 | 28 | 6 | 22 | 152 | 46 | 106 | 866
-28 | 28 | 6 | 22 | 152 | 46 | 106 | 867
-28 | 28 | 6 | 22 | 152 | 46 | 106 | 868
-28 | 28 | 6 | 22 | 152 | 46 | 106 | 869
-28 | 28 | 6 | 22 | 152 | 46 | 106 | 870
-28 | 28 | 6 | 22 | 152 | 46 | 106 | 871
-28 | 28 | 6 | 22 | 152 | 46 | 106 | 872
-28 | 28 | 6 | 22 | 152 | 46 | 106 | 873
-28 | 28 | 6 | 22 | 152 | 46 | 106 | 874
-28 | 28 | 6 | 22 | 152 | 46 | 106 | 875
-28 | 28 | 6 | 22 | 152 | 46 | 106 | 876
-28 | 28 | 6 | 22 | 152 | 46 | 106 | 877
-28 | 28 | 6 | 22 | 152 | 46 | 106 | 878
-28 | 28 | 6 | 22 | 152 | 46 | 106 | 879
-28 | 28 | 6 | 22 | 152 | 46 | 106 | 880
-28 | 28 | 6 | 22 | 152 | 46 | 106 | 881
-28 | 28 | 6 | 22 | 152 | 46 | 106 | 882
-28 | 28 | 6 | 22 | 152 | 46 | 106 | 883
-28 | 28 | 6 | 22 | 152 | 46 | 106 | 884
-28 | 28 | 6 | 22 | 152 | 46 | 106 | 885
-28 | 28 | 6 | 22 | 152 | 46 | 106 | 886
-28 | 28 | 6 | 22 | 152 | 46 | 106 | 887
-28 | 28 | 6 | 22 | 152 | 46 | 106 | 888
-28 | 28 | 6 | 22 | 152 | 46 | 106 | 889
-28 | 28 | 6 | 22 | 152 | 46 | 106 | 890
-28 | 28 | 6 | 22 | 152 | 46 | 106 | 891
-28 | 28 | 6 | 22 | 152 | 46 | 106 | 892
-28 | 28 | 6 | 22 | 152 | 46 | 106 | 893
-28 | 28 | 6 | 22 | 152 | 46 | 106 | 894
-28 | 28 | 6 | 22 | 152 | 46 | 106 | 895
-28 | 28 | 6 | 22 | 152 | 46 | 106 | 896
-28 | 28 | 6 | 22 | 152 | 46 | 106 | 897
-28 | 28 | 6 | 22 | 152 | 46 | 106 | 898
-28 | 28 | 6 | 22 | 152 | 46 | 106 | 899
-28 | 28 | 6 | 22 | 152 | 46 | 106 | 900
-28 | 28 | 6 | 22 | 152 | 46 | 106 | 901
-28 | 28 | 6 | 22 | 152 | 46 | 106 | 902
-28 | 28 | 6 | 22 | 152 | 46 | 106 | 903
-28 | 28 | 6 | 22 | 152 | 46 | 106 | 904
-28 | 28 | 6 | 22 | 152 | 46 | 106 | 905
-28 | 28 | 6 | 22 | 152 | 46 | 106 | 906
-28 | 28 | 6 | 22 | 152 | 46 | 106 | 907
-28 | 28 | 6 | 22 | 152 | 46 | 106 | 908
-28 | 28 | 6 | 22 | 152 | 46 | 106 | 909
-28 | 28 | 6 | 22 | 152 | 46 | 106 | 910
-28 | 28 | 6 | 22 | 152 | 46 | 106 | 911
-28 | 28 | 6 | 22 | 152 | 46 | 106 | 912
-28 | 28 | 6 | 22 | 152 | 46 | 106 | 913
-28 | 28 | 6 | 22 | 152 | 46 | 106 | 914
-28 | 28 | 6 | 22 | 152 | 46 | 106 | 915
-28 | 28 | 6 | 22 | 152 | 46 | 106 | 916
-28 | 28 | 6 | 22 | 152 | 46 | 106 | 917
-28 | 28 | 6 | 22 | 152 | 46 | 106 | 918
-28 | 28 | 6 | 22 | 152 | 46 | 106 | 919
-28 | 28 | 6 | 22 | 152 | 46 | 106 | 920
-28 | 28 | 6 | 22 | 152 | 46 | 106 | 921
-28 | 28 | 6 | 22 | 152 | 46 | 106 | 922
-28 | 28 | 6 | 22 | 152 | 46 | 106 | 923
-28 | 28 | 6 | 22 | 152 | 46 | 106 | 924
-28 | 28 | 6 | 22 | 152 | 46 | 106 | 925
-28 | 28 | 6 | 22 | 152 | 46 | 106 | 926
-28 | 28 | 6 | 22 | 152 | 46 | 106 | 927
-28 | 28 | 6 | 22 | 152 | 46 | 106 | 928
-28 | 28 | 6 | 22 | 152 | 46 | 106 | 929
-28 | 28 | 6 | 22 | 152 | 46 | 106 | 930
-28 | 28 | 6 | 22 | 152 | 46 | 106 | 931
-28 | 28 | 6 | 22 | 152 | 46 | 106 | 932
-28 | 28 | 6 | 22 | 152 | 46 | 106 | 933
-28 | 28 | 6 | 22 | 152 | 46 | 106 | 934
-28 | 28 | 6 | 22 | 152 | 46 | 106 | 935
-28 | 28 | 6 | 22 | 152 | 46 | 106 | 936
-28 | 28 | 6 | 22 | 152 | 46 | 106 | 937
-28 | 28 | 6 | 22 | 152 | 46 | 106 | 938
-28 | 28 | 6 | 22 | 152 | 46 | 106 | 939
-28 | 28 | 6 | 22 | 152 | 46 | 106 | 940
-28 | 28 | 6 | 22 | 152 | 46 | 106 | 941
-28 | 28 | 6 | 22 | 152 | 46 | 106 | 942
-28 | 28 | 6 | 22 | 152 | 46 | 106 | 943
-28 | 28 | 6 | 22 | 152 | 46 | 106 | 944
-28 | 28 | 6 | 22 | 152 | 46 | 106 | 945
-28 | 28 | 6 | 22 | 152 | 46 | 106 | 946
-28 | 28 | 6 | 22 | 152 | 46 | 106 | 947
-28 | 28 | 6 | 22 | 152 | 46 | 106 | 948
-28 | 28 | 6 | 22 | 152 | 46 | 106 | 949
-28 | 28 | 6 | 22 | 152 | 46 | 106 | 950
-28 | 28 | 6 | 22 | 152 | 46 | 106 | 951
-28 | 28 | 6 | 22 | 152 | 46 | 106 | 952
-28 | 28 | 6 | 22 | 152 | 46 | 106 | 953
-28 | 28 | 6 | 22 | 152 | 46 | 106 | 954
-28 | 28 | 6 | 22 | 152 | 46 | 106 | 955
-28 | 28 | 6 | 22 | 152 | 46 | 106 | 956
-28 | 28 | 6 | 22 | 152 | 46 | 106 | 957
-28 | 28 | 6 | 22 | 152 | 46 | 106 | 958
-28 | 28 | 6 | 22 | 152 | 46 | 106 | 959
-28 | 28 | 6 | 22 | 152 | 46 | 106 | 960
-28 | 28 | 6 | 22 | 152 | 46 | 106 | 961
-28 | 28 | 6 | 22 | 152 | 46 | 106 | 962
-28 | 28 | 6 | 22 | 152 | 46 | 106 | 963
-28 | 28 | 6 | 22 | 152 | 46 | 106 | 964
-28 | 28 | 6 | 22 | 152 | 46 | 106 | 965
-28 | 28 | 6 | 22 | 152 | 46 | 106 | 966
-28 | 28 | 6 | 22 | 152 | 46 | 106 | 967
-28 | 28 | 6 | 22 | 152 | 46 | 106 | 968
-28 | 28 | 6 | 22 | 152 | 46 | 106 | 969
-28 | 28 | 6 | 22 | 152 | 46 | 106 | 970
-28 | 28 | 6 | 22 | 152 | 46 | 106 | 971
-28 | 28 | 6 | 22 | 152 | 46 | 106 | 972
-28 | 28 | 6 | 22 | 152 | 46 | 106 | 973
-28 | 28 | 6 | 22 | 152 | 46 | 106 | 974
-28 | 28 | 6 | 22 | 152 | 46 | 106 | 975
-28 | 28 | 6 | 22 | 152 | 46 | 106 | 976
-28 | 28 | 6 | 22 | 152 | 46 | 106 | 977
-28 | 28 | 6 | 22 | 152 | 46 | 106 | 978
-28 | 28 | 6 | 22 | 152 | 46 | 106 | 979
-28 | 28 | 6 | 22 | 152 | 46 | 106 | 980
-28 | 28 | 6 | 22 | 152 | 46 | 106 | 981
-28 | 28 | 6 | 22 | 152 | 46 | 106 | 982
-28 | 28 | 6 | 22 | 152 | 46 | 106 | 983
-28 | 28 | 6 | 22 | 152 | 46 | 106 | 984
-28 | 28 | 6 | 22 | 152 | 46 | 106 | 985
-28 | 28 | 6 | 22 | 152 | 46 | 106 | 986
-28 | 28 | 6 | 22 | 152 | 46 | 106 | 987
-28 | 28 | 6 | 22 | 152 | 46 | 106 | 988
-28 | 28 | 6 | 22 | 152 | 46 | 106 | 989
-28 | 28 | 6 | 22 | 152 | 46 | 106 | 990
-28 | 28 | 6 | 22 | 152 | 46 | 106 | 991
-28 | 28 | 6 | 22 | 152 | 46 | 106 | 992
-28 | 28 | 6 | 22 | 152 | 46 | 106 | 993
-28 | 28 | 6 | 22 | 152 | 46 | 106 | 994
-28 | 28 | 6 | 22 | 152 | 46 | 106 | 995
-28 | 28 | 6 | 22 | 152 | 46 | 106 | 996
-28 | 28 | 6 | 22 | 152 | 46 | 106 | 997
-28 | 28 | 6 | 22 | 152 | 46 | 106 | 998
-28 | 28 | 6 | 22 | 152 | 46 | 106 | 999
-28 | 28 | 6 | 22 | 152 | 46 | 106 | 1000
