START for Step 0.
19 | 20 | 4 | 15 | 4 | 2 | 22 | 8 | 12 | 5 | 20 | 14 | 9 | 11 | 16 | 21 | 10 | 12 | 23 | 0 | 0 | 17 | 15 | 4 | 21 | 18 | 
5 | 20 | 14 | 9 | 11 | 16 | 21 | 10 | 12 | 23 | 0 | 0 | 17 | 15 | 4 | 21 | 18 | 6 | 10 | 14 | 20 | 22 | 14 | 24 | 6 | 
22 | 23 | 0 | 0 | 17 | 15 | 4 | 21 | 18 | 6 | 10 | 14 | 20 | 22 | 14 | 24 | 6 | 2 | 4 | 18 | 3 | 2 | 12 | 12 | 20 | 
22 | 6 | 10 | 14 | 20 | 22 | 14 | 24 | 6 | 2 | 4 | 18 | 3 | 2 | 12 | 12 | 20 | 7 | 13 | 25 | 14 | 4 | 23 | 2 | 17 | 
10 | 2 | 4 | 18 | 3 | 2 | 12 | 12 | 20 | 7 | 13 | 25 | 14 | 4 | 23 | 2 | 17 | 13 | 17 | 14 | 8 | 24 | 21 | 4 | 3 | 
15 | 7 | 13 | 25 | 14 | 4 | 23 | 2 | 17 | 13 | 17 | 14 | 8 | 24 | 21 | 4 | 3 | 17 | 18 | 14 | 24 | 20 | 21 | 2 | 5 | 
4 | 13 | 17 | 14 | 8 | 24 | 21 | 4 | 3 | 17 | 18 | 14 | 24 | 20 | 21 | 2 | 5 | 15 | 15 | 8 | 4 | 13 | 17 | 7 | 25 | 
24 | 17 | 18 | 14 | 24 | 20 | 21 | 2 | 5 | 15 | 15 | 8 | 4 | 13 | 17 | 7 | 25 | 19 | 7 | 15 | 14 | 4 | 6 | 1 | 9 | 0 | 
END. 
START for Step 10.
19 | 13 | 25 | 12 | 25 | 24 | 17 | 14 | 8 | 20 | 17 | 13 | 18 | 14 | 22 | 2 | 20 | 13 | 2 | 5 | 18 | 
5 | 25 | 24 | 16 | 1 | 15 | 20 | 17 | 13 | 0 | 1 | 24 | 2 | 20 | 13 | 2 | 5 | 18 | 0 | 4 | 16 | 
22 | 4 | 18 | 7 | 2 | 12 | 12 | 20 | 15 | 13 | 25 | 12 | 25 | 24 | 17 | 14 | 8 | 20 | 17 | 13 | 
22 | 6 | 10 | 14 | 20 | 4 | 22 | 14 | 24 | 6 | 2 | 4 | 18 | 3 | 2 | 12 | 12 | 20 | 7 | 13 | 25 | 14 | 23 | 
10 | 2 | 4 | 18 | 3 | 2 | 12 | 12 | 20 | 7 | 13 | 25 | 14 | 23 | 13 | 17 | 14 | 8 | 21 | 17 | 
15 | 7 | 13 | 25 | 14 | 23 | 13 | 17 | 14 | 8 | 21 | 17 | 17 | 18 | 14 | 24 | 2 | 20 | 21 | 2 | 5 | 
4 | 2 | 12 | 12 | 20 | 15 | 6 | 15 | 20 | 25 | 24 | 16 | 1 | 15 | 20 | 17 | 13 | 0 | 1 | 24 | 
24 | 3 | 2 | 12 | 12 | 20 | 21 | 6 | 15 | 14 | 23 | 10 | 16 | 1 | 8 | 21 | 17 | 16 | 0 | 1 | 
END. 
START for Step 20.
19 | 25 | 24 | 16 | 1 | 15 | 17 | 20 | 13 | 0 | 1 | 24 | 2 | 20 | 13 | 2 | 5 | 18 | 0 | 4 | 16 | 
5 | 14 | 23 | 10 | 16 | 1 | 8 | 17 | 21 | 16 | 0 | 1 | 24 | 2 | 20 | 21 | 2 | 5 | 1 | 0 | 4 | 
22 | 4 | 18 | 7 | 2 | 12 | 12 | 20 | 15 | 13 | 25 | 12 | 25 | 24 | 17 | 14 | 8 | 17 | 20 | 13 | 
22 | 6 | 10 | 14 | 20 | 4 | 22 | 14 | 24 | 6 | 2 | 4 | 18 | 3 | 2 | 12 | 12 | 20 | 7 | 13 | 25 | 14 | 23 | 
10 | 2 | 4 | 18 | 3 | 2 | 12 | 12 | 20 | 7 | 13 | 25 | 14 | 23 | 13 | 17 | 14 | 8 | 17 | 21 | 
15 | 7 | 13 | 25 | 14 | 23 | 13 | 17 | 14 | 8 | 17 | 21 | 17 | 18 | 14 | 24 | 2 | 20 | 21 | 2 | 5 | 
4 | 2 | 12 | 12 | 20 | 15 | 6 | 15 | 20 | 25 | 24 | 16 | 1 | 15 | 17 | 20 | 13 | 0 | 1 | 24 | 
24 | 3 | 2 | 12 | 12 | 20 | 21 | 6 | 15 | 14 | 23 | 10 | 16 | 1 | 8 | 17 | 21 | 16 | 0 | 1 | 
END. 
START for Step 30.
19 | 25 | 24 | 16 | 1 | 15 | 17 | 20 | 13 | 0 | 1 | 24 | 2 | 20 | 13 | 2 | 5 | 18 | 0 | 4 | 16 | 
5 | 14 | 23 | 10 | 16 | 1 | 8 | 17 | 21 | 16 | 0 | 1 | 24 | 2 | 20 | 21 | 2 | 5 | 1 | 0 | 4 | 
22 | 4 | 18 | 7 | 2 | 12 | 12 | 20 | 15 | 13 | 25 | 12 | 25 | 24 | 17 | 14 | 8 | 17 | 20 | 13 | 
22 | 6 | 10 | 14 | 20 | 4 | 22 | 14 | 24 | 6 | 2 | 4 | 18 | 3 | 2 | 12 | 12 | 20 | 7 | 13 | 25 | 14 | 23 | 
10 | 2 | 4 | 18 | 3 | 2 | 12 | 12 | 20 | 7 | 13 | 25 | 14 | 23 | 13 | 17 | 14 | 8 | 17 | 21 | 
15 | 7 | 13 | 25 | 14 | 23 | 13 | 17 | 14 | 8 | 17 | 21 | 17 | 18 | 14 | 24 | 2 | 20 | 21 | 2 | 5 | 
4 | 2 | 12 | 12 | 20 | 15 | 6 | 15 | 20 | 25 | 24 | 16 | 1 | 15 | 17 | 20 | 13 | 0 | 1 | 24 | 
24 | 3 | 2 | 12 | 12 | 20 | 21 | 6 | 15 | 14 | 23 | 10 | 16 | 1 | 8 | 17 | 21 | 16 | 0 | 1 | 
END. 
START for Step 40.
19 | 25 | 24 | 16 | 1 | 15 | 17 | 20 | 13 | 0 | 1 | 24 | 2 | 20 | 13 | 2 | 5 | 18 | 0 | 4 | 16 | 
5 | 14 | 23 | 10 | 16 | 1 | 8 | 17 | 21 | 16 | 0 | 1 | 24 | 2 | 20 | 21 | 2 | 5 | 1 | 0 | 4 | 
22 | 4 | 18 | 7 | 2 | 12 | 12 | 20 | 15 | 13 | 25 | 12 | 25 | 24 | 17 | 14 | 8 | 17 | 20 | 13 | 
22 | 6 | 10 | 14 | 20 | 4 | 22 | 14 | 24 | 6 | 2 | 4 | 18 | 3 | 2 | 12 | 12 | 20 | 7 | 13 | 25 | 14 | 23 | 
10 | 2 | 4 | 18 | 3 | 2 | 12 | 12 | 20 | 7 | 13 | 25 | 14 | 23 | 13 | 17 | 14 | 8 | 17 | 21 | 
15 | 7 | 13 | 25 | 14 | 23 | 13 | 17 | 14 | 8 | 17 | 21 | 17 | 18 | 14 | 24 | 2 | 20 | 21 | 2 | 5 | 
4 | 2 | 12 | 12 | 20 | 15 | 6 | 15 | 20 | 25 | 24 | 16 | 1 | 15 | 17 | 20 | 13 | 0 | 1 | 24 | 
24 | 3 | 2 | 12 | 12 | 20 | 21 | 6 | 15 | 14 | 23 | 10 | 16 | 1 | 8 | 17 | 21 | 16 | 0 | 1 | 
END. 
START for Step 50.
19 | 10 | 14 | 25 | 4 | 22 | 7 | 24 | 6 | 19 | 4 | 18 | 7 | 12 | 12 | 15 | 13 | 25 | 12 | 25 | 24 | 
5 | 4 | 22 | 7 | 24 | 6 | 19 | 18 | 24 | 1 | 12 | 12 | 15 | 6 | 15 | 20 | 25 | 24 | 16 | 1 | 15 | 
22 | 4 | 18 | 7 | 12 | 12 | 15 | 13 | 25 | 12 | 25 | 24 | 17 | 14 | 8 | 17 | 20 | 20 | 2 | 13 | 
22 | 6 | 10 | 14 | 20 | 4 | 22 | 14 | 24 | 6 | 2 | 4 | 18 | 3 | 12 | 12 | 7 | 13 | 25 | 14 | 23 | 
10 | 2 | 4 | 18 | 3 | 12 | 12 | 7 | 13 | 25 | 14 | 23 | 13 | 17 | 14 | 8 | 17 | 21 | 20 | 2 | 
15 | 7 | 13 | 25 | 14 | 23 | 13 | 17 | 14 | 8 | 17 | 21 | 20 | 2 | 17 | 18 | 14 | 24 | 2 | 20 | 21 | 2 | 5 | 
4 | 12 | 12 | 15 | 6 | 15 | 20 | 25 | 24 | 16 | 1 | 15 | 17 | 20 | 20 | 2 | 13 | 0 | 1 | 24 | 
24 | 3 | 12 | 12 | 21 | 6 | 15 | 14 | 23 | 10 | 16 | 1 | 8 | 17 | 21 | 20 | 2 | 16 | 0 | 1 | 
END. 
START for Step 60.
19 | 10 | 14 | 25 | 4 | 22 | 7 | 3 | 6 | 19 | 4 | 18 | 7 | 12 | 15 | 13 | 25 | 12 | 25 | 14 | 24 | 
5 | 4 | 22 | 7 | 3 | 6 | 19 | 18 | 24 | 1 | 12 | 15 | 6 | 15 | 20 | 25 | 14 | 24 | 16 | 1 | 15 | 
22 | 4 | 18 | 7 | 12 | 15 | 13 | 25 | 12 | 25 | 14 | 24 | 17 | 14 | 8 | 12 | 17 | 20 | 20 | 2 | 13 | 
22 | 6 | 10 | 14 | 20 | 4 | 22 | 14 | 3 | 6 | 2 | 4 | 18 | 12 | 7 | 13 | 25 | 24 | 23 | 14 | 
10 | 2 | 4 | 18 | 12 | 7 | 13 | 25 | 24 | 23 | 14 | 13 | 17 | 14 | 8 | 12 | 17 | 21 | 20 | 2 | 
15 | 12 | 21 | 6 | 15 | 24 | 23 | 14 | 10 | 16 | 1 | 8 | 12 | 17 | 21 | 20 | 2 | 16 | 0 | 1 | 
4 | 20 | 4 | 22 | 14 | 3 | 6 | 8 | 18 | 24 | 12 | 21 | 6 | 15 | 24 | 23 | 14 | 10 | 16 | 1 | 
24 | 9 | 6 | 10 | 15 | 20 | 4 | 16 | 14 | 3 | 13 | 2 | 4 | 23 | 24 | 12 | 10 | 7 | 13 | 7 | 24 | 12 | 23 | 
END. 
START for Step 70.
19 | 10 | 14 | 25 | 4 | 22 | 7 | 3 | 6 | 19 | 4 | 18 | 7 | 12 | 15 | 13 | 25 | 12 | 25 | 24 | 
5 | 12 | 15 | 6 | 15 | 20 | 25 | 24 | 16 | 1 | 15 | 12 | 17 | 20 | 20 | 2 | 13 | 0 | 1 | 24 | 
22 | 4 | 18 | 7 | 12 | 15 | 13 | 25 | 12 | 25 | 24 | 17 | 14 | 8 | 12 | 17 | 20 | 20 | 2 | 13 | 
22 | 6 | 10 | 14 | 20 | 4 | 22 | 14 | 3 | 6 | 2 | 4 | 18 | 24 | 12 | 7 | 13 | 25 | 14 | 23 | 
10 | 2 | 4 | 18 | 24 | 12 | 7 | 13 | 25 | 14 | 23 | 13 | 17 | 14 | 8 | 12 | 17 | 21 | 20 | 2 | 
15 | 24 | 12 | 21 | 6 | 15 | 14 | 23 | 10 | 16 | 1 | 8 | 12 | 17 | 21 | 20 | 2 | 16 | 0 | 1 | 
4 | 20 | 4 | 22 | 14 | 3 | 6 | 8 | 18 | 24 | 24 | 12 | 21 | 6 | 15 | 14 | 23 | 10 | 16 | 1 | 
24 | 4 | 22 | 7 | 3 | 6 | 19 | 18 | 24 | 1 | 12 | 15 | 6 | 15 | 20 | 25 | 24 | 16 | 1 | 15 | 
END. 
START for Step 80.
19 | 10 | 14 | 25 | 4 | 22 | 7 | 3 | 6 | 19 | 4 | 18 | 7 | 12 | 15 | 13 | 25 | 12 | 25 | 24 | 
5 | 12 | 15 | 6 | 15 | 20 | 25 | 24 | 16 | 1 | 15 | 12 | 17 | 20 | 20 | 2 | 13 | 0 | 1 | 24 | 
22 | 4 | 18 | 7 | 12 | 15 | 13 | 25 | 12 | 25 | 24 | 17 | 14 | 8 | 12 | 17 | 20 | 20 | 2 | 13 | 
22 | 6 | 10 | 14 | 20 | 4 | 22 | 14 | 3 | 6 | 2 | 4 | 18 | 24 | 12 | 7 | 13 | 25 | 14 | 23 | 
10 | 2 | 4 | 18 | 24 | 12 | 7 | 13 | 25 | 14 | 23 | 13 | 17 | 14 | 8 | 12 | 17 | 21 | 20 | 2 | 
15 | 24 | 12 | 21 | 6 | 15 | 14 | 23 | 10 | 16 | 1 | 8 | 12 | 17 | 21 | 20 | 2 | 16 | 0 | 1 | 
4 | 20 | 4 | 22 | 14 | 3 | 6 | 8 | 18 | 24 | 24 | 12 | 21 | 6 | 15 | 14 | 23 | 10 | 16 | 1 | 
24 | 4 | 22 | 7 | 3 | 6 | 19 | 18 | 24 | 1 | 12 | 15 | 6 | 15 | 20 | 25 | 24 | 16 | 1 | 15 | 
END. 
START for Step 90.
19 | 10 | 14 | 25 | 4 | 22 | 7 | 3 | 6 | 19 | 4 | 18 | 7 | 12 | 15 | 13 | 25 | 12 | 25 | 24 | 
5 | 12 | 15 | 6 | 15 | 20 | 25 | 24 | 16 | 1 | 15 | 12 | 17 | 20 | 20 | 2 | 13 | 0 | 1 | 24 | 
22 | 4 | 18 | 7 | 12 | 15 | 13 | 25 | 12 | 25 | 24 | 17 | 14 | 8 | 12 | 17 | 20 | 20 | 2 | 13 | 
22 | 6 | 10 | 14 | 20 | 4 | 22 | 14 | 3 | 6 | 2 | 4 | 18 | 24 | 12 | 7 | 13 | 25 | 14 | 23 | 
10 | 2 | 4 | 18 | 24 | 12 | 7 | 13 | 25 | 14 | 23 | 13 | 17 | 14 | 8 | 12 | 17 | 21 | 20 | 2 | 
15 | 24 | 12 | 21 | 6 | 15 | 14 | 23 | 10 | 16 | 1 | 8 | 12 | 17 | 21 | 20 | 2 | 16 | 0 | 1 | 
4 | 20 | 4 | 22 | 14 | 3 | 6 | 8 | 18 | 24 | 24 | 12 | 21 | 6 | 15 | 14 | 23 | 10 | 16 | 1 | 
24 | 4 | 22 | 7 | 3 | 6 | 19 | 18 | 24 | 1 | 12 | 15 | 6 | 15 | 20 | 25 | 24 | 16 | 1 | 15 | 
END. 
START for Step 100.
19 | 10 | 14 | 25 | 4 | 22 | 7 | 3 | 6 | 19 | 4 | 18 | 7 | 12 | 15 | 13 | 25 | 12 | 25 | 24 | 
5 | 12 | 15 | 6 | 15 | 20 | 25 | 24 | 16 | 1 | 15 | 12 | 17 | 20 | 20 | 2 | 13 | 0 | 1 | 24 | 
22 | 4 | 18 | 7 | 12 | 15 | 13 | 25 | 12 | 25 | 24 | 17 | 14 | 8 | 12 | 17 | 20 | 20 | 2 | 13 | 
22 | 6 | 10 | 14 | 20 | 4 | 22 | 14 | 3 | 6 | 2 | 4 | 18 | 24 | 12 | 7 | 13 | 25 | 14 | 23 | 
10 | 2 | 4 | 18 | 24 | 12 | 7 | 13 | 25 | 14 | 23 | 13 | 17 | 14 | 8 | 12 | 17 | 21 | 20 | 2 | 
15 | 24 | 12 | 21 | 6 | 15 | 14 | 23 | 10 | 16 | 1 | 8 | 12 | 17 | 21 | 20 | 2 | 16 | 0 | 1 | 
4 | 20 | 4 | 22 | 14 | 3 | 6 | 8 | 18 | 24 | 24 | 12 | 21 | 6 | 15 | 14 | 23 | 10 | 16 | 1 | 
24 | 4 | 22 | 7 | 3 | 6 | 19 | 18 | 24 | 1 | 12 | 15 | 6 | 15 | 20 | 25 | 24 | 16 | 1 | 15 | 
END. 
START for Step 110.
19 | 10 | 14 | 25 | 4 | 22 | 7 | 3 | 6 | 19 | 4 | 18 | 7 | 12 | 15 | 13 | 25 | 12 | 25 | 24 | 
5 | 12 | 15 | 6 | 15 | 20 | 25 | 24 | 16 | 1 | 15 | 12 | 17 | 20 | 20 | 2 | 13 | 0 | 1 | 24 | 
22 | 4 | 18 | 7 | 12 | 15 | 13 | 25 | 12 | 25 | 24 | 17 | 14 | 8 | 12 | 17 | 20 | 20 | 2 | 13 | 
22 | 6 | 10 | 14 | 20 | 4 | 22 | 14 | 3 | 6 | 2 | 4 | 18 | 24 | 12 | 7 | 13 | 25 | 14 | 23 | 
10 | 2 | 4 | 18 | 24 | 12 | 7 | 13 | 25 | 14 | 23 | 13 | 17 | 14 | 8 | 12 | 17 | 21 | 20 | 2 | 
15 | 24 | 12 | 21 | 6 | 15 | 14 | 23 | 10 | 16 | 1 | 8 | 12 | 17 | 21 | 20 | 2 | 16 | 0 | 1 | 
4 | 20 | 4 | 22 | 14 | 3 | 6 | 8 | 18 | 24 | 24 | 12 | 21 | 6 | 15 | 14 | 23 | 10 | 16 | 1 | 
24 | 4 | 22 | 7 | 3 | 6 | 19 | 18 | 24 | 1 | 12 | 15 | 6 | 15 | 20 | 25 | 24 | 16 | 1 | 15 | 
END. 
START for Step 120.
19 | 10 | 14 | 25 | 4 | 22 | 7 | 3 | 6 | 19 | 4 | 18 | 7 | 12 | 15 | 13 | 25 | 12 | 25 | 24 | 
5 | 12 | 15 | 6 | 15 | 20 | 25 | 24 | 16 | 1 | 15 | 12 | 17 | 20 | 20 | 2 | 13 | 0 | 1 | 24 | 
22 | 4 | 18 | 7 | 12 | 15 | 13 | 25 | 12 | 25 | 24 | 17 | 14 | 8 | 12 | 17 | 20 | 20 | 2 | 13 | 
22 | 6 | 10 | 14 | 20 | 4 | 22 | 14 | 3 | 6 | 2 | 4 | 18 | 24 | 12 | 7 | 13 | 25 | 14 | 23 | 
10 | 2 | 4 | 18 | 24 | 12 | 7 | 13 | 25 | 14 | 23 | 13 | 17 | 14 | 8 | 12 | 17 | 21 | 20 | 2 | 
15 | 24 | 12 | 21 | 6 | 15 | 14 | 23 | 10 | 16 | 1 | 8 | 12 | 17 | 21 | 20 | 2 | 16 | 0 | 1 | 
4 | 20 | 4 | 22 | 14 | 3 | 6 | 8 | 18 | 24 | 24 | 12 | 21 | 6 | 15 | 14 | 23 | 10 | 16 | 1 | 
24 | 4 | 22 | 7 | 3 | 6 | 19 | 18 | 24 | 1 | 12 | 15 | 6 | 15 | 20 | 25 | 24 | 16 | 1 | 15 | 
END. 
START for Step 130.
19 | 12 | 15 | 6 | 15 | 20 | 25 | 24 | 16 | 1 | 15 | 12 | 17 | 20 | 20 | 2 | 13 | 0 | 1 | 24 | 
5 | 10 | 14 | 25 | 4 | 22 | 7 | 3 | 6 | 19 | 4 | 18 | 7 | 12 | 15 | 13 | 25 | 12 | 25 | 24 | 
22 | 4 | 18 | 7 | 12 | 15 | 13 | 25 | 12 | 25 | 24 | 17 | 14 | 8 | 12 | 17 | 20 | 20 | 2 | 13 | 
22 | 6 | 10 | 14 | 20 | 4 | 22 | 14 | 3 | 6 | 2 | 4 | 18 | 24 | 12 | 7 | 13 | 25 | 14 | 23 | 
10 | 2 | 4 | 18 | 24 | 12 | 7 | 13 | 25 | 14 | 23 | 13 | 17 | 14 | 8 | 12 | 17 | 21 | 20 | 2 | 
15 | 24 | 12 | 21 | 6 | 15 | 14 | 23 | 10 | 16 | 1 | 8 | 12 | 17 | 21 | 20 | 2 | 16 | 0 | 1 | 
4 | 20 | 4 | 22 | 14 | 3 | 6 | 8 | 18 | 24 | 24 | 12 | 21 | 6 | 15 | 14 | 23 | 10 | 16 | 1 | 
24 | 4 | 22 | 7 | 3 | 6 | 19 | 18 | 24 | 1 | 12 | 15 | 6 | 15 | 20 | 25 | 24 | 16 | 1 | 15 | 
END. 
START for Step 140.
19 | 12 | 15 | 6 | 15 | 20 | 25 | 24 | 16 | 1 | 15 | 12 | 17 | 20 | 20 | 2 | 13 | 0 | 1 | 24 | 
5 | 10 | 14 | 25 | 4 | 22 | 7 | 3 | 6 | 19 | 4 | 18 | 7 | 12 | 15 | 13 | 25 | 12 | 25 | 24 | 
22 | 4 | 18 | 7 | 12 | 15 | 13 | 25 | 12 | 25 | 24 | 17 | 14 | 8 | 12 | 17 | 20 | 20 | 2 | 13 | 
22 | 6 | 10 | 14 | 20 | 4 | 22 | 14 | 3 | 6 | 2 | 4 | 18 | 24 | 12 | 7 | 13 | 25 | 14 | 23 | 
10 | 2 | 4 | 18 | 24 | 12 | 7 | 13 | 25 | 14 | 23 | 13 | 17 | 14 | 8 | 12 | 17 | 21 | 20 | 2 | 
15 | 24 | 12 | 21 | 6 | 15 | 14 | 23 | 10 | 16 | 1 | 8 | 12 | 17 | 21 | 20 | 2 | 16 | 0 | 1 | 
4 | 4 | 22 | 7 | 3 | 6 | 19 | 18 | 24 | 1 | 12 | 15 | 6 | 15 | 20 | 25 | 24 | 16 | 1 | 15 | 
24 | 20 | 4 | 22 | 14 | 3 | 6 | 8 | 18 | 24 | 24 | 12 | 21 | 6 | 15 | 14 | 23 | 10 | 16 | 1 | 
END. 
START for Step 150.
19 | 12 | 15 | 6 | 15 | 20 | 25 | 24 | 16 | 1 | 15 | 12 | 17 | 20 | 20 | 2 | 13 | 0 | 1 | 24 | 
5 | 10 | 14 | 25 | 4 | 22 | 7 | 3 | 6 | 19 | 4 | 18 | 7 | 12 | 15 | 13 | 25 | 12 | 25 | 24 | 
22 | 4 | 18 | 7 | 12 | 15 | 13 | 25 | 12 | 25 | 24 | 17 | 14 | 8 | 12 | 17 | 20 | 20 | 2 | 13 | 
22 | 6 | 10 | 14 | 20 | 4 | 22 | 14 | 3 | 6 | 2 | 4 | 18 | 24 | 12 | 7 | 13 | 25 | 14 | 23 | 
10 | 2 | 4 | 18 | 24 | 12 | 7 | 13 | 25 | 14 | 23 | 13 | 17 | 14 | 8 | 12 | 17 | 21 | 20 | 2 | 
15 | 24 | 12 | 21 | 6 | 15 | 14 | 23 | 10 | 16 | 1 | 8 | 12 | 17 | 21 | 20 | 2 | 16 | 0 | 1 | 
4 | 4 | 22 | 7 | 3 | 6 | 19 | 18 | 24 | 1 | 12 | 15 | 6 | 15 | 20 | 25 | 24 | 16 | 1 | 15 | 
24 | 20 | 4 | 22 | 14 | 3 | 6 | 8 | 18 | 24 | 24 | 12 | 21 | 6 | 15 | 14 | 23 | 10 | 16 | 1 | 
END. 
START for Step 160.
19 | 12 | 15 | 6 | 15 | 20 | 25 | 24 | 16 | 1 | 15 | 12 | 17 | 20 | 20 | 2 | 13 | 0 | 1 | 24 | 
5 | 10 | 14 | 25 | 4 | 22 | 7 | 3 | 6 | 19 | 4 | 18 | 7 | 12 | 15 | 13 | 25 | 12 | 25 | 24 | 
22 | 4 | 18 | 7 | 12 | 15 | 13 | 25 | 12 | 25 | 24 | 17 | 14 | 8 | 12 | 17 | 20 | 20 | 2 | 13 | 
22 | 6 | 10 | 14 | 20 | 4 | 22 | 14 | 3 | 6 | 2 | 4 | 18 | 24 | 12 | 7 | 13 | 25 | 14 | 23 | 
10 | 2 | 4 | 18 | 24 | 12 | 7 | 13 | 25 | 14 | 23 | 13 | 17 | 14 | 8 | 12 | 17 | 21 | 20 | 2 | 
15 | 24 | 12 | 21 | 6 | 15 | 14 | 23 | 10 | 16 | 1 | 8 | 12 | 17 | 21 | 20 | 2 | 16 | 0 | 1 | 
4 | 4 | 22 | 7 | 3 | 6 | 19 | 18 | 24 | 1 | 12 | 15 | 6 | 15 | 20 | 25 | 24 | 16 | 1 | 15 | 
24 | 20 | 4 | 22 | 14 | 3 | 6 | 8 | 18 | 24 | 24 | 12 | 21 | 6 | 15 | 14 | 23 | 10 | 16 | 1 | 
END. 
START for Step 170.
19 | 12 | 15 | 6 | 15 | 20 | 25 | 24 | 16 | 1 | 15 | 12 | 17 | 20 | 20 | 2 | 13 | 0 | 1 | 24 | 
5 | 10 | 14 | 25 | 4 | 22 | 7 | 3 | 6 | 19 | 4 | 18 | 7 | 12 | 15 | 13 | 25 | 12 | 25 | 24 | 
22 | 4 | 18 | 7 | 12 | 15 | 13 | 25 | 12 | 25 | 24 | 17 | 14 | 8 | 12 | 17 | 20 | 20 | 2 | 13 | 
22 | 6 | 10 | 14 | 20 | 4 | 22 | 14 | 3 | 6 | 2 | 4 | 18 | 24 | 12 | 7 | 13 | 25 | 14 | 23 | 
10 | 2 | 4 | 18 | 24 | 12 | 7 | 13 | 25 | 14 | 23 | 13 | 17 | 14 | 8 | 12 | 17 | 21 | 20 | 2 | 
15 | 24 | 12 | 21 | 6 | 15 | 14 | 23 | 10 | 16 | 1 | 8 | 12 | 17 | 21 | 20 | 2 | 16 | 0 | 1 | 
4 | 4 | 22 | 7 | 3 | 6 | 19 | 18 | 24 | 1 | 12 | 15 | 6 | 15 | 20 | 25 | 24 | 16 | 1 | 15 | 
24 | 20 | 4 | 22 | 14 | 3 | 6 | 8 | 18 | 24 | 24 | 12 | 21 | 6 | 15 | 14 | 23 | 10 | 16 | 1 | 
END. 
START for Step 180.
19 | 12 | 15 | 6 | 15 | 20 | 25 | 24 | 16 | 1 | 15 | 12 | 17 | 20 | 20 | 2 | 13 | 0 | 1 | 24 | 
5 | 10 | 14 | 25 | 4 | 22 | 7 | 3 | 6 | 19 | 4 | 18 | 7 | 12 | 15 | 13 | 25 | 12 | 25 | 24 | 
22 | 4 | 18 | 7 | 12 | 15 | 13 | 25 | 12 | 25 | 24 | 17 | 14 | 8 | 12 | 17 | 20 | 20 | 2 | 13 | 
22 | 6 | 10 | 14 | 20 | 4 | 22 | 14 | 3 | 6 | 2 | 4 | 18 | 24 | 12 | 7 | 13 | 25 | 14 | 23 | 
10 | 2 | 4 | 18 | 24 | 12 | 7 | 13 | 25 | 14 | 23 | 13 | 17 | 14 | 8 | 12 | 17 | 21 | 20 | 2 | 
15 | 24 | 12 | 21 | 6 | 15 | 14 | 23 | 10 | 16 | 1 | 8 | 12 | 17 | 21 | 20 | 2 | 16 | 0 | 1 | 
4 | 4 | 22 | 7 | 3 | 6 | 19 | 18 | 24 | 1 | 12 | 15 | 6 | 15 | 20 | 25 | 24 | 16 | 1 | 15 | 
24 | 20 | 4 | 22 | 14 | 3 | 6 | 8 | 18 | 24 | 24 | 12 | 21 | 6 | 15 | 14 | 23 | 10 | 16 | 1 | 
END. 
START for Step 190.
19 | 12 | 15 | 6 | 15 | 20 | 25 | 24 | 16 | 1 | 15 | 12 | 17 | 20 | 20 | 2 | 13 | 0 | 1 | 24 | 
5 | 10 | 14 | 25 | 4 | 22 | 7 | 3 | 6 | 19 | 4 | 18 | 7 | 12 | 15 | 13 | 25 | 12 | 25 | 24 | 
22 | 4 | 18 | 7 | 12 | 15 | 13 | 25 | 12 | 25 | 24 | 17 | 14 | 8 | 12 | 17 | 20 | 20 | 2 | 13 | 
22 | 6 | 10 | 14 | 20 | 4 | 22 | 14 | 3 | 6 | 2 | 4 | 18 | 24 | 12 | 7 | 13 | 25 | 14 | 23 | 
10 | 2 | 4 | 18 | 24 | 12 | 7 | 13 | 25 | 14 | 23 | 13 | 17 | 14 | 8 | 12 | 17 | 21 | 20 | 2 | 
15 | 24 | 12 | 21 | 6 | 15 | 14 | 23 | 10 | 16 | 1 | 8 | 12 | 17 | 21 | 20 | 2 | 16 | 0 | 1 | 
4 | 4 | 22 | 7 | 3 | 6 | 19 | 18 | 24 | 1 | 12 | 15 | 6 | 15 | 20 | 25 | 24 | 16 | 1 | 15 | 
24 | 20 | 4 | 22 | 14 | 3 | 6 | 8 | 18 | 24 | 24 | 12 | 21 | 6 | 15 | 14 | 23 | 10 | 16 | 1 | 
END. 
START for Step 200.
19 | 10 | 14 | 25 | 4 | 22 | 7 | 3 | 6 | 19 | 4 | 18 | 7 | 12 | 15 | 13 | 25 | 12 | 25 | 24 | 
5 | 12 | 15 | 6 | 15 | 20 | 25 | 24 | 16 | 1 | 15 | 12 | 17 | 20 | 20 | 2 | 13 | 0 | 1 | 24 | 
22 | 4 | 18 | 7 | 12 | 15 | 13 | 25 | 12 | 25 | 24 | 17 | 14 | 8 | 12 | 17 | 20 | 20 | 2 | 13 | 
22 | 6 | 10 | 14 | 20 | 4 | 22 | 14 | 3 | 6 | 2 | 4 | 18 | 24 | 12 | 7 | 13 | 25 | 14 | 23 | 
10 | 2 | 4 | 18 | 24 | 12 | 7 | 13 | 25 | 14 | 23 | 13 | 17 | 14 | 8 | 12 | 17 | 21 | 20 | 2 | 
15 | 24 | 12 | 21 | 6 | 15 | 14 | 23 | 10 | 16 | 1 | 8 | 12 | 17 | 21 | 20 | 2 | 16 | 0 | 1 | 
4 | 4 | 22 | 7 | 3 | 6 | 19 | 18 | 24 | 1 | 12 | 15 | 6 | 15 | 20 | 25 | 24 | 16 | 1 | 15 | 
24 | 20 | 4 | 22 | 14 | 3 | 6 | 8 | 18 | 24 | 24 | 12 | 21 | 6 | 15 | 14 | 23 | 10 | 16 | 1 | 
END. 
START for Step 210.
19 | 10 | 14 | 25 | 4 | 22 | 7 | 3 | 6 | 19 | 4 | 18 | 7 | 12 | 15 | 13 | 25 | 12 | 25 | 24 | 
5 | 12 | 15 | 6 | 15 | 20 | 25 | 24 | 16 | 1 | 15 | 12 | 17 | 20 | 20 | 2 | 13 | 0 | 1 | 24 | 
22 | 4 | 18 | 7 | 12 | 15 | 13 | 25 | 12 | 25 | 24 | 17 | 14 | 8 | 12 | 17 | 20 | 20 | 2 | 13 | 
22 | 6 | 10 | 14 | 20 | 4 | 22 | 14 | 3 | 6 | 2 | 4 | 18 | 24 | 12 | 7 | 13 | 25 | 14 | 23 | 
10 | 2 | 4 | 18 | 24 | 12 | 7 | 13 | 25 | 14 | 23 | 13 | 17 | 14 | 8 | 12 | 17 | 21 | 20 | 2 | 
15 | 24 | 12 | 21 | 6 | 15 | 14 | 23 | 10 | 16 | 1 | 8 | 12 | 17 | 21 | 20 | 2 | 16 | 0 | 1 | 
4 | 20 | 4 | 22 | 14 | 3 | 6 | 8 | 18 | 24 | 24 | 12 | 21 | 6 | 15 | 14 | 23 | 10 | 16 | 1 | 
24 | 4 | 22 | 7 | 3 | 6 | 19 | 18 | 24 | 1 | 12 | 15 | 6 | 15 | 20 | 25 | 24 | 16 | 1 | 15 | 
END. 
START for Step 220.
19 | 10 | 14 | 25 | 4 | 22 | 7 | 3 | 6 | 19 | 4 | 18 | 7 | 12 | 15 | 13 | 25 | 12 | 25 | 24 | 
5 | 12 | 15 | 6 | 15 | 20 | 25 | 24 | 16 | 1 | 15 | 12 | 17 | 20 | 20 | 2 | 13 | 0 | 1 | 24 | 
22 | 4 | 18 | 7 | 12 | 15 | 13 | 25 | 12 | 25 | 24 | 17 | 14 | 8 | 12 | 17 | 20 | 20 | 2 | 13 | 
22 | 6 | 10 | 14 | 20 | 4 | 22 | 14 | 3 | 6 | 2 | 4 | 18 | 24 | 12 | 7 | 13 | 25 | 14 | 23 | 
10 | 2 | 4 | 18 | 24 | 12 | 7 | 13 | 25 | 14 | 23 | 13 | 17 | 14 | 8 | 12 | 17 | 21 | 20 | 2 | 
15 | 24 | 12 | 21 | 6 | 15 | 14 | 23 | 10 | 16 | 1 | 8 | 12 | 17 | 21 | 20 | 2 | 16 | 0 | 1 | 
4 | 20 | 4 | 22 | 14 | 3 | 6 | 8 | 18 | 24 | 24 | 12 | 21 | 6 | 15 | 14 | 23 | 10 | 16 | 1 | 
24 | 4 | 22 | 7 | 3 | 6 | 19 | 18 | 24 | 1 | 12 | 15 | 6 | 15 | 20 | 25 | 24 | 16 | 1 | 15 | 
END. 
START for Step 230.
19 | 10 | 14 | 25 | 4 | 22 | 7 | 3 | 6 | 19 | 4 | 18 | 7 | 12 | 15 | 13 | 25 | 12 | 25 | 24 | 
5 | 12 | 15 | 6 | 15 | 20 | 25 | 24 | 16 | 1 | 15 | 12 | 17 | 20 | 20 | 2 | 13 | 0 | 1 | 24 | 
22 | 4 | 18 | 7 | 12 | 15 | 13 | 25 | 12 | 25 | 24 | 17 | 14 | 8 | 12 | 17 | 20 | 20 | 2 | 13 | 
22 | 6 | 10 | 14 | 20 | 4 | 22 | 14 | 3 | 6 | 2 | 4 | 18 | 24 | 12 | 7 | 13 | 25 | 14 | 23 | 
10 | 2 | 4 | 18 | 24 | 12 | 7 | 13 | 25 | 14 | 23 | 13 | 17 | 14 | 8 | 12 | 17 | 21 | 20 | 2 | 
15 | 24 | 12 | 21 | 6 | 15 | 14 | 23 | 10 | 16 | 1 | 8 | 12 | 17 | 21 | 20 | 2 | 16 | 0 | 1 | 
4 | 20 | 4 | 22 | 14 | 3 | 6 | 8 | 18 | 24 | 24 | 12 | 21 | 6 | 15 | 14 | 23 | 10 | 16 | 1 | 
24 | 4 | 22 | 7 | 3 | 6 | 19 | 18 | 24 | 1 | 12 | 15 | 6 | 15 | 20 | 25 | 24 | 16 | 1 | 15 | 
END. 
START for Step 240.
19 | 10 | 14 | 25 | 4 | 22 | 7 | 3 | 6 | 19 | 4 | 18 | 7 | 12 | 15 | 13 | 25 | 12 | 25 | 24 | 
5 | 12 | 15 | 6 | 15 | 20 | 25 | 24 | 16 | 1 | 15 | 12 | 17 | 20 | 20 | 2 | 13 | 0 | 1 | 24 | 
22 | 4 | 18 | 7 | 12 | 15 | 13 | 25 | 12 | 25 | 24 | 17 | 14 | 8 | 12 | 17 | 20 | 20 | 2 | 13 | 
22 | 6 | 10 | 14 | 20 | 4 | 22 | 14 | 3 | 6 | 2 | 4 | 18 | 24 | 12 | 7 | 13 | 25 | 14 | 23 | 
10 | 2 | 4 | 18 | 24 | 12 | 7 | 13 | 25 | 14 | 23 | 13 | 17 | 14 | 8 | 12 | 17 | 21 | 20 | 2 | 
15 | 24 | 12 | 21 | 6 | 15 | 14 | 23 | 10 | 16 | 1 | 8 | 12 | 17 | 21 | 20 | 2 | 16 | 0 | 1 | 
4 | 20 | 4 | 22 | 14 | 3 | 6 | 8 | 18 | 24 | 24 | 12 | 21 | 6 | 15 | 14 | 23 | 10 | 16 | 1 | 
24 | 4 | 22 | 7 | 3 | 6 | 19 | 18 | 24 | 1 | 12 | 15 | 6 | 15 | 20 | 25 | 24 | 16 | 1 | 15 | 
END. 
START for Step 250.
19 | 10 | 14 | 25 | 4 | 22 | 7 | 3 | 6 | 19 | 4 | 18 | 7 | 12 | 15 | 13 | 25 | 12 | 25 | 24 | 
5 | 12 | 15 | 6 | 15 | 20 | 25 | 24 | 16 | 1 | 15 | 12 | 17 | 20 | 20 | 2 | 13 | 0 | 1 | 24 | 
22 | 4 | 18 | 7 | 12 | 15 | 13 | 25 | 12 | 25 | 24 | 17 | 14 | 8 | 12 | 17 | 20 | 20 | 2 | 13 | 
22 | 6 | 10 | 14 | 20 | 4 | 22 | 14 | 3 | 6 | 2 | 4 | 18 | 24 | 12 | 7 | 13 | 25 | 14 | 23 | 
10 | 2 | 4 | 18 | 24 | 12 | 7 | 13 | 25 | 14 | 23 | 13 | 17 | 14 | 8 | 12 | 17 | 21 | 20 | 2 | 
15 | 24 | 12 | 21 | 6 | 15 | 14 | 23 | 10 | 16 | 1 | 8 | 12 | 17 | 21 | 20 | 2 | 16 | 0 | 1 | 
4 | 20 | 4 | 22 | 14 | 3 | 6 | 8 | 18 | 24 | 24 | 12 | 21 | 6 | 15 | 14 | 23 | 10 | 16 | 1 | 
24 | 4 | 22 | 7 | 3 | 6 | 19 | 18 | 24 | 1 | 12 | 15 | 6 | 15 | 20 | 25 | 24 | 16 | 1 | 15 | 
END. 
START for Step 260.
19 | 10 | 14 | 25 | 4 | 22 | 7 | 3 | 6 | 19 | 4 | 18 | 7 | 12 | 15 | 13 | 25 | 12 | 25 | 24 | 
5 | 12 | 15 | 6 | 15 | 20 | 25 | 24 | 16 | 1 | 15 | 12 | 17 | 20 | 20 | 2 | 13 | 0 | 1 | 24 | 
22 | 4 | 18 | 7 | 12 | 15 | 13 | 25 | 12 | 25 | 24 | 17 | 14 | 8 | 12 | 17 | 20 | 20 | 2 | 13 | 
22 | 6 | 10 | 14 | 20 | 4 | 22 | 14 | 3 | 6 | 2 | 4 | 18 | 24 | 12 | 7 | 13 | 25 | 14 | 23 | 
10 | 2 | 4 | 18 | 24 | 12 | 7 | 13 | 25 | 14 | 23 | 13 | 17 | 14 | 8 | 12 | 17 | 21 | 20 | 2 | 
15 | 24 | 12 | 21 | 6 | 15 | 14 | 23 | 10 | 16 | 1 | 8 | 12 | 17 | 21 | 20 | 2 | 16 | 0 | 1 | 
4 | 4 | 22 | 7 | 3 | 6 | 19 | 18 | 24 | 1 | 12 | 15 | 6 | 15 | 20 | 25 | 24 | 16 | 1 | 15 | 
24 | 20 | 4 | 22 | 14 | 3 | 6 | 8 | 18 | 24 | 24 | 12 | 21 | 6 | 15 | 14 | 23 | 10 | 16 | 1 | 
END. 
START for Step 270.
19 | 10 | 14 | 25 | 4 | 22 | 7 | 3 | 6 | 19 | 4 | 18 | 7 | 12 | 15 | 13 | 25 | 12 | 25 | 24 | 
5 | 12 | 15 | 6 | 15 | 20 | 25 | 24 | 16 | 1 | 15 | 12 | 17 | 20 | 20 | 2 | 13 | 0 | 1 | 24 | 
22 | 4 | 18 | 7 | 12 | 15 | 13 | 25 | 12 | 25 | 24 | 17 | 14 | 8 | 12 | 17 | 20 | 20 | 2 | 13 | 
22 | 6 | 10 | 14 | 20 | 4 | 22 | 14 | 3 | 6 | 2 | 4 | 18 | 24 | 12 | 7 | 13 | 25 | 14 | 23 | 
10 | 2 | 4 | 18 | 24 | 12 | 7 | 13 | 25 | 14 | 23 | 13 | 17 | 14 | 8 | 12 | 17 | 21 | 20 | 2 | 
15 | 24 | 12 | 21 | 6 | 15 | 14 | 23 | 10 | 16 | 1 | 8 | 12 | 17 | 21 | 20 | 2 | 16 | 0 | 1 | 
4 | 4 | 22 | 7 | 3 | 6 | 19 | 18 | 24 | 1 | 12 | 15 | 6 | 15 | 20 | 25 | 24 | 16 | 1 | 15 | 
24 | 20 | 4 | 22 | 14 | 3 | 6 | 8 | 18 | 24 | 24 | 12 | 21 | 6 | 15 | 14 | 23 | 10 | 16 | 1 | 
END. 
START for Step 280.
19 | 10 | 14 | 25 | 4 | 22 | 7 | 3 | 6 | 19 | 4 | 18 | 7 | 12 | 15 | 13 | 25 | 12 | 25 | 24 | 
5 | 12 | 15 | 6 | 15 | 20 | 25 | 24 | 16 | 1 | 15 | 12 | 17 | 20 | 20 | 2 | 13 | 0 | 1 | 24 | 
22 | 4 | 18 | 7 | 12 | 15 | 13 | 25 | 12 | 25 | 24 | 17 | 14 | 8 | 12 | 17 | 20 | 20 | 2 | 13 | 
22 | 6 | 10 | 14 | 20 | 4 | 22 | 14 | 3 | 6 | 2 | 4 | 18 | 24 | 12 | 7 | 13 | 25 | 14 | 23 | 
10 | 2 | 4 | 18 | 24 | 12 | 7 | 13 | 25 | 14 | 23 | 13 | 17 | 14 | 8 | 12 | 17 | 21 | 20 | 2 | 
15 | 24 | 12 | 21 | 6 | 15 | 14 | 23 | 10 | 16 | 1 | 8 | 12 | 17 | 21 | 20 | 2 | 16 | 0 | 1 | 
4 | 4 | 22 | 7 | 3 | 6 | 19 | 18 | 24 | 1 | 12 | 15 | 6 | 15 | 20 | 25 | 24 | 16 | 1 | 15 | 
24 | 20 | 4 | 22 | 14 | 3 | 6 | 8 | 18 | 24 | 24 | 12 | 21 | 6 | 15 | 14 | 23 | 10 | 16 | 1 | 
END. 
START for Step 290.
19 | 10 | 14 | 25 | 4 | 22 | 7 | 3 | 6 | 19 | 4 | 18 | 7 | 12 | 15 | 13 | 25 | 12 | 25 | 24 | 
5 | 12 | 15 | 6 | 15 | 20 | 25 | 24 | 16 | 1 | 15 | 12 | 17 | 20 | 20 | 2 | 13 | 0 | 1 | 24 | 
22 | 4 | 18 | 7 | 12 | 15 | 13 | 25 | 12 | 25 | 24 | 17 | 14 | 8 | 12 | 17 | 20 | 20 | 2 | 13 | 
22 | 6 | 10 | 14 | 20 | 4 | 22 | 14 | 3 | 6 | 2 | 4 | 18 | 24 | 12 | 7 | 13 | 25 | 14 | 23 | 
10 | 2 | 4 | 18 | 24 | 12 | 7 | 13 | 25 | 14 | 23 | 13 | 17 | 14 | 8 | 12 | 17 | 21 | 20 | 2 | 
15 | 24 | 12 | 21 | 6 | 15 | 14 | 23 | 10 | 16 | 1 | 8 | 12 | 17 | 21 | 20 | 2 | 16 | 0 | 1 | 
4 | 4 | 22 | 7 | 3 | 6 | 19 | 18 | 24 | 1 | 12 | 15 | 6 | 15 | 20 | 25 | 24 | 16 | 1 | 15 | 
24 | 20 | 4 | 22 | 14 | 3 | 6 | 8 | 18 | 24 | 24 | 12 | 21 | 6 | 15 | 14 | 23 | 10 | 16 | 1 | 
END. 
START for Step 300.
19 | 10 | 14 | 25 | 4 | 22 | 7 | 3 | 6 | 19 | 4 | 18 | 7 | 12 | 15 | 13 | 25 | 12 | 25 | 24 | 
5 | 12 | 15 | 6 | 15 | 20 | 25 | 24 | 16 | 1 | 15 | 12 | 17 | 20 | 20 | 2 | 13 | 0 | 1 | 24 | 
22 | 4 | 18 | 7 | 12 | 15 | 13 | 25 | 12 | 25 | 24 | 17 | 14 | 8 | 12 | 17 | 20 | 20 | 2 | 13 | 
22 | 6 | 10 | 14 | 20 | 4 | 22 | 14 | 3 | 6 | 2 | 4 | 18 | 24 | 12 | 7 | 13 | 25 | 14 | 23 | 
10 | 2 | 4 | 18 | 24 | 12 | 7 | 13 | 25 | 14 | 23 | 13 | 17 | 14 | 8 | 12 | 17 | 21 | 20 | 2 | 
15 | 24 | 12 | 21 | 6 | 15 | 14 | 23 | 10 | 16 | 1 | 8 | 12 | 17 | 21 | 20 | 2 | 16 | 0 | 1 | 
4 | 4 | 22 | 7 | 3 | 6 | 19 | 18 | 24 | 1 | 12 | 15 | 6 | 15 | 20 | 25 | 24 | 16 | 1 | 15 | 
24 | 20 | 4 | 22 | 14 | 3 | 6 | 8 | 18 | 24 | 24 | 12 | 21 | 6 | 15 | 14 | 23 | 10 | 16 | 1 | 
END. 
START for Step 310.
19 | 10 | 14 | 25 | 4 | 22 | 7 | 3 | 6 | 19 | 4 | 18 | 7 | 12 | 15 | 13 | 25 | 12 | 25 | 24 | 
5 | 12 | 15 | 6 | 15 | 20 | 25 | 24 | 16 | 1 | 15 | 12 | 17 | 20 | 20 | 2 | 13 | 0 | 1 | 24 | 
22 | 4 | 18 | 7 | 12 | 15 | 13 | 25 | 12 | 25 | 24 | 17 | 14 | 8 | 12 | 17 | 20 | 20 | 2 | 13 | 
22 | 6 | 10 | 14 | 20 | 4 | 22 | 14 | 3 | 6 | 2 | 4 | 18 | 24 | 12 | 7 | 13 | 25 | 14 | 23 | 
10 | 2 | 4 | 18 | 24 | 12 | 7 | 13 | 25 | 14 | 23 | 13 | 17 | 14 | 8 | 12 | 17 | 21 | 20 | 2 | 
15 | 24 | 12 | 21 | 6 | 15 | 14 | 23 | 10 | 16 | 1 | 8 | 12 | 17 | 21 | 20 | 2 | 16 | 0 | 1 | 
4 | 4 | 22 | 7 | 3 | 6 | 19 | 18 | 24 | 1 | 12 | 15 | 6 | 15 | 20 | 25 | 24 | 16 | 1 | 15 | 
24 | 20 | 4 | 22 | 14 | 3 | 6 | 8 | 18 | 24 | 24 | 12 | 21 | 6 | 15 | 14 | 23 | 10 | 16 | 1 | 
END. 
START for Step 320.
19 | 10 | 14 | 25 | 4 | 22 | 7 | 3 | 6 | 19 | 4 | 18 | 7 | 12 | 15 | 13 | 25 | 12 | 25 | 24 | 
5 | 12 | 15 | 6 | 15 | 20 | 25 | 24 | 16 | 1 | 15 | 12 | 17 | 20 | 20 | 2 | 13 | 0 | 1 | 24 | 
22 | 4 | 18 | 7 | 12 | 15 | 13 | 25 | 12 | 25 | 24 | 17 | 14 | 8 | 12 | 17 | 20 | 20 | 2 | 13 | 
22 | 6 | 10 | 14 | 20 | 4 | 22 | 14 | 3 | 6 | 2 | 4 | 18 | 24 | 12 | 7 | 13 | 25 | 14 | 23 | 
10 | 2 | 4 | 18 | 24 | 12 | 7 | 13 | 25 | 14 | 23 | 13 | 17 | 14 | 8 | 12 | 17 | 21 | 20 | 2 | 
15 | 24 | 12 | 21 | 6 | 15 | 14 | 23 | 10 | 16 | 1 | 8 | 12 | 17 | 21 | 20 | 2 | 16 | 0 | 1 | 
4 | 20 | 4 | 22 | 14 | 3 | 6 | 8 | 18 | 24 | 24 | 12 | 21 | 6 | 15 | 14 | 23 | 10 | 16 | 1 | 
24 | 4 | 22 | 7 | 3 | 6 | 19 | 18 | 24 | 1 | 12 | 15 | 6 | 15 | 20 | 25 | 24 | 16 | 1 | 15 | 
END. 
START for Step 330.
19 | 10 | 14 | 25 | 4 | 22 | 7 | 3 | 6 | 19 | 4 | 18 | 7 | 12 | 15 | 13 | 25 | 12 | 25 | 24 | 
5 | 12 | 15 | 6 | 15 | 20 | 25 | 24 | 16 | 1 | 15 | 12 | 17 | 20 | 20 | 2 | 13 | 0 | 1 | 24 | 
22 | 4 | 18 | 7 | 12 | 15 | 13 | 25 | 12 | 25 | 24 | 17 | 14 | 8 | 12 | 17 | 20 | 20 | 2 | 13 | 
22 | 6 | 10 | 14 | 20 | 4 | 22 | 14 | 3 | 6 | 2 | 4 | 18 | 24 | 12 | 7 | 13 | 25 | 14 | 23 | 
10 | 2 | 4 | 18 | 24 | 12 | 7 | 13 | 25 | 14 | 23 | 13 | 17 | 14 | 8 | 12 | 17 | 21 | 20 | 2 | 
15 | 24 | 12 | 21 | 6 | 15 | 14 | 23 | 10 | 16 | 1 | 8 | 12 | 17 | 21 | 20 | 2 | 16 | 0 | 1 | 
4 | 20 | 4 | 22 | 14 | 3 | 6 | 8 | 18 | 24 | 24 | 12 | 21 | 6 | 15 | 14 | 23 | 10 | 16 | 1 | 
24 | 4 | 22 | 7 | 3 | 6 | 19 | 18 | 24 | 1 | 12 | 15 | 6 | 15 | 20 | 25 | 24 | 16 | 1 | 15 | 
END. 
START for Step 340.
19 | 10 | 14 | 25 | 4 | 22 | 7 | 3 | 6 | 19 | 4 | 18 | 7 | 12 | 15 | 13 | 25 | 12 | 25 | 24 | 
5 | 12 | 15 | 6 | 15 | 20 | 25 | 24 | 16 | 1 | 15 | 12 | 17 | 20 | 20 | 2 | 13 | 0 | 1 | 24 | 
22 | 4 | 18 | 7 | 12 | 15 | 13 | 25 | 12 | 25 | 24 | 17 | 14 | 8 | 12 | 17 | 20 | 20 | 2 | 13 | 
22 | 6 | 10 | 14 | 20 | 4 | 22 | 14 | 3 | 6 | 2 | 4 | 18 | 24 | 12 | 7 | 13 | 25 | 14 | 23 | 
10 | 2 | 4 | 18 | 24 | 12 | 7 | 13 | 25 | 14 | 23 | 13 | 17 | 14 | 8 | 12 | 17 | 21 | 20 | 2 | 
15 | 24 | 12 | 21 | 6 | 15 | 14 | 23 | 10 | 16 | 1 | 8 | 12 | 17 | 21 | 20 | 2 | 16 | 0 | 1 | 
4 | 20 | 4 | 22 | 14 | 3 | 6 | 8 | 18 | 24 | 24 | 12 | 21 | 6 | 15 | 14 | 23 | 10 | 16 | 1 | 
24 | 4 | 22 | 7 | 3 | 6 | 19 | 18 | 24 | 1 | 12 | 15 | 6 | 15 | 20 | 25 | 24 | 16 | 1 | 15 | 
END. 
START for Step 350.
19 | 10 | 14 | 25 | 4 | 22 | 7 | 3 | 6 | 19 | 4 | 18 | 7 | 12 | 15 | 13 | 25 | 12 | 25 | 24 | 
5 | 12 | 15 | 6 | 15 | 20 | 25 | 24 | 16 | 1 | 15 | 12 | 17 | 20 | 20 | 2 | 13 | 0 | 1 | 24 | 
22 | 4 | 18 | 7 | 12 | 15 | 13 | 25 | 12 | 25 | 24 | 17 | 14 | 8 | 12 | 17 | 20 | 20 | 2 | 13 | 
22 | 6 | 10 | 14 | 20 | 4 | 22 | 14 | 3 | 6 | 2 | 4 | 18 | 24 | 12 | 7 | 13 | 25 | 14 | 23 | 
10 | 2 | 4 | 18 | 24 | 12 | 7 | 13 | 25 | 14 | 23 | 13 | 17 | 14 | 8 | 12 | 17 | 21 | 20 | 2 | 
15 | 24 | 12 | 21 | 6 | 15 | 14 | 23 | 10 | 16 | 1 | 8 | 12 | 17 | 21 | 20 | 2 | 16 | 0 | 1 | 
4 | 20 | 4 | 22 | 14 | 3 | 6 | 8 | 18 | 24 | 24 | 12 | 21 | 6 | 15 | 14 | 23 | 10 | 16 | 1 | 
24 | 4 | 22 | 7 | 3 | 6 | 19 | 18 | 24 | 1 | 12 | 15 | 6 | 15 | 20 | 25 | 24 | 16 | 1 | 15 | 
END. 
START for Step 360.
19 | 12 | 15 | 6 | 15 | 20 | 25 | 24 | 16 | 1 | 15 | 12 | 17 | 20 | 20 | 2 | 13 | 0 | 1 | 24 | 
5 | 10 | 14 | 25 | 4 | 22 | 7 | 3 | 6 | 19 | 4 | 18 | 7 | 12 | 15 | 13 | 25 | 12 | 25 | 24 | 
22 | 4 | 18 | 7 | 12 | 15 | 13 | 25 | 12 | 25 | 24 | 17 | 14 | 8 | 12 | 17 | 20 | 20 | 2 | 13 | 
22 | 6 | 10 | 14 | 20 | 4 | 22 | 14 | 3 | 6 | 2 | 4 | 18 | 24 | 12 | 7 | 13 | 25 | 14 | 23 | 
10 | 2 | 4 | 18 | 24 | 12 | 7 | 13 | 25 | 14 | 23 | 13 | 17 | 14 | 8 | 12 | 17 | 21 | 20 | 2 | 
15 | 24 | 12 | 21 | 6 | 15 | 14 | 23 | 10 | 16 | 1 | 8 | 12 | 17 | 21 | 20 | 2 | 16 | 0 | 1 | 
4 | 20 | 4 | 22 | 14 | 3 | 6 | 8 | 18 | 24 | 24 | 12 | 21 | 6 | 15 | 14 | 23 | 10 | 16 | 1 | 
24 | 4 | 22 | 7 | 3 | 6 | 19 | 18 | 24 | 1 | 12 | 15 | 6 | 15 | 20 | 25 | 24 | 16 | 1 | 15 | 
END. 
START for Step 370.
19 | 12 | 15 | 6 | 15 | 20 | 25 | 24 | 16 | 1 | 15 | 12 | 17 | 20 | 20 | 2 | 13 | 0 | 1 | 24 | 
5 | 10 | 14 | 25 | 4 | 22 | 7 | 3 | 6 | 19 | 4 | 18 | 7 | 12 | 15 | 13 | 25 | 12 | 25 | 24 | 
22 | 4 | 18 | 7 | 12 | 15 | 13 | 25 | 12 | 25 | 24 | 17 | 14 | 8 | 12 | 17 | 20 | 20 | 2 | 13 | 
22 | 6 | 10 | 14 | 20 | 4 | 22 | 14 | 3 | 6 | 2 | 4 | 18 | 24 | 12 | 7 | 13 | 25 | 14 | 23 | 
10 | 2 | 4 | 18 | 24 | 12 | 7 | 13 | 25 | 14 | 23 | 13 | 17 | 14 | 8 | 12 | 17 | 21 | 20 | 2 | 
15 | 24 | 12 | 21 | 6 | 15 | 14 | 23 | 10 | 16 | 1 | 8 | 12 | 17 | 21 | 20 | 2 | 16 | 0 | 1 | 
4 | 20 | 4 | 22 | 14 | 3 | 6 | 8 | 18 | 24 | 24 | 12 | 21 | 6 | 15 | 14 | 23 | 10 | 16 | 1 | 
24 | 4 | 22 | 7 | 3 | 6 | 19 | 18 | 24 | 1 | 12 | 15 | 6 | 15 | 20 | 25 | 24 | 16 | 1 | 15 | 
END. 
START for Step 380.
19 | 12 | 15 | 6 | 15 | 20 | 25 | 24 | 16 | 1 | 15 | 12 | 17 | 20 | 20 | 2 | 13 | 0 | 1 | 24 | 
5 | 10 | 14 | 25 | 4 | 22 | 7 | 3 | 6 | 19 | 4 | 18 | 7 | 12 | 15 | 13 | 25 | 12 | 25 | 24 | 
22 | 4 | 18 | 7 | 12 | 15 | 13 | 25 | 12 | 25 | 24 | 17 | 14 | 8 | 12 | 17 | 20 | 20 | 2 | 13 | 
22 | 6 | 10 | 14 | 20 | 4 | 22 | 14 | 3 | 6 | 2 | 4 | 18 | 24 | 12 | 7 | 13 | 25 | 14 | 23 | 
10 | 2 | 4 | 18 | 24 | 12 | 7 | 13 | 25 | 14 | 23 | 13 | 17 | 14 | 8 | 12 | 17 | 21 | 20 | 2 | 
15 | 4 | 22 | 7 | 3 | 6 | 19 | 18 | 24 | 1 | 12 | 15 | 6 | 15 | 20 | 25 | 24 | 16 | 1 | 15 | 
4 | 24 | 12 | 21 | 6 | 15 | 14 | 23 | 10 | 16 | 1 | 8 | 12 | 17 | 21 | 20 | 2 | 16 | 0 | 1 | 
24 | 20 | 4 | 22 | 14 | 3 | 6 | 8 | 18 | 24 | 24 | 12 | 21 | 6 | 15 | 14 | 23 | 10 | 16 | 1 | 
END. 
START for Step 390.
19 | 12 | 15 | 6 | 15 | 20 | 25 | 24 | 16 | 1 | 15 | 12 | 17 | 20 | 20 | 2 | 13 | 0 | 1 | 24 | 
5 | 10 | 14 | 25 | 4 | 22 | 7 | 3 | 6 | 19 | 4 | 18 | 7 | 12 | 15 | 13 | 25 | 12 | 25 | 24 | 
22 | 4 | 18 | 7 | 12 | 15 | 13 | 25 | 12 | 25 | 24 | 17 | 14 | 8 | 12 | 17 | 20 | 20 | 2 | 13 | 
22 | 6 | 10 | 14 | 20 | 4 | 22 | 14 | 3 | 6 | 2 | 4 | 18 | 24 | 12 | 7 | 13 | 25 | 14 | 23 | 
10 | 2 | 4 | 18 | 24 | 12 | 7 | 13 | 25 | 14 | 23 | 13 | 17 | 14 | 8 | 12 | 17 | 21 | 20 | 2 | 
15 | 4 | 22 | 7 | 3 | 6 | 19 | 18 | 24 | 1 | 12 | 15 | 6 | 15 | 20 | 25 | 24 | 16 | 1 | 15 | 
4 | 24 | 12 | 21 | 6 | 15 | 14 | 23 | 10 | 16 | 1 | 8 | 12 | 17 | 21 | 20 | 2 | 16 | 0 | 1 | 
24 | 20 | 4 | 22 | 14 | 3 | 6 | 8 | 18 | 24 | 24 | 12 | 21 | 6 | 15 | 14 | 23 | 10 | 16 | 1 | 
END. 
START for Step 400.
19 | 12 | 15 | 6 | 15 | 20 | 25 | 24 | 16 | 1 | 15 | 12 | 17 | 20 | 20 | 2 | 13 | 0 | 1 | 24 | 
5 | 10 | 14 | 25 | 4 | 22 | 7 | 3 | 6 | 19 | 4 | 18 | 7 | 12 | 15 | 13 | 25 | 12 | 25 | 24 | 
22 | 4 | 18 | 7 | 12 | 15 | 13 | 25 | 12 | 25 | 24 | 17 | 14 | 8 | 12 | 17 | 20 | 20 | 2 | 13 | 
22 | 6 | 10 | 14 | 20 | 4 | 22 | 14 | 3 | 6 | 2 | 4 | 18 | 24 | 12 | 7 | 13 | 25 | 14 | 23 | 
10 | 2 | 4 | 18 | 24 | 12 | 7 | 13 | 25 | 14 | 23 | 13 | 17 | 14 | 8 | 12 | 17 | 21 | 20 | 2 | 
15 | 4 | 22 | 7 | 3 | 6 | 19 | 18 | 24 | 1 | 12 | 15 | 6 | 15 | 20 | 25 | 24 | 16 | 1 | 15 | 
4 | 24 | 12 | 21 | 6 | 15 | 14 | 23 | 10 | 16 | 1 | 8 | 12 | 17 | 21 | 20 | 2 | 16 | 0 | 1 | 
24 | 20 | 4 | 22 | 14 | 3 | 6 | 8 | 18 | 24 | 24 | 12 | 21 | 6 | 15 | 14 | 23 | 10 | 16 | 1 | 
END. 
START for Step 410.
19 | 12 | 15 | 6 | 15 | 20 | 25 | 24 | 16 | 1 | 15 | 12 | 17 | 20 | 20 | 2 | 13 | 0 | 1 | 24 | 
5 | 10 | 14 | 25 | 4 | 22 | 7 | 3 | 6 | 19 | 4 | 18 | 7 | 12 | 15 | 13 | 25 | 12 | 25 | 24 | 
22 | 4 | 18 | 7 | 12 | 15 | 13 | 25 | 12 | 25 | 24 | 17 | 14 | 8 | 12 | 17 | 20 | 20 | 2 | 13 | 
22 | 6 | 10 | 14 | 20 | 4 | 22 | 14 | 3 | 6 | 2 | 4 | 18 | 24 | 12 | 7 | 13 | 25 | 14 | 23 | 
10 | 2 | 4 | 18 | 24 | 12 | 7 | 13 | 25 | 14 | 23 | 13 | 17 | 14 | 8 | 12 | 17 | 21 | 20 | 2 | 
15 | 4 | 22 | 7 | 3 | 6 | 19 | 18 | 24 | 1 | 12 | 15 | 6 | 15 | 20 | 25 | 24 | 16 | 1 | 15 | 
4 | 24 | 12 | 21 | 6 | 15 | 14 | 23 | 10 | 16 | 1 | 8 | 12 | 17 | 21 | 20 | 2 | 16 | 0 | 1 | 
24 | 20 | 4 | 22 | 14 | 3 | 6 | 8 | 18 | 24 | 24 | 12 | 21 | 6 | 15 | 14 | 23 | 10 | 16 | 1 | 
END. 
START for Step 420.
19 | 12 | 15 | 6 | 15 | 20 | 25 | 24 | 16 | 1 | 15 | 12 | 17 | 20 | 20 | 2 | 13 | 0 | 1 | 24 | 
5 | 10 | 14 | 25 | 4 | 22 | 7 | 3 | 6 | 19 | 4 | 18 | 7 | 12 | 15 | 13 | 25 | 12 | 25 | 24 | 
22 | 4 | 18 | 7 | 12 | 15 | 13 | 25 | 12 | 25 | 24 | 17 | 14 | 8 | 12 | 17 | 20 | 20 | 2 | 13 | 
22 | 6 | 10 | 14 | 20 | 4 | 22 | 14 | 3 | 6 | 2 | 4 | 18 | 24 | 12 | 7 | 13 | 25 | 14 | 23 | 
10 | 2 | 4 | 18 | 24 | 12 | 7 | 13 | 25 | 14 | 23 | 13 | 17 | 14 | 8 | 12 | 17 | 21 | 20 | 2 | 
15 | 4 | 22 | 7 | 3 | 6 | 19 | 18 | 24 | 1 | 12 | 15 | 6 | 15 | 20 | 25 | 24 | 16 | 1 | 15 | 
4 | 24 | 12 | 21 | 6 | 15 | 14 | 23 | 10 | 16 | 1 | 8 | 12 | 17 | 21 | 20 | 2 | 16 | 0 | 1 | 
24 | 20 | 4 | 22 | 14 | 3 | 6 | 8 | 18 | 24 | 24 | 12 | 21 | 6 | 15 | 14 | 23 | 10 | 16 | 1 | 
END. 
START for Step 430.
19 | 12 | 15 | 6 | 15 | 20 | 25 | 24 | 16 | 1 | 15 | 12 | 17 | 20 | 20 | 2 | 13 | 0 | 1 | 24 | 
5 | 10 | 14 | 25 | 4 | 22 | 7 | 3 | 6 | 19 | 4 | 18 | 7 | 12 | 15 | 13 | 25 | 12 | 25 | 24 | 
22 | 4 | 18 | 7 | 12 | 15 | 13 | 25 | 12 | 25 | 24 | 17 | 14 | 8 | 12 | 17 | 20 | 20 | 2 | 13 | 
22 | 6 | 10 | 14 | 20 | 4 | 22 | 14 | 3 | 6 | 2 | 4 | 18 | 24 | 12 | 7 | 13 | 25 | 14 | 23 | 
10 | 2 | 4 | 18 | 24 | 12 | 7 | 13 | 25 | 14 | 23 | 13 | 17 | 14 | 8 | 12 | 17 | 21 | 20 | 2 | 
15 | 4 | 22 | 7 | 3 | 6 | 19 | 18 | 24 | 1 | 12 | 15 | 6 | 15 | 20 | 25 | 24 | 16 | 1 | 15 | 
4 | 24 | 12 | 21 | 6 | 15 | 14 | 23 | 10 | 16 | 1 | 8 | 12 | 17 | 21 | 20 | 2 | 16 | 0 | 1 | 
24 | 20 | 4 | 22 | 14 | 3 | 6 | 8 | 18 | 24 | 24 | 12 | 21 | 6 | 15 | 14 | 23 | 10 | 16 | 1 | 
END. 
START for Step 440.
19 | 12 | 15 | 6 | 15 | 20 | 25 | 24 | 16 | 1 | 15 | 12 | 17 | 20 | 20 | 2 | 13 | 0 | 1 | 24 | 
5 | 10 | 14 | 25 | 4 | 22 | 7 | 3 | 6 | 19 | 4 | 18 | 7 | 12 | 15 | 13 | 25 | 12 | 25 | 24 | 
22 | 4 | 18 | 7 | 12 | 15 | 13 | 25 | 12 | 25 | 24 | 17 | 14 | 8 | 12 | 17 | 20 | 20 | 2 | 13 | 
22 | 6 | 10 | 14 | 20 | 4 | 22 | 14 | 3 | 6 | 2 | 4 | 18 | 24 | 12 | 7 | 13 | 25 | 14 | 23 | 
10 | 2 | 4 | 18 | 24 | 12 | 7 | 13 | 25 | 14 | 23 | 13 | 17 | 14 | 8 | 12 | 17 | 21 | 20 | 2 | 
15 | 4 | 22 | 7 | 3 | 6 | 19 | 18 | 24 | 1 | 12 | 15 | 6 | 15 | 20 | 25 | 24 | 16 | 1 | 15 | 
4 | 24 | 12 | 21 | 6 | 15 | 14 | 23 | 10 | 16 | 1 | 8 | 12 | 17 | 21 | 20 | 2 | 16 | 0 | 1 | 
24 | 20 | 4 | 22 | 14 | 3 | 6 | 8 | 18 | 24 | 24 | 12 | 21 | 6 | 15 | 14 | 23 | 10 | 16 | 1 | 
END. 
START for Step 450.
19 | 10 | 14 | 25 | 4 | 22 | 7 | 3 | 6 | 19 | 4 | 18 | 7 | 12 | 15 | 13 | 25 | 12 | 25 | 24 | 
5 | 12 | 15 | 6 | 15 | 20 | 25 | 24 | 16 | 1 | 15 | 12 | 17 | 20 | 20 | 2 | 13 | 0 | 1 | 24 | 
22 | 4 | 18 | 7 | 12 | 15 | 13 | 25 | 12 | 25 | 24 | 17 | 14 | 8 | 12 | 17 | 20 | 20 | 2 | 13 | 
22 | 6 | 10 | 14 | 20 | 4 | 22 | 14 | 3 | 6 | 2 | 4 | 18 | 24 | 12 | 7 | 13 | 25 | 14 | 23 | 
10 | 2 | 4 | 18 | 24 | 12 | 7 | 13 | 25 | 14 | 23 | 13 | 17 | 14 | 8 | 12 | 17 | 21 | 20 | 2 | 
15 | 4 | 22 | 7 | 3 | 6 | 19 | 18 | 24 | 1 | 12 | 15 | 6 | 15 | 20 | 25 | 24 | 16 | 1 | 15 | 
4 | 24 | 12 | 21 | 6 | 15 | 14 | 23 | 10 | 16 | 1 | 8 | 12 | 17 | 21 | 20 | 2 | 16 | 0 | 1 | 
24 | 20 | 4 | 22 | 14 | 3 | 6 | 8 | 18 | 24 | 24 | 12 | 21 | 6 | 15 | 14 | 23 | 10 | 16 | 1 | 
END. 
START for Step 460.
19 | 10 | 14 | 25 | 4 | 22 | 7 | 3 | 6 | 19 | 4 | 18 | 7 | 12 | 15 | 13 | 25 | 12 | 25 | 24 | 
5 | 12 | 15 | 6 | 15 | 20 | 25 | 24 | 16 | 1 | 15 | 12 | 17 | 20 | 20 | 2 | 13 | 0 | 1 | 24 | 
22 | 4 | 18 | 7 | 12 | 15 | 13 | 25 | 12 | 25 | 24 | 17 | 14 | 8 | 12 | 17 | 20 | 20 | 2 | 13 | 
22 | 6 | 10 | 14 | 20 | 4 | 22 | 14 | 3 | 6 | 2 | 4 | 18 | 24 | 12 | 7 | 13 | 25 | 14 | 23 | 
10 | 2 | 4 | 18 | 24 | 12 | 7 | 13 | 25 | 14 | 23 | 13 | 17 | 14 | 8 | 12 | 17 | 21 | 20 | 2 | 
15 | 4 | 22 | 7 | 3 | 6 | 19 | 18 | 24 | 1 | 12 | 15 | 6 | 15 | 20 | 25 | 24 | 16 | 1 | 15 | 
4 | 24 | 12 | 21 | 6 | 15 | 14 | 23 | 10 | 16 | 1 | 8 | 12 | 17 | 21 | 20 | 2 | 16 | 0 | 1 | 
24 | 20 | 4 | 22 | 14 | 3 | 6 | 8 | 18 | 24 | 24 | 12 | 21 | 6 | 15 | 14 | 23 | 10 | 16 | 1 | 
END. 
START for Step 470.
19 | 10 | 14 | 25 | 4 | 22 | 7 | 3 | 6 | 19 | 4 | 18 | 7 | 12 | 15 | 13 | 25 | 12 | 25 | 24 | 
5 | 12 | 15 | 6 | 15 | 20 | 25 | 24 | 16 | 1 | 15 | 12 | 17 | 20 | 20 | 2 | 13 | 0 | 1 | 24 | 
22 | 4 | 18 | 7 | 12 | 15 | 13 | 25 | 12 | 25 | 24 | 17 | 14 | 8 | 12 | 17 | 20 | 20 | 2 | 13 | 
22 | 6 | 10 | 14 | 20 | 4 | 22 | 14 | 3 | 6 | 2 | 4 | 18 | 24 | 12 | 7 | 13 | 25 | 14 | 23 | 
10 | 2 | 4 | 18 | 24 | 12 | 7 | 13 | 25 | 14 | 23 | 13 | 17 | 14 | 8 | 12 | 17 | 21 | 20 | 2 | 
15 | 4 | 22 | 7 | 3 | 6 | 19 | 18 | 24 | 1 | 12 | 15 | 6 | 15 | 20 | 25 | 24 | 16 | 1 | 15 | 
4 | 24 | 12 | 21 | 6 | 15 | 14 | 23 | 10 | 16 | 1 | 8 | 12 | 17 | 21 | 20 | 2 | 16 | 0 | 1 | 
24 | 20 | 4 | 22 | 14 | 3 | 6 | 8 | 18 | 24 | 24 | 12 | 21 | 6 | 15 | 14 | 23 | 10 | 16 | 1 | 
END. 
START for Step 480.
19 | 10 | 14 | 25 | 4 | 22 | 7 | 3 | 6 | 19 | 4 | 18 | 7 | 12 | 15 | 13 | 25 | 12 | 25 | 24 | 
5 | 12 | 15 | 6 | 15 | 20 | 25 | 24 | 16 | 1 | 15 | 12 | 17 | 20 | 20 | 2 | 13 | 0 | 1 | 24 | 
22 | 4 | 18 | 7 | 12 | 15 | 13 | 25 | 12 | 25 | 24 | 17 | 14 | 8 | 12 | 17 | 20 | 20 | 2 | 13 | 
22 | 6 | 10 | 14 | 20 | 4 | 22 | 14 | 3 | 6 | 2 | 4 | 18 | 24 | 12 | 7 | 13 | 25 | 14 | 23 | 
10 | 2 | 4 | 18 | 24 | 12 | 7 | 13 | 25 | 14 | 23 | 13 | 17 | 14 | 8 | 12 | 17 | 21 | 20 | 2 | 
15 | 4 | 22 | 7 | 3 | 6 | 19 | 18 | 24 | 1 | 12 | 15 | 6 | 15 | 20 | 25 | 24 | 16 | 1 | 15 | 
4 | 24 | 12 | 21 | 6 | 15 | 14 | 23 | 10 | 16 | 1 | 8 | 12 | 17 | 21 | 20 | 2 | 16 | 0 | 1 | 
24 | 20 | 4 | 22 | 14 | 3 | 6 | 8 | 18 | 24 | 24 | 12 | 21 | 6 | 15 | 14 | 23 | 10 | 16 | 1 | 
END. 
START for Step 490.
19 | 10 | 14 | 25 | 4 | 22 | 7 | 3 | 6 | 19 | 4 | 18 | 7 | 12 | 15 | 13 | 25 | 12 | 25 | 24 | 
5 | 12 | 15 | 6 | 15 | 20 | 25 | 24 | 16 | 1 | 15 | 12 | 17 | 20 | 20 | 2 | 13 | 0 | 1 | 24 | 
22 | 4 | 18 | 7 | 12 | 15 | 13 | 25 | 12 | 25 | 24 | 17 | 14 | 8 | 12 | 17 | 20 | 20 | 2 | 13 | 
22 | 6 | 10 | 14 | 20 | 4 | 22 | 14 | 3 | 6 | 2 | 4 | 18 | 24 | 12 | 7 | 13 | 25 | 14 | 23 | 
10 | 2 | 4 | 18 | 24 | 12 | 7 | 13 | 25 | 14 | 23 | 13 | 17 | 14 | 8 | 12 | 17 | 21 | 20 | 2 | 
15 | 4 | 22 | 7 | 3 | 6 | 19 | 18 | 24 | 1 | 12 | 15 | 6 | 15 | 20 | 25 | 24 | 16 | 1 | 15 | 
4 | 20 | 4 | 22 | 14 | 3 | 6 | 8 | 18 | 24 | 24 | 12 | 21 | 6 | 15 | 14 | 23 | 10 | 16 | 1 | 
24 | 24 | 12 | 21 | 6 | 15 | 14 | 23 | 10 | 16 | 1 | 8 | 12 | 17 | 21 | 20 | 2 | 16 | 0 | 1 | 
END. 
START for Step 500.
19 | 10 | 14 | 25 | 4 | 22 | 7 | 3 | 6 | 19 | 4 | 18 | 7 | 12 | 15 | 13 | 25 | 12 | 25 | 24 | 
5 | 12 | 15 | 6 | 15 | 20 | 25 | 24 | 16 | 1 | 15 | 12 | 17 | 20 | 20 | 2 | 13 | 0 | 1 | 24 | 
22 | 4 | 18 | 7 | 12 | 15 | 13 | 25 | 12 | 25 | 24 | 17 | 14 | 8 | 12 | 17 | 20 | 20 | 2 | 13 | 
22 | 6 | 10 | 14 | 20 | 4 | 22 | 14 | 3 | 6 | 2 | 4 | 18 | 24 | 12 | 7 | 13 | 25 | 14 | 23 | 
10 | 2 | 4 | 18 | 24 | 12 | 7 | 13 | 25 | 14 | 23 | 13 | 17 | 14 | 8 | 12 | 17 | 21 | 20 | 2 | 
15 | 4 | 22 | 7 | 3 | 6 | 19 | 18 | 24 | 1 | 12 | 15 | 6 | 15 | 20 | 25 | 24 | 16 | 1 | 15 | 
4 | 20 | 4 | 22 | 14 | 3 | 6 | 8 | 18 | 24 | 24 | 12 | 21 | 6 | 15 | 14 | 23 | 10 | 16 | 1 | 
24 | 24 | 12 | 21 | 6 | 15 | 14 | 23 | 10 | 16 | 1 | 8 | 12 | 17 | 21 | 20 | 2 | 16 | 0 | 1 | 
END. 
START for Step 510.
19 | 10 | 14 | 25 | 4 | 22 | 7 | 3 | 6 | 19 | 4 | 18 | 7 | 12 | 15 | 13 | 25 | 12 | 25 | 24 | 
5 | 4 | 18 | 7 | 12 | 15 | 13 | 25 | 12 | 25 | 24 | 17 | 14 | 8 | 12 | 17 | 20 | 20 | 2 | 13 | 
22 | 12 | 15 | 6 | 15 | 20 | 25 | 24 | 16 | 1 | 15 | 12 | 17 | 20 | 20 | 2 | 13 | 0 | 1 | 24 | 
22 | 6 | 10 | 14 | 20 | 4 | 22 | 14 | 3 | 6 | 2 | 4 | 18 | 24 | 12 | 7 | 13 | 25 | 14 | 23 | 
10 | 2 | 4 | 18 | 24 | 12 | 7 | 13 | 25 | 14 | 23 | 13 | 17 | 14 | 8 | 12 | 17 | 21 | 20 | 2 | 
15 | 4 | 22 | 7 | 3 | 6 | 19 | 18 | 24 | 1 | 12 | 15 | 6 | 15 | 20 | 25 | 24 | 16 | 1 | 15 | 
4 | 20 | 4 | 22 | 14 | 3 | 6 | 8 | 18 | 24 | 24 | 12 | 21 | 6 | 15 | 14 | 23 | 10 | 16 | 1 | 
24 | 24 | 12 | 21 | 6 | 15 | 14 | 23 | 10 | 16 | 1 | 8 | 12 | 17 | 21 | 20 | 2 | 16 | 0 | 1 | 
END. 
START for Step 520.
19 | 10 | 14 | 25 | 4 | 22 | 7 | 3 | 6 | 19 | 4 | 18 | 7 | 12 | 15 | 13 | 25 | 12 | 25 | 24 | 
5 | 4 | 18 | 7 | 12 | 15 | 13 | 25 | 12 | 25 | 24 | 17 | 14 | 8 | 12 | 17 | 20 | 20 | 2 | 13 | 
22 | 12 | 15 | 6 | 15 | 20 | 25 | 24 | 16 | 1 | 15 | 12 | 17 | 20 | 20 | 2 | 13 | 0 | 1 | 24 | 
22 | 6 | 10 | 14 | 20 | 4 | 22 | 14 | 3 | 6 | 2 | 4 | 18 | 24 | 12 | 7 | 13 | 25 | 14 | 23 | 
10 | 2 | 4 | 18 | 24 | 12 | 7 | 13 | 25 | 14 | 23 | 13 | 17 | 14 | 8 | 12 | 17 | 21 | 20 | 2 | 
15 | 4 | 22 | 7 | 3 | 6 | 19 | 18 | 24 | 1 | 12 | 15 | 6 | 15 | 20 | 25 | 24 | 16 | 1 | 15 | 
4 | 20 | 4 | 22 | 14 | 3 | 6 | 8 | 18 | 24 | 24 | 12 | 21 | 6 | 15 | 14 | 23 | 10 | 16 | 1 | 
24 | 24 | 12 | 21 | 6 | 15 | 14 | 23 | 10 | 16 | 1 | 8 | 12 | 17 | 21 | 20 | 2 | 16 | 0 | 1 | 
END. 
START for Step 530.
19 | 10 | 14 | 25 | 4 | 22 | 7 | 3 | 6 | 19 | 4 | 18 | 7 | 12 | 15 | 13 | 25 | 12 | 25 | 24 | 
5 | 4 | 18 | 7 | 12 | 15 | 13 | 25 | 12 | 25 | 24 | 17 | 14 | 8 | 12 | 17 | 20 | 20 | 2 | 13 | 
22 | 12 | 15 | 6 | 15 | 20 | 25 | 24 | 16 | 1 | 15 | 12 | 17 | 20 | 20 | 2 | 13 | 0 | 1 | 24 | 
22 | 6 | 10 | 14 | 20 | 4 | 22 | 14 | 3 | 6 | 2 | 4 | 18 | 24 | 12 | 7 | 13 | 25 | 14 | 23 | 
10 | 2 | 4 | 18 | 24 | 12 | 7 | 13 | 25 | 14 | 23 | 13 | 17 | 14 | 8 | 12 | 17 | 21 | 20 | 2 | 
15 | 4 | 22 | 7 | 3 | 6 | 19 | 18 | 24 | 1 | 12 | 15 | 6 | 15 | 20 | 25 | 24 | 16 | 1 | 15 | 
4 | 20 | 4 | 22 | 14 | 3 | 6 | 8 | 18 | 24 | 24 | 12 | 21 | 6 | 15 | 14 | 23 | 10 | 16 | 1 | 
24 | 24 | 12 | 21 | 6 | 15 | 14 | 23 | 10 | 16 | 1 | 8 | 12 | 17 | 21 | 20 | 2 | 16 | 0 | 1 | 
END. 
START for Step 540.
19 | 10 | 14 | 25 | 4 | 22 | 7 | 3 | 6 | 19 | 4 | 18 | 7 | 12 | 15 | 13 | 25 | 12 | 25 | 24 | 
5 | 4 | 18 | 7 | 12 | 15 | 13 | 25 | 12 | 25 | 24 | 17 | 14 | 8 | 12 | 17 | 20 | 20 | 2 | 13 | 
22 | 12 | 15 | 6 | 15 | 20 | 25 | 24 | 16 | 1 | 15 | 12 | 17 | 20 | 20 | 2 | 13 | 0 | 1 | 24 | 
22 | 6 | 10 | 14 | 20 | 4 | 22 | 14 | 3 | 6 | 2 | 4 | 18 | 24 | 12 | 7 | 13 | 25 | 14 | 23 | 
10 | 2 | 4 | 18 | 24 | 12 | 7 | 13 | 25 | 14 | 23 | 13 | 17 | 14 | 8 | 12 | 17 | 21 | 20 | 2 | 
15 | 4 | 22 | 7 | 3 | 6 | 19 | 18 | 24 | 1 | 12 | 15 | 6 | 15 | 20 | 25 | 24 | 16 | 1 | 15 | 
4 | 20 | 4 | 22 | 14 | 3 | 6 | 8 | 18 | 24 | 24 | 12 | 21 | 6 | 15 | 14 | 23 | 10 | 16 | 1 | 
24 | 24 | 12 | 21 | 6 | 15 | 14 | 23 | 10 | 16 | 1 | 8 | 12 | 17 | 21 | 20 | 2 | 16 | 0 | 1 | 
END. 
START for Step 550.
19 | 10 | 14 | 25 | 4 | 22 | 7 | 3 | 6 | 19 | 4 | 18 | 7 | 12 | 15 | 13 | 25 | 12 | 25 | 24 | 
5 | 4 | 18 | 7 | 12 | 15 | 13 | 25 | 12 | 25 | 24 | 17 | 14 | 8 | 12 | 17 | 20 | 20 | 2 | 13 | 
22 | 12 | 15 | 6 | 15 | 20 | 25 | 24 | 16 | 1 | 15 | 12 | 17 | 20 | 20 | 2 | 13 | 0 | 1 | 24 | 
22 | 6 | 10 | 14 | 20 | 4 | 22 | 14 | 3 | 6 | 2 | 4 | 18 | 24 | 12 | 7 | 13 | 25 | 14 | 23 | 
10 | 2 | 4 | 18 | 24 | 12 | 7 | 13 | 25 | 14 | 23 | 13 | 17 | 14 | 8 | 12 | 17 | 21 | 20 | 2 | 
15 | 4 | 22 | 7 | 3 | 6 | 19 | 18 | 24 | 1 | 12 | 15 | 6 | 15 | 20 | 25 | 24 | 16 | 1 | 15 | 
4 | 20 | 4 | 22 | 14 | 3 | 6 | 8 | 18 | 24 | 24 | 12 | 21 | 6 | 15 | 14 | 23 | 10 | 16 | 1 | 
24 | 24 | 12 | 21 | 6 | 15 | 14 | 23 | 10 | 16 | 1 | 8 | 12 | 17 | 21 | 20 | 2 | 16 | 0 | 1 | 
END. 
START for Step 560.
19 | 10 | 14 | 25 | 4 | 22 | 7 | 3 | 6 | 19 | 4 | 18 | 7 | 12 | 15 | 13 | 25 | 12 | 25 | 24 | 
5 | 4 | 18 | 7 | 12 | 15 | 13 | 25 | 12 | 25 | 24 | 17 | 14 | 8 | 12 | 17 | 20 | 20 | 2 | 13 | 
22 | 12 | 15 | 6 | 15 | 20 | 25 | 24 | 16 | 1 | 15 | 12 | 17 | 20 | 20 | 2 | 13 | 0 | 1 | 24 | 
22 | 6 | 10 | 14 | 20 | 4 | 22 | 14 | 3 | 6 | 2 | 4 | 18 | 24 | 12 | 7 | 13 | 25 | 14 | 23 | 
10 | 2 | 4 | 18 | 24 | 12 | 7 | 13 | 25 | 14 | 23 | 13 | 17 | 14 | 8 | 12 | 17 | 21 | 20 | 2 | 
15 | 4 | 22 | 7 | 3 | 6 | 19 | 18 | 24 | 1 | 12 | 15 | 6 | 15 | 20 | 25 | 24 | 16 | 1 | 15 | 
4 | 20 | 4 | 22 | 14 | 3 | 6 | 8 | 18 | 24 | 24 | 12 | 21 | 6 | 15 | 14 | 23 | 10 | 16 | 1 | 
24 | 24 | 12 | 21 | 6 | 15 | 14 | 23 | 10 | 16 | 1 | 8 | 12 | 17 | 21 | 20 | 2 | 16 | 0 | 1 | 
END. 
START for Step 570.
19 | 10 | 14 | 25 | 4 | 22 | 7 | 3 | 6 | 19 | 4 | 18 | 7 | 12 | 15 | 13 | 25 | 12 | 25 | 24 | 
5 | 4 | 18 | 7 | 12 | 15 | 13 | 25 | 12 | 25 | 24 | 17 | 14 | 8 | 12 | 17 | 20 | 20 | 2 | 13 | 
22 | 12 | 15 | 6 | 15 | 20 | 25 | 24 | 16 | 1 | 15 | 12 | 17 | 20 | 20 | 2 | 13 | 0 | 1 | 24 | 
22 | 6 | 10 | 14 | 20 | 4 | 22 | 14 | 3 | 6 | 2 | 4 | 18 | 24 | 12 | 7 | 13 | 25 | 14 | 23 | 
10 | 2 | 4 | 18 | 24 | 12 | 7 | 13 | 25 | 14 | 23 | 13 | 17 | 14 | 8 | 12 | 17 | 21 | 20 | 2 | 
15 | 4 | 22 | 7 | 3 | 6 | 19 | 18 | 24 | 1 | 12 | 15 | 6 | 15 | 20 | 25 | 24 | 16 | 1 | 15 | 
4 | 20 | 4 | 22 | 14 | 3 | 6 | 8 | 18 | 24 | 24 | 12 | 21 | 6 | 15 | 14 | 23 | 10 | 16 | 1 | 
24 | 24 | 12 | 21 | 6 | 15 | 14 | 23 | 10 | 16 | 1 | 8 | 12 | 17 | 21 | 20 | 2 | 16 | 0 | 1 | 
END. 
START for Step 580.
19 | 10 | 14 | 25 | 4 | 22 | 7 | 3 | 6 | 19 | 4 | 18 | 7 | 12 | 15 | 13 | 25 | 12 | 25 | 24 | 
5 | 4 | 18 | 7 | 12 | 15 | 13 | 25 | 12 | 25 | 24 | 17 | 14 | 8 | 12 | 17 | 20 | 20 | 2 | 13 | 
22 | 12 | 15 | 6 | 15 | 20 | 25 | 24 | 16 | 1 | 15 | 12 | 17 | 20 | 20 | 2 | 13 | 0 | 1 | 24 | 
22 | 6 | 10 | 14 | 20 | 4 | 22 | 14 | 3 | 6 | 2 | 4 | 18 | 24 | 12 | 7 | 13 | 25 | 14 | 23 | 
10 | 2 | 4 | 18 | 24 | 12 | 7 | 13 | 25 | 14 | 23 | 13 | 17 | 14 | 8 | 12 | 17 | 21 | 20 | 2 | 
15 | 4 | 22 | 7 | 3 | 6 | 19 | 18 | 24 | 1 | 12 | 15 | 6 | 15 | 20 | 25 | 24 | 16 | 1 | 15 | 
4 | 20 | 4 | 22 | 14 | 3 | 6 | 8 | 18 | 24 | 24 | 12 | 21 | 6 | 15 | 14 | 23 | 10 | 16 | 1 | 
24 | 24 | 12 | 21 | 6 | 15 | 14 | 23 | 10 | 16 | 1 | 8 | 12 | 17 | 21 | 20 | 2 | 16 | 0 | 1 | 
END. 
START for Step 590.
19 | 10 | 14 | 25 | 4 | 22 | 7 | 3 | 6 | 19 | 4 | 18 | 7 | 12 | 15 | 13 | 25 | 12 | 25 | 24 | 
5 | 4 | 18 | 7 | 12 | 15 | 13 | 25 | 12 | 25 | 24 | 17 | 14 | 8 | 12 | 17 | 20 | 20 | 2 | 13 | 
22 | 12 | 15 | 6 | 15 | 20 | 25 | 24 | 16 | 1 | 15 | 12 | 17 | 20 | 20 | 2 | 13 | 0 | 1 | 24 | 
22 | 6 | 10 | 14 | 20 | 4 | 22 | 14 | 3 | 6 | 2 | 4 | 18 | 24 | 12 | 7 | 13 | 25 | 14 | 23 | 
10 | 2 | 4 | 18 | 24 | 12 | 7 | 13 | 25 | 14 | 23 | 13 | 17 | 14 | 8 | 12 | 17 | 21 | 20 | 2 | 
15 | 4 | 22 | 7 | 3 | 6 | 19 | 18 | 24 | 1 | 12 | 15 | 6 | 15 | 20 | 25 | 24 | 16 | 1 | 15 | 
4 | 20 | 4 | 22 | 14 | 3 | 6 | 8 | 18 | 24 | 24 | 12 | 21 | 6 | 15 | 14 | 23 | 10 | 16 | 1 | 
24 | 24 | 12 | 21 | 6 | 15 | 14 | 23 | 10 | 16 | 1 | 8 | 12 | 17 | 21 | 20 | 2 | 16 | 0 | 1 | 
END. 
START for Step 600.
19 | 10 | 14 | 25 | 4 | 22 | 7 | 3 | 6 | 19 | 4 | 18 | 7 | 12 | 15 | 13 | 25 | 12 | 25 | 24 | 
5 | 4 | 18 | 7 | 12 | 15 | 13 | 25 | 12 | 25 | 24 | 17 | 14 | 8 | 12 | 17 | 20 | 20 | 2 | 13 | 
22 | 12 | 15 | 6 | 15 | 20 | 25 | 24 | 16 | 1 | 15 | 12 | 17 | 20 | 20 | 2 | 13 | 0 | 1 | 24 | 
22 | 6 | 10 | 14 | 20 | 4 | 22 | 14 | 3 | 6 | 2 | 4 | 18 | 24 | 12 | 7 | 13 | 25 | 14 | 23 | 
10 | 2 | 4 | 18 | 24 | 12 | 7 | 13 | 25 | 14 | 23 | 13 | 17 | 14 | 8 | 12 | 17 | 21 | 20 | 2 | 
15 | 4 | 22 | 7 | 3 | 6 | 19 | 18 | 24 | 1 | 12 | 15 | 6 | 15 | 20 | 25 | 24 | 16 | 1 | 15 | 
4 | 20 | 4 | 22 | 14 | 3 | 6 | 8 | 18 | 24 | 24 | 12 | 21 | 6 | 15 | 14 | 23 | 10 | 16 | 1 | 
24 | 24 | 12 | 21 | 6 | 15 | 14 | 23 | 10 | 16 | 1 | 8 | 12 | 17 | 21 | 20 | 2 | 16 | 0 | 1 | 
END. 
START for Step 610.
19 | 12 | 15 | 6 | 15 | 20 | 25 | 24 | 16 | 1 | 15 | 12 | 17 | 20 | 20 | 2 | 13 | 0 | 1 | 24 | 
5 | 4 | 18 | 7 | 12 | 15 | 13 | 25 | 12 | 25 | 24 | 17 | 14 | 8 | 12 | 17 | 20 | 20 | 2 | 13 | 
22 | 10 | 14 | 25 | 4 | 22 | 7 | 3 | 6 | 19 | 4 | 18 | 7 | 12 | 15 | 13 | 25 | 12 | 25 | 24 | 
22 | 6 | 10 | 14 | 20 | 4 | 22 | 14 | 3 | 6 | 2 | 4 | 18 | 24 | 12 | 7 | 13 | 25 | 14 | 23 | 
10 | 2 | 4 | 18 | 24 | 12 | 7 | 13 | 25 | 14 | 23 | 13 | 17 | 14 | 8 | 12 | 17 | 21 | 20 | 2 | 
15 | 4 | 22 | 7 | 3 | 6 | 19 | 18 | 24 | 1 | 12 | 15 | 6 | 15 | 20 | 25 | 24 | 16 | 1 | 15 | 
4 | 20 | 4 | 22 | 14 | 3 | 6 | 8 | 18 | 24 | 24 | 12 | 21 | 6 | 15 | 14 | 23 | 10 | 16 | 1 | 
24 | 24 | 12 | 21 | 6 | 15 | 14 | 23 | 10 | 16 | 1 | 8 | 12 | 17 | 21 | 20 | 2 | 16 | 0 | 1 | 
END. 
START for Step 620.
19 | 12 | 15 | 6 | 15 | 20 | 25 | 24 | 16 | 1 | 15 | 12 | 17 | 20 | 20 | 2 | 13 | 0 | 1 | 24 | 
5 | 4 | 18 | 7 | 12 | 15 | 13 | 25 | 12 | 25 | 24 | 17 | 14 | 8 | 12 | 17 | 20 | 20 | 2 | 13 | 
22 | 10 | 14 | 25 | 4 | 22 | 7 | 3 | 6 | 19 | 4 | 18 | 7 | 12 | 15 | 13 | 25 | 12 | 25 | 24 | 
22 | 6 | 10 | 14 | 20 | 4 | 22 | 14 | 3 | 6 | 2 | 4 | 18 | 24 | 12 | 7 | 13 | 25 | 14 | 23 | 
10 | 2 | 4 | 18 | 24 | 12 | 7 | 13 | 25 | 14 | 23 | 13 | 17 | 14 | 8 | 12 | 17 | 21 | 20 | 2 | 
15 | 4 | 22 | 7 | 3 | 6 | 19 | 18 | 24 | 1 | 12 | 15 | 6 | 15 | 20 | 25 | 24 | 16 | 1 | 15 | 
4 | 24 | 12 | 21 | 6 | 15 | 14 | 23 | 10 | 16 | 1 | 8 | 12 | 17 | 21 | 20 | 2 | 16 | 0 | 1 | 
24 | 20 | 4 | 22 | 14 | 3 | 6 | 8 | 18 | 24 | 24 | 12 | 21 | 6 | 15 | 14 | 23 | 10 | 16 | 1 | 
END. 
START for Step 630.
19 | 12 | 15 | 6 | 15 | 20 | 25 | 24 | 16 | 1 | 15 | 12 | 17 | 20 | 20 | 2 | 13 | 0 | 1 | 24 | 
5 | 4 | 18 | 7 | 12 | 15 | 13 | 25 | 12 | 25 | 24 | 17 | 14 | 8 | 12 | 17 | 20 | 20 | 2 | 13 | 
22 | 10 | 14 | 25 | 4 | 22 | 7 | 3 | 6 | 19 | 4 | 18 | 7 | 12 | 15 | 13 | 25 | 12 | 25 | 24 | 
22 | 6 | 10 | 14 | 20 | 4 | 22 | 14 | 3 | 6 | 2 | 4 | 18 | 24 | 12 | 7 | 13 | 25 | 14 | 23 | 
10 | 2 | 4 | 18 | 24 | 12 | 7 | 13 | 25 | 14 | 23 | 13 | 17 | 14 | 8 | 12 | 17 | 21 | 20 | 2 | 
15 | 4 | 22 | 7 | 3 | 6 | 19 | 18 | 24 | 1 | 12 | 15 | 6 | 15 | 20 | 25 | 24 | 16 | 1 | 15 | 
4 | 24 | 12 | 21 | 6 | 15 | 14 | 23 | 10 | 16 | 1 | 8 | 12 | 17 | 21 | 20 | 2 | 16 | 0 | 1 | 
24 | 20 | 4 | 22 | 14 | 3 | 6 | 8 | 18 | 24 | 24 | 12 | 21 | 6 | 15 | 14 | 23 | 10 | 16 | 1 | 
END. 
START for Step 640.
19 | 12 | 15 | 6 | 15 | 20 | 25 | 24 | 16 | 1 | 15 | 12 | 17 | 20 | 20 | 2 | 13 | 0 | 1 | 24 | 
5 | 4 | 18 | 7 | 12 | 15 | 13 | 25 | 12 | 25 | 24 | 17 | 14 | 8 | 12 | 17 | 20 | 20 | 2 | 13 | 
22 | 10 | 14 | 25 | 4 | 22 | 7 | 3 | 6 | 19 | 4 | 18 | 7 | 12 | 15 | 13 | 25 | 12 | 25 | 24 | 
22 | 6 | 10 | 14 | 20 | 4 | 22 | 14 | 3 | 6 | 2 | 4 | 18 | 24 | 12 | 7 | 13 | 25 | 14 | 23 | 
10 | 2 | 4 | 18 | 24 | 12 | 7 | 13 | 25 | 14 | 23 | 13 | 17 | 14 | 8 | 12 | 17 | 21 | 20 | 2 | 
15 | 4 | 22 | 7 | 3 | 6 | 19 | 18 | 24 | 1 | 12 | 15 | 6 | 15 | 20 | 25 | 24 | 16 | 1 | 15 | 
4 | 24 | 12 | 21 | 6 | 15 | 14 | 23 | 10 | 16 | 1 | 8 | 12 | 17 | 21 | 20 | 2 | 16 | 0 | 1 | 
24 | 20 | 4 | 22 | 14 | 3 | 6 | 8 | 18 | 24 | 24 | 12 | 21 | 6 | 15 | 14 | 23 | 10 | 16 | 1 | 
END. 
START for Step 650.
19 | 12 | 15 | 6 | 15 | 20 | 25 | 24 | 16 | 1 | 15 | 12 | 17 | 20 | 20 | 2 | 13 | 0 | 1 | 24 | 
5 | 4 | 18 | 7 | 12 | 15 | 13 | 25 | 12 | 25 | 24 | 17 | 14 | 8 | 12 | 17 | 20 | 20 | 2 | 13 | 
22 | 10 | 14 | 25 | 4 | 22 | 7 | 3 | 6 | 19 | 4 | 18 | 7 | 12 | 15 | 13 | 25 | 12 | 25 | 24 | 
22 | 6 | 10 | 14 | 20 | 4 | 22 | 14 | 3 | 6 | 2 | 4 | 18 | 24 | 12 | 7 | 13 | 25 | 14 | 23 | 
10 | 2 | 4 | 18 | 24 | 12 | 7 | 13 | 25 | 14 | 23 | 13 | 17 | 14 | 8 | 12 | 17 | 21 | 20 | 2 | 
15 | 4 | 22 | 7 | 3 | 6 | 19 | 18 | 24 | 1 | 12 | 15 | 6 | 15 | 20 | 25 | 24 | 16 | 1 | 15 | 
4 | 24 | 12 | 21 | 6 | 15 | 14 | 23 | 10 | 16 | 1 | 8 | 12 | 17 | 21 | 20 | 2 | 16 | 0 | 1 | 
24 | 20 | 4 | 22 | 14 | 3 | 6 | 8 | 18 | 24 | 24 | 12 | 21 | 6 | 15 | 14 | 23 | 10 | 16 | 1 | 
END. 
START for Step 660.
19 | 12 | 15 | 6 | 15 | 20 | 25 | 24 | 16 | 1 | 15 | 12 | 17 | 20 | 20 | 2 | 13 | 0 | 1 | 24 | 
5 | 4 | 18 | 7 | 12 | 15 | 13 | 25 | 12 | 25 | 24 | 17 | 14 | 8 | 12 | 17 | 20 | 20 | 2 | 13 | 
22 | 10 | 14 | 25 | 4 | 22 | 7 | 3 | 6 | 19 | 4 | 18 | 7 | 12 | 15 | 13 | 25 | 12 | 25 | 24 | 
22 | 6 | 10 | 14 | 20 | 4 | 22 | 14 | 3 | 6 | 2 | 4 | 18 | 24 | 12 | 7 | 13 | 25 | 14 | 23 | 
10 | 2 | 4 | 18 | 24 | 12 | 7 | 13 | 25 | 14 | 23 | 13 | 17 | 14 | 8 | 12 | 17 | 21 | 20 | 2 | 
15 | 4 | 22 | 7 | 3 | 6 | 19 | 18 | 24 | 1 | 12 | 15 | 6 | 15 | 20 | 25 | 24 | 16 | 1 | 15 | 
4 | 24 | 12 | 21 | 6 | 15 | 14 | 23 | 10 | 16 | 1 | 8 | 12 | 17 | 21 | 20 | 2 | 16 | 0 | 1 | 
24 | 20 | 4 | 22 | 14 | 3 | 6 | 8 | 18 | 24 | 24 | 12 | 21 | 6 | 15 | 14 | 23 | 10 | 16 | 1 | 
END. 
START for Step 670.
19 | 12 | 15 | 6 | 15 | 20 | 25 | 24 | 16 | 1 | 15 | 12 | 17 | 20 | 20 | 2 | 13 | 0 | 1 | 24 | 
5 | 4 | 18 | 7 | 12 | 15 | 13 | 25 | 12 | 25 | 24 | 17 | 14 | 8 | 12 | 17 | 20 | 20 | 2 | 13 | 
22 | 10 | 14 | 25 | 4 | 22 | 7 | 3 | 6 | 19 | 4 | 18 | 7 | 12 | 15 | 13 | 25 | 12 | 25 | 24 | 
22 | 6 | 10 | 14 | 20 | 4 | 22 | 14 | 3 | 6 | 2 | 4 | 18 | 24 | 12 | 7 | 13 | 25 | 14 | 23 | 
10 | 2 | 4 | 18 | 24 | 12 | 7 | 13 | 25 | 14 | 23 | 13 | 17 | 14 | 8 | 12 | 17 | 21 | 20 | 2 | 
15 | 4 | 22 | 7 | 3 | 6 | 19 | 18 | 24 | 1 | 12 | 15 | 6 | 15 | 20 | 25 | 24 | 16 | 1 | 15 | 
4 | 24 | 12 | 21 | 6 | 15 | 14 | 23 | 10 | 16 | 1 | 8 | 12 | 17 | 21 | 20 | 2 | 16 | 0 | 1 | 
24 | 20 | 4 | 22 | 14 | 3 | 6 | 8 | 18 | 24 | 24 | 12 | 21 | 6 | 15 | 14 | 23 | 10 | 16 | 1 | 
END. 
START for Step 680.
19 | 12 | 15 | 6 | 15 | 20 | 25 | 24 | 16 | 1 | 15 | 12 | 17 | 20 | 20 | 2 | 13 | 0 | 1 | 24 | 
5 | 4 | 18 | 7 | 12 | 15 | 13 | 25 | 12 | 25 | 24 | 17 | 14 | 8 | 12 | 17 | 20 | 20 | 2 | 13 | 
22 | 10 | 14 | 25 | 4 | 22 | 7 | 3 | 6 | 19 | 4 | 18 | 7 | 12 | 15 | 13 | 25 | 12 | 25 | 24 | 
22 | 6 | 10 | 14 | 20 | 4 | 22 | 14 | 3 | 6 | 2 | 4 | 18 | 24 | 12 | 7 | 13 | 25 | 14 | 23 | 
10 | 2 | 4 | 18 | 24 | 12 | 7 | 13 | 25 | 14 | 23 | 13 | 17 | 14 | 8 | 12 | 17 | 21 | 20 | 2 | 
15 | 4 | 22 | 7 | 3 | 6 | 19 | 18 | 24 | 1 | 12 | 15 | 6 | 15 | 20 | 25 | 24 | 16 | 1 | 15 | 
4 | 24 | 12 | 21 | 6 | 15 | 14 | 23 | 10 | 16 | 1 | 8 | 12 | 17 | 21 | 20 | 2 | 16 | 0 | 1 | 
24 | 20 | 4 | 22 | 14 | 3 | 6 | 8 | 18 | 24 | 24 | 12 | 21 | 6 | 15 | 14 | 23 | 10 | 16 | 1 | 
END. 
START for Step 690.
19 | 12 | 15 | 6 | 15 | 20 | 25 | 24 | 16 | 1 | 15 | 12 | 17 | 20 | 20 | 2 | 13 | 0 | 1 | 24 | 
5 | 4 | 18 | 7 | 12 | 15 | 13 | 25 | 12 | 25 | 24 | 17 | 14 | 8 | 12 | 17 | 20 | 20 | 2 | 13 | 
22 | 10 | 14 | 25 | 4 | 22 | 7 | 3 | 6 | 19 | 4 | 18 | 7 | 12 | 15 | 13 | 25 | 12 | 25 | 24 | 
22 | 6 | 10 | 14 | 20 | 4 | 22 | 14 | 3 | 6 | 2 | 4 | 18 | 24 | 12 | 7 | 13 | 25 | 14 | 23 | 
10 | 2 | 4 | 18 | 24 | 12 | 7 | 13 | 25 | 14 | 23 | 13 | 17 | 14 | 8 | 12 | 17 | 21 | 20 | 2 | 
15 | 24 | 12 | 21 | 6 | 15 | 14 | 23 | 10 | 16 | 1 | 8 | 12 | 17 | 21 | 20 | 2 | 16 | 0 | 1 | 
4 | 20 | 4 | 22 | 14 | 3 | 6 | 8 | 18 | 24 | 24 | 12 | 21 | 6 | 15 | 14 | 23 | 10 | 16 | 1 | 
24 | 4 | 22 | 7 | 3 | 6 | 19 | 18 | 24 | 1 | 12 | 15 | 6 | 15 | 20 | 25 | 24 | 16 | 1 | 15 | 
END. 
START for Step 700.
19 | 12 | 15 | 6 | 15 | 20 | 25 | 24 | 16 | 1 | 15 | 12 | 17 | 20 | 20 | 2 | 13 | 0 | 1 | 24 | 
5 | 4 | 18 | 7 | 12 | 15 | 13 | 25 | 12 | 25 | 24 | 17 | 14 | 8 | 12 | 17 | 20 | 20 | 2 | 13 | 
22 | 10 | 14 | 25 | 4 | 22 | 7 | 3 | 6 | 19 | 4 | 18 | 7 | 12 | 15 | 13 | 25 | 12 | 25 | 24 | 
22 | 6 | 10 | 14 | 20 | 4 | 22 | 14 | 3 | 6 | 2 | 4 | 18 | 24 | 12 | 7 | 13 | 25 | 14 | 23 | 
10 | 2 | 4 | 18 | 24 | 12 | 7 | 13 | 25 | 14 | 23 | 13 | 17 | 14 | 8 | 12 | 17 | 21 | 20 | 2 | 
15 | 24 | 12 | 21 | 6 | 15 | 14 | 23 | 10 | 16 | 1 | 8 | 12 | 17 | 21 | 20 | 2 | 16 | 0 | 1 | 
4 | 20 | 4 | 22 | 14 | 3 | 6 | 8 | 18 | 24 | 24 | 12 | 21 | 6 | 15 | 14 | 23 | 10 | 16 | 1 | 
24 | 4 | 22 | 7 | 3 | 6 | 19 | 18 | 24 | 1 | 12 | 15 | 6 | 15 | 20 | 25 | 24 | 16 | 1 | 15 | 
END. 
START for Step 710.
19 | 12 | 15 | 6 | 15 | 20 | 25 | 24 | 16 | 1 | 15 | 12 | 17 | 20 | 20 | 2 | 13 | 0 | 1 | 24 | 
5 | 4 | 18 | 7 | 12 | 15 | 13 | 25 | 12 | 25 | 24 | 17 | 14 | 8 | 12 | 17 | 20 | 20 | 2 | 13 | 
22 | 10 | 14 | 25 | 4 | 22 | 7 | 3 | 6 | 19 | 4 | 18 | 7 | 12 | 15 | 13 | 25 | 12 | 25 | 24 | 
22 | 6 | 10 | 14 | 20 | 4 | 22 | 14 | 3 | 6 | 2 | 4 | 18 | 24 | 12 | 7 | 13 | 25 | 14 | 23 | 
10 | 2 | 4 | 18 | 24 | 12 | 7 | 13 | 25 | 14 | 23 | 13 | 17 | 14 | 8 | 12 | 17 | 21 | 20 | 2 | 
15 | 24 | 12 | 21 | 6 | 15 | 14 | 23 | 10 | 16 | 1 | 8 | 12 | 17 | 21 | 20 | 2 | 16 | 0 | 1 | 
4 | 20 | 4 | 22 | 14 | 3 | 6 | 8 | 18 | 24 | 24 | 12 | 21 | 6 | 15 | 14 | 23 | 10 | 16 | 1 | 
24 | 4 | 22 | 7 | 3 | 6 | 19 | 18 | 24 | 1 | 12 | 15 | 6 | 15 | 20 | 25 | 24 | 16 | 1 | 15 | 
END. 
START for Step 720.
19 | 12 | 15 | 6 | 15 | 20 | 25 | 24 | 16 | 1 | 15 | 12 | 17 | 20 | 20 | 2 | 13 | 0 | 1 | 24 | 
5 | 4 | 18 | 7 | 12 | 15 | 13 | 25 | 12 | 25 | 24 | 17 | 14 | 8 | 12 | 17 | 20 | 20 | 2 | 13 | 
22 | 10 | 14 | 25 | 4 | 22 | 7 | 3 | 6 | 19 | 4 | 18 | 7 | 12 | 15 | 13 | 25 | 12 | 25 | 24 | 
22 | 6 | 10 | 14 | 20 | 4 | 22 | 14 | 3 | 6 | 2 | 4 | 18 | 24 | 12 | 7 | 13 | 25 | 14 | 23 | 
10 | 2 | 4 | 18 | 24 | 12 | 7 | 13 | 25 | 14 | 23 | 13 | 17 | 14 | 8 | 12 | 17 | 21 | 20 | 2 | 
15 | 24 | 12 | 21 | 6 | 15 | 14 | 23 | 10 | 16 | 1 | 8 | 12 | 17 | 21 | 20 | 2 | 16 | 0 | 1 | 
4 | 20 | 4 | 22 | 14 | 3 | 6 | 8 | 18 | 24 | 24 | 12 | 21 | 6 | 15 | 14 | 23 | 10 | 16 | 1 | 
24 | 4 | 22 | 7 | 3 | 6 | 19 | 18 | 24 | 1 | 12 | 15 | 6 | 15 | 20 | 25 | 24 | 16 | 1 | 15 | 
END. 
START for Step 730.
19 | 12 | 15 | 6 | 15 | 20 | 25 | 24 | 16 | 1 | 15 | 12 | 17 | 20 | 20 | 2 | 13 | 0 | 1 | 24 | 
5 | 4 | 18 | 7 | 12 | 15 | 13 | 25 | 12 | 25 | 24 | 17 | 14 | 8 | 12 | 17 | 20 | 20 | 2 | 13 | 
22 | 10 | 14 | 25 | 4 | 22 | 7 | 3 | 6 | 19 | 4 | 18 | 7 | 12 | 15 | 13 | 25 | 12 | 25 | 24 | 
22 | 6 | 10 | 14 | 20 | 4 | 22 | 14 | 3 | 6 | 2 | 4 | 18 | 24 | 12 | 7 | 13 | 25 | 14 | 23 | 
10 | 2 | 4 | 18 | 24 | 12 | 7 | 13 | 25 | 14 | 23 | 13 | 17 | 14 | 8 | 12 | 17 | 21 | 20 | 2 | 
15 | 24 | 12 | 21 | 6 | 15 | 14 | 23 | 10 | 16 | 1 | 8 | 12 | 17 | 21 | 20 | 2 | 16 | 0 | 1 | 
4 | 20 | 4 | 22 | 14 | 3 | 6 | 8 | 18 | 24 | 24 | 12 | 21 | 6 | 15 | 14 | 23 | 10 | 16 | 1 | 
24 | 4 | 22 | 7 | 3 | 6 | 19 | 18 | 24 | 1 | 12 | 15 | 6 | 15 | 20 | 25 | 24 | 16 | 1 | 15 | 
END. 
START for Step 740.
19 | 12 | 15 | 6 | 15 | 20 | 25 | 24 | 16 | 1 | 15 | 12 | 17 | 20 | 20 | 2 | 13 | 0 | 1 | 24 | 
5 | 4 | 18 | 7 | 12 | 15 | 13 | 25 | 12 | 25 | 24 | 17 | 14 | 8 | 12 | 17 | 20 | 20 | 2 | 13 | 
22 | 10 | 14 | 25 | 4 | 22 | 7 | 3 | 6 | 19 | 4 | 18 | 7 | 12 | 15 | 13 | 25 | 12 | 25 | 24 | 
22 | 6 | 10 | 14 | 20 | 4 | 22 | 14 | 3 | 6 | 2 | 4 | 18 | 24 | 12 | 7 | 13 | 25 | 14 | 23 | 
10 | 2 | 4 | 18 | 24 | 12 | 7 | 13 | 25 | 14 | 23 | 13 | 17 | 14 | 8 | 12 | 17 | 21 | 20 | 2 | 
15 | 24 | 12 | 21 | 6 | 15 | 14 | 23 | 10 | 16 | 1 | 8 | 12 | 17 | 21 | 20 | 2 | 16 | 0 | 1 | 
4 | 4 | 22 | 7 | 3 | 6 | 19 | 18 | 24 | 1 | 12 | 15 | 6 | 15 | 20 | 25 | 24 | 16 | 1 | 15 | 
24 | 20 | 4 | 22 | 14 | 3 | 6 | 8 | 18 | 24 | 24 | 12 | 21 | 6 | 15 | 14 | 23 | 10 | 16 | 1 | 
END. 
START for Step 750.
19 | 12 | 15 | 6 | 15 | 20 | 25 | 24 | 16 | 1 | 15 | 12 | 17 | 20 | 20 | 2 | 13 | 0 | 1 | 24 | 
5 | 4 | 18 | 7 | 12 | 15 | 13 | 25 | 12 | 25 | 24 | 17 | 14 | 8 | 12 | 17 | 20 | 20 | 2 | 13 | 
22 | 10 | 14 | 25 | 4 | 22 | 7 | 3 | 6 | 19 | 4 | 18 | 7 | 12 | 15 | 13 | 25 | 12 | 25 | 24 | 
22 | 6 | 10 | 14 | 20 | 4 | 22 | 14 | 3 | 6 | 2 | 4 | 18 | 24 | 12 | 7 | 13 | 25 | 14 | 23 | 
10 | 2 | 4 | 18 | 24 | 12 | 7 | 13 | 25 | 14 | 23 | 13 | 17 | 14 | 8 | 12 | 17 | 21 | 20 | 2 | 
15 | 24 | 12 | 21 | 6 | 15 | 14 | 23 | 10 | 16 | 1 | 8 | 12 | 17 | 21 | 20 | 2 | 16 | 0 | 1 | 
4 | 4 | 22 | 7 | 3 | 6 | 19 | 18 | 24 | 1 | 12 | 15 | 6 | 15 | 20 | 25 | 24 | 16 | 1 | 15 | 
24 | 20 | 4 | 22 | 14 | 3 | 6 | 8 | 18 | 24 | 24 | 12 | 21 | 6 | 15 | 14 | 23 | 10 | 16 | 1 | 
END. 
START for Step 760.
19 | 12 | 15 | 6 | 15 | 20 | 25 | 24 | 16 | 1 | 15 | 12 | 17 | 20 | 20 | 2 | 13 | 0 | 1 | 24 | 
5 | 4 | 18 | 7 | 12 | 15 | 13 | 25 | 12 | 25 | 24 | 17 | 14 | 8 | 12 | 17 | 20 | 20 | 2 | 13 | 
22 | 10 | 14 | 25 | 4 | 22 | 7 | 3 | 6 | 19 | 4 | 18 | 7 | 12 | 15 | 13 | 25 | 12 | 25 | 24 | 
22 | 6 | 10 | 14 | 20 | 4 | 22 | 14 | 3 | 6 | 2 | 4 | 18 | 24 | 12 | 7 | 13 | 25 | 14 | 23 | 
10 | 2 | 4 | 18 | 24 | 12 | 7 | 13 | 25 | 14 | 23 | 13 | 17 | 14 | 8 | 12 | 17 | 21 | 20 | 2 | 
15 | 24 | 12 | 21 | 6 | 15 | 14 | 23 | 10 | 16 | 1 | 8 | 12 | 17 | 21 | 20 | 2 | 16 | 0 | 1 | 
4 | 20 | 4 | 22 | 14 | 3 | 6 | 8 | 18 | 24 | 24 | 12 | 21 | 6 | 15 | 14 | 23 | 10 | 16 | 1 | 
24 | 4 | 22 | 7 | 3 | 6 | 19 | 18 | 24 | 1 | 12 | 15 | 6 | 15 | 20 | 25 | 24 | 16 | 1 | 15 | 
END. 
START for Step 770.
19 | 12 | 15 | 6 | 15 | 20 | 25 | 24 | 16 | 1 | 15 | 12 | 17 | 20 | 20 | 2 | 13 | 0 | 1 | 24 | 
5 | 4 | 18 | 7 | 12 | 15 | 13 | 25 | 12 | 25 | 24 | 17 | 14 | 8 | 12 | 17 | 20 | 20 | 2 | 13 | 
22 | 10 | 14 | 25 | 4 | 22 | 7 | 3 | 6 | 19 | 4 | 18 | 7 | 12 | 15 | 13 | 25 | 12 | 25 | 24 | 
22 | 6 | 10 | 14 | 20 | 4 | 22 | 14 | 3 | 6 | 2 | 4 | 18 | 24 | 12 | 7 | 13 | 25 | 14 | 23 | 
10 | 2 | 4 | 18 | 24 | 12 | 7 | 13 | 25 | 14 | 23 | 13 | 17 | 14 | 8 | 12 | 17 | 21 | 20 | 2 | 
15 | 24 | 12 | 21 | 6 | 15 | 14 | 23 | 10 | 16 | 1 | 8 | 12 | 17 | 21 | 20 | 2 | 16 | 0 | 1 | 
4 | 20 | 4 | 22 | 14 | 3 | 6 | 8 | 18 | 24 | 24 | 12 | 21 | 6 | 15 | 14 | 23 | 10 | 16 | 1 | 
24 | 4 | 22 | 7 | 3 | 6 | 19 | 18 | 24 | 1 | 12 | 15 | 6 | 15 | 20 | 25 | 24 | 16 | 1 | 15 | 
END. 
START for Step 780.
19 | 12 | 15 | 6 | 15 | 20 | 25 | 24 | 16 | 1 | 15 | 12 | 17 | 20 | 20 | 2 | 13 | 0 | 1 | 24 | 
5 | 4 | 18 | 7 | 12 | 15 | 13 | 25 | 12 | 25 | 24 | 17 | 14 | 8 | 12 | 17 | 20 | 20 | 2 | 13 | 
22 | 10 | 14 | 25 | 4 | 22 | 7 | 3 | 6 | 19 | 4 | 18 | 7 | 12 | 15 | 13 | 25 | 12 | 25 | 24 | 
22 | 6 | 10 | 14 | 20 | 4 | 22 | 14 | 3 | 6 | 2 | 4 | 18 | 24 | 12 | 7 | 13 | 25 | 14 | 23 | 
10 | 2 | 4 | 18 | 24 | 12 | 7 | 13 | 25 | 14 | 23 | 13 | 17 | 14 | 8 | 12 | 17 | 21 | 20 | 2 | 
15 | 24 | 12 | 21 | 6 | 15 | 14 | 23 | 10 | 16 | 1 | 8 | 12 | 17 | 21 | 20 | 2 | 16 | 0 | 1 | 
4 | 20 | 4 | 22 | 14 | 3 | 6 | 8 | 18 | 24 | 24 | 12 | 21 | 6 | 15 | 14 | 23 | 10 | 16 | 1 | 
24 | 4 | 22 | 7 | 3 | 6 | 19 | 18 | 24 | 1 | 12 | 15 | 6 | 15 | 20 | 25 | 24 | 16 | 1 | 15 | 
END. 
START for Step 790.
19 | 12 | 15 | 6 | 15 | 20 | 25 | 24 | 16 | 1 | 15 | 12 | 17 | 20 | 20 | 2 | 13 | 0 | 1 | 24 | 
5 | 4 | 18 | 7 | 12 | 15 | 13 | 25 | 12 | 25 | 24 | 17 | 14 | 8 | 12 | 17 | 20 | 20 | 2 | 13 | 
22 | 10 | 14 | 25 | 4 | 22 | 7 | 3 | 6 | 19 | 4 | 18 | 7 | 12 | 15 | 13 | 25 | 12 | 25 | 24 | 
22 | 6 | 10 | 14 | 20 | 4 | 22 | 14 | 3 | 6 | 2 | 4 | 18 | 24 | 12 | 7 | 13 | 25 | 14 | 23 | 
10 | 2 | 4 | 18 | 24 | 12 | 7 | 13 | 25 | 14 | 23 | 13 | 17 | 14 | 8 | 12 | 17 | 21 | 20 | 2 | 
15 | 24 | 12 | 21 | 6 | 15 | 14 | 23 | 10 | 16 | 1 | 8 | 12 | 17 | 21 | 20 | 2 | 16 | 0 | 1 | 
4 | 20 | 4 | 22 | 14 | 3 | 6 | 8 | 18 | 24 | 24 | 12 | 21 | 6 | 15 | 14 | 23 | 10 | 16 | 1 | 
24 | 4 | 22 | 7 | 3 | 6 | 19 | 18 | 24 | 1 | 12 | 15 | 6 | 15 | 20 | 25 | 24 | 16 | 1 | 15 | 
END. 
START for Step 800.
19 | 12 | 15 | 6 | 15 | 20 | 25 | 24 | 16 | 1 | 15 | 12 | 17 | 20 | 20 | 2 | 13 | 0 | 1 | 24 | 
5 | 4 | 18 | 7 | 12 | 15 | 13 | 25 | 12 | 25 | 24 | 17 | 14 | 8 | 12 | 17 | 20 | 20 | 2 | 13 | 
22 | 10 | 14 | 25 | 4 | 22 | 7 | 3 | 6 | 19 | 4 | 18 | 7 | 12 | 15 | 13 | 25 | 12 | 25 | 24 | 
22 | 6 | 10 | 14 | 20 | 4 | 22 | 14 | 3 | 6 | 2 | 4 | 18 | 24 | 12 | 7 | 13 | 25 | 14 | 23 | 
10 | 2 | 4 | 18 | 24 | 12 | 7 | 13 | 25 | 14 | 23 | 13 | 17 | 14 | 8 | 12 | 17 | 21 | 20 | 2 | 
15 | 24 | 12 | 21 | 6 | 15 | 14 | 23 | 10 | 16 | 1 | 8 | 12 | 17 | 21 | 20 | 2 | 16 | 0 | 1 | 
4 | 20 | 4 | 22 | 14 | 3 | 6 | 8 | 18 | 24 | 24 | 12 | 21 | 6 | 15 | 14 | 23 | 10 | 16 | 1 | 
24 | 4 | 22 | 7 | 3 | 6 | 19 | 18 | 24 | 1 | 12 | 15 | 6 | 15 | 20 | 25 | 24 | 16 | 1 | 15 | 
END. 
START for Step 810.
19 | 12 | 15 | 6 | 15 | 20 | 25 | 24 | 16 | 1 | 15 | 12 | 17 | 20 | 20 | 2 | 13 | 0 | 1 | 24 | 
5 | 4 | 18 | 7 | 12 | 15 | 13 | 25 | 12 | 25 | 24 | 17 | 14 | 8 | 12 | 17 | 20 | 20 | 2 | 13 | 
22 | 10 | 14 | 25 | 4 | 22 | 7 | 3 | 6 | 19 | 4 | 18 | 7 | 12 | 15 | 13 | 25 | 12 | 25 | 24 | 
22 | 6 | 10 | 14 | 20 | 4 | 22 | 14 | 3 | 6 | 2 | 4 | 18 | 24 | 12 | 7 | 13 | 25 | 14 | 23 | 
10 | 2 | 4 | 18 | 24 | 12 | 7 | 13 | 25 | 14 | 23 | 13 | 17 | 14 | 8 | 12 | 17 | 21 | 20 | 2 | 
15 | 24 | 12 | 21 | 6 | 15 | 14 | 23 | 10 | 16 | 1 | 8 | 12 | 17 | 21 | 20 | 2 | 16 | 0 | 1 | 
4 | 20 | 4 | 22 | 14 | 3 | 6 | 8 | 18 | 24 | 24 | 12 | 21 | 6 | 15 | 14 | 23 | 10 | 16 | 1 | 
24 | 4 | 22 | 7 | 3 | 6 | 19 | 18 | 24 | 1 | 12 | 15 | 6 | 15 | 20 | 25 | 24 | 16 | 1 | 15 | 
END. 
START for Step 820.
19 | 12 | 15 | 6 | 15 | 20 | 25 | 24 | 16 | 1 | 15 | 12 | 17 | 20 | 20 | 2 | 13 | 0 | 1 | 24 | 
5 | 4 | 18 | 7 | 12 | 15 | 13 | 25 | 12 | 25 | 24 | 17 | 14 | 8 | 12 | 17 | 20 | 20 | 2 | 13 | 
22 | 10 | 14 | 25 | 4 | 22 | 7 | 3 | 6 | 19 | 4 | 18 | 7 | 12 | 15 | 13 | 25 | 12 | 25 | 24 | 
22 | 6 | 10 | 14 | 20 | 4 | 22 | 14 | 3 | 6 | 2 | 4 | 18 | 24 | 12 | 7 | 13 | 25 | 14 | 23 | 
10 | 2 | 4 | 18 | 24 | 12 | 7 | 13 | 25 | 14 | 23 | 13 | 17 | 14 | 8 | 12 | 17 | 21 | 20 | 2 | 
15 | 24 | 12 | 21 | 6 | 15 | 14 | 23 | 10 | 16 | 1 | 8 | 12 | 17 | 21 | 20 | 2 | 16 | 0 | 1 | 
4 | 20 | 4 | 22 | 14 | 3 | 6 | 8 | 18 | 24 | 24 | 12 | 21 | 6 | 15 | 14 | 23 | 10 | 16 | 1 | 
24 | 4 | 22 | 7 | 3 | 6 | 19 | 18 | 24 | 1 | 12 | 15 | 6 | 15 | 20 | 25 | 24 | 16 | 1 | 15 | 
END. 
START for Step 830.
19 | 10 | 14 | 25 | 4 | 22 | 7 | 3 | 6 | 19 | 4 | 18 | 7 | 12 | 15 | 13 | 25 | 12 | 25 | 24 | 
5 | 4 | 18 | 7 | 12 | 15 | 13 | 25 | 12 | 25 | 24 | 17 | 14 | 8 | 12 | 17 | 20 | 20 | 2 | 13 | 
22 | 12 | 15 | 6 | 15 | 20 | 25 | 24 | 16 | 1 | 15 | 12 | 17 | 20 | 20 | 2 | 13 | 0 | 1 | 24 | 
22 | 6 | 10 | 14 | 20 | 4 | 22 | 14 | 3 | 6 | 2 | 4 | 18 | 24 | 12 | 7 | 13 | 25 | 14 | 23 | 
10 | 2 | 4 | 18 | 24 | 12 | 7 | 13 | 25 | 14 | 23 | 13 | 17 | 14 | 8 | 12 | 17 | 21 | 20 | 2 | 
15 | 24 | 12 | 21 | 6 | 15 | 14 | 23 | 10 | 16 | 1 | 8 | 12 | 17 | 21 | 20 | 2 | 16 | 0 | 1 | 
4 | 20 | 4 | 22 | 14 | 3 | 6 | 8 | 18 | 24 | 24 | 12 | 21 | 6 | 15 | 14 | 23 | 10 | 16 | 1 | 
24 | 4 | 22 | 7 | 3 | 6 | 19 | 18 | 24 | 1 | 12 | 15 | 6 | 15 | 20 | 25 | 24 | 16 | 1 | 15 | 
END. 
START for Step 840.
19 | 10 | 14 | 25 | 4 | 22 | 7 | 3 | 6 | 19 | 4 | 18 | 7 | 12 | 15 | 13 | 25 | 12 | 25 | 24 | 
5 | 4 | 18 | 7 | 12 | 15 | 13 | 25 | 12 | 25 | 24 | 17 | 14 | 8 | 12 | 17 | 20 | 20 | 2 | 13 | 
22 | 12 | 15 | 6 | 15 | 20 | 25 | 24 | 16 | 1 | 15 | 12 | 17 | 20 | 20 | 2 | 13 | 0 | 1 | 24 | 
22 | 6 | 10 | 14 | 20 | 4 | 22 | 14 | 3 | 6 | 2 | 4 | 18 | 24 | 12 | 7 | 13 | 25 | 14 | 23 | 
10 | 2 | 4 | 18 | 24 | 12 | 7 | 13 | 25 | 14 | 23 | 13 | 17 | 14 | 8 | 12 | 17 | 21 | 20 | 2 | 
15 | 24 | 12 | 21 | 6 | 15 | 14 | 23 | 10 | 16 | 1 | 8 | 12 | 17 | 21 | 20 | 2 | 16 | 0 | 1 | 
4 | 20 | 4 | 22 | 14 | 3 | 6 | 8 | 18 | 24 | 24 | 12 | 21 | 6 | 15 | 14 | 23 | 10 | 16 | 1 | 
24 | 4 | 22 | 7 | 3 | 6 | 19 | 18 | 24 | 1 | 12 | 15 | 6 | 15 | 20 | 25 | 24 | 16 | 1 | 15 | 
END. 
START for Step 850.
19 | 10 | 14 | 25 | 4 | 22 | 7 | 3 | 6 | 19 | 4 | 18 | 7 | 12 | 15 | 13 | 25 | 12 | 25 | 24 | 
5 | 4 | 18 | 7 | 12 | 15 | 13 | 25 | 12 | 25 | 24 | 17 | 14 | 8 | 12 | 17 | 20 | 20 | 2 | 13 | 
22 | 12 | 15 | 6 | 15 | 20 | 25 | 24 | 16 | 1 | 15 | 12 | 17 | 20 | 20 | 2 | 13 | 0 | 1 | 24 | 
22 | 6 | 10 | 14 | 20 | 4 | 22 | 14 | 3 | 6 | 2 | 4 | 18 | 24 | 12 | 7 | 13 | 25 | 14 | 23 | 
10 | 2 | 4 | 18 | 24 | 12 | 7 | 13 | 25 | 14 | 23 | 13 | 17 | 14 | 8 | 12 | 17 | 21 | 20 | 2 | 
15 | 4 | 22 | 7 | 3 | 6 | 19 | 18 | 24 | 1 | 12 | 15 | 6 | 15 | 20 | 25 | 24 | 16 | 1 | 15 | 
4 | 24 | 12 | 21 | 6 | 15 | 14 | 23 | 10 | 16 | 1 | 8 | 12 | 17 | 21 | 20 | 2 | 16 | 0 | 1 | 
24 | 20 | 4 | 22 | 14 | 3 | 6 | 8 | 18 | 24 | 24 | 12 | 21 | 6 | 15 | 14 | 23 | 10 | 16 | 1 | 
END. 
START for Step 860.
19 | 10 | 14 | 25 | 4 | 22 | 7 | 3 | 6 | 19 | 4 | 18 | 7 | 12 | 15 | 13 | 25 | 12 | 25 | 24 | 
5 | 4 | 18 | 7 | 12 | 15 | 13 | 25 | 12 | 25 | 24 | 17 | 14 | 8 | 12 | 17 | 20 | 20 | 2 | 13 | 
22 | 12 | 15 | 6 | 15 | 20 | 25 | 24 | 16 | 1 | 15 | 12 | 17 | 20 | 20 | 2 | 13 | 0 | 1 | 24 | 
22 | 6 | 10 | 14 | 20 | 4 | 22 | 14 | 3 | 6 | 2 | 4 | 18 | 24 | 12 | 7 | 13 | 25 | 14 | 23 | 
10 | 2 | 4 | 18 | 24 | 12 | 7 | 13 | 25 | 14 | 23 | 13 | 17 | 14 | 8 | 12 | 17 | 21 | 20 | 2 | 
15 | 4 | 22 | 7 | 3 | 6 | 19 | 18 | 24 | 1 | 12 | 15 | 6 | 15 | 20 | 25 | 24 | 16 | 1 | 15 | 
4 | 24 | 12 | 21 | 6 | 15 | 14 | 23 | 10 | 16 | 1 | 8 | 12 | 17 | 21 | 20 | 2 | 16 | 0 | 1 | 
24 | 20 | 4 | 22 | 14 | 3 | 6 | 8 | 18 | 24 | 24 | 12 | 21 | 6 | 15 | 14 | 23 | 10 | 16 | 1 | 
END. 
START for Step 870.
19 | 10 | 14 | 25 | 4 | 22 | 7 | 3 | 6 | 19 | 4 | 18 | 7 | 12 | 15 | 13 | 25 | 12 | 25 | 24 | 
5 | 4 | 18 | 7 | 12 | 15 | 13 | 25 | 12 | 25 | 24 | 17 | 14 | 8 | 12 | 17 | 20 | 20 | 2 | 13 | 
22 | 12 | 15 | 6 | 15 | 20 | 25 | 24 | 16 | 1 | 15 | 12 | 17 | 20 | 20 | 2 | 13 | 0 | 1 | 24 | 
22 | 6 | 10 | 14 | 20 | 4 | 22 | 14 | 3 | 6 | 2 | 4 | 18 | 24 | 12 | 7 | 13 | 25 | 14 | 23 | 
10 | 2 | 4 | 18 | 24 | 12 | 7 | 13 | 25 | 14 | 23 | 13 | 17 | 14 | 8 | 12 | 17 | 21 | 20 | 2 | 
15 | 4 | 22 | 7 | 3 | 6 | 19 | 18 | 24 | 1 | 12 | 15 | 6 | 15 | 20 | 25 | 24 | 16 | 1 | 15 | 
4 | 24 | 12 | 21 | 6 | 15 | 14 | 23 | 10 | 16 | 1 | 8 | 12 | 17 | 21 | 20 | 2 | 16 | 0 | 1 | 
24 | 20 | 4 | 22 | 14 | 3 | 6 | 8 | 18 | 24 | 24 | 12 | 21 | 6 | 15 | 14 | 23 | 10 | 16 | 1 | 
END. 
START for Step 880.
19 | 10 | 14 | 25 | 4 | 22 | 7 | 3 | 6 | 19 | 4 | 18 | 7 | 12 | 15 | 13 | 25 | 12 | 25 | 24 | 
5 | 4 | 18 | 7 | 12 | 15 | 13 | 25 | 12 | 25 | 24 | 17 | 14 | 8 | 12 | 17 | 20 | 20 | 2 | 13 | 
22 | 12 | 15 | 6 | 15 | 20 | 25 | 24 | 16 | 1 | 15 | 12 | 17 | 20 | 20 | 2 | 13 | 0 | 1 | 24 | 
22 | 6 | 10 | 14 | 20 | 4 | 22 | 14 | 3 | 6 | 2 | 4 | 18 | 24 | 12 | 7 | 13 | 25 | 14 | 23 | 
10 | 2 | 4 | 18 | 24 | 12 | 7 | 13 | 25 | 14 | 23 | 13 | 17 | 14 | 8 | 12 | 17 | 21 | 20 | 2 | 
15 | 4 | 22 | 7 | 3 | 6 | 19 | 18 | 24 | 1 | 12 | 15 | 6 | 15 | 20 | 25 | 24 | 16 | 1 | 15 | 
4 | 24 | 12 | 21 | 6 | 15 | 14 | 23 | 10 | 16 | 1 | 8 | 12 | 17 | 21 | 20 | 2 | 16 | 0 | 1 | 
24 | 20 | 4 | 22 | 14 | 3 | 6 | 8 | 18 | 24 | 24 | 12 | 21 | 6 | 15 | 14 | 23 | 10 | 16 | 1 | 
END. 
START for Step 890.
19 | 10 | 14 | 25 | 4 | 22 | 7 | 3 | 6 | 19 | 4 | 18 | 7 | 12 | 15 | 13 | 25 | 12 | 25 | 24 | 
5 | 4 | 18 | 7 | 12 | 15 | 13 | 25 | 12 | 25 | 24 | 17 | 14 | 8 | 12 | 17 | 20 | 20 | 2 | 13 | 
22 | 12 | 15 | 6 | 15 | 20 | 25 | 24 | 16 | 1 | 15 | 12 | 17 | 20 | 20 | 2 | 13 | 0 | 1 | 24 | 
22 | 6 | 10 | 14 | 20 | 4 | 22 | 14 | 3 | 6 | 2 | 4 | 18 | 24 | 12 | 7 | 13 | 25 | 14 | 23 | 
10 | 2 | 4 | 18 | 24 | 12 | 7 | 13 | 25 | 14 | 23 | 13 | 17 | 14 | 8 | 12 | 17 | 21 | 20 | 2 | 
15 | 4 | 22 | 7 | 3 | 6 | 19 | 18 | 24 | 1 | 12 | 15 | 6 | 15 | 20 | 25 | 24 | 16 | 1 | 15 | 
4 | 24 | 12 | 21 | 6 | 15 | 14 | 23 | 10 | 16 | 1 | 8 | 12 | 17 | 21 | 20 | 2 | 16 | 0 | 1 | 
24 | 20 | 4 | 22 | 14 | 3 | 6 | 8 | 18 | 24 | 24 | 12 | 21 | 6 | 15 | 14 | 23 | 10 | 16 | 1 | 
END. 
START for Step 900.
19 | 10 | 14 | 25 | 4 | 22 | 7 | 3 | 6 | 19 | 4 | 18 | 7 | 12 | 15 | 13 | 25 | 12 | 25 | 24 | 
5 | 4 | 18 | 7 | 12 | 15 | 13 | 25 | 12 | 25 | 24 | 17 | 14 | 8 | 12 | 17 | 20 | 20 | 2 | 13 | 
22 | 12 | 15 | 6 | 15 | 20 | 25 | 24 | 16 | 1 | 15 | 12 | 17 | 20 | 20 | 2 | 13 | 0 | 1 | 24 | 
22 | 6 | 10 | 14 | 20 | 4 | 22 | 14 | 3 | 6 | 2 | 4 | 18 | 24 | 12 | 7 | 13 | 25 | 14 | 23 | 
10 | 2 | 4 | 18 | 24 | 12 | 7 | 13 | 25 | 14 | 23 | 13 | 17 | 14 | 8 | 12 | 17 | 21 | 20 | 2 | 
15 | 4 | 22 | 7 | 3 | 6 | 19 | 18 | 24 | 1 | 12 | 15 | 6 | 15 | 20 | 25 | 24 | 16 | 1 | 15 | 
4 | 24 | 12 | 21 | 6 | 15 | 14 | 23 | 10 | 16 | 1 | 8 | 12 | 17 | 21 | 20 | 2 | 16 | 0 | 1 | 
24 | 20 | 4 | 22 | 14 | 3 | 6 | 8 | 18 | 24 | 24 | 12 | 21 | 6 | 15 | 14 | 23 | 10 | 16 | 1 | 
END. 
START for Step 910.
19 | 10 | 14 | 25 | 4 | 22 | 7 | 3 | 6 | 19 | 4 | 18 | 7 | 12 | 15 | 13 | 25 | 12 | 25 | 24 | 
5 | 4 | 18 | 7 | 12 | 15 | 13 | 25 | 12 | 25 | 24 | 17 | 14 | 8 | 12 | 17 | 20 | 20 | 2 | 13 | 
22 | 12 | 15 | 6 | 15 | 20 | 25 | 24 | 16 | 1 | 15 | 12 | 17 | 20 | 20 | 2 | 13 | 0 | 1 | 24 | 
22 | 6 | 10 | 14 | 20 | 4 | 22 | 14 | 3 | 6 | 2 | 4 | 18 | 24 | 12 | 7 | 13 | 25 | 14 | 23 | 
10 | 2 | 4 | 18 | 24 | 12 | 7 | 13 | 25 | 14 | 23 | 13 | 17 | 14 | 8 | 12 | 17 | 21 | 20 | 2 | 
15 | 4 | 22 | 7 | 3 | 6 | 19 | 18 | 24 | 1 | 12 | 15 | 6 | 15 | 20 | 25 | 24 | 16 | 1 | 15 | 
4 | 24 | 12 | 21 | 6 | 15 | 14 | 23 | 10 | 16 | 1 | 8 | 12 | 17 | 21 | 20 | 2 | 16 | 0 | 1 | 
24 | 20 | 4 | 22 | 14 | 3 | 6 | 8 | 18 | 24 | 24 | 12 | 21 | 6 | 15 | 14 | 23 | 10 | 16 | 1 | 
END. 
START for Step 920.
19 | 10 | 14 | 25 | 4 | 22 | 7 | 3 | 6 | 19 | 4 | 18 | 7 | 12 | 15 | 13 | 25 | 12 | 25 | 24 | 
5 | 4 | 18 | 7 | 12 | 15 | 13 | 25 | 12 | 25 | 24 | 17 | 14 | 8 | 12 | 17 | 20 | 20 | 2 | 13 | 
22 | 12 | 15 | 6 | 15 | 20 | 25 | 24 | 16 | 1 | 15 | 12 | 17 | 20 | 20 | 2 | 13 | 0 | 1 | 24 | 
22 | 6 | 10 | 14 | 20 | 4 | 22 | 14 | 3 | 6 | 2 | 4 | 18 | 24 | 12 | 7 | 13 | 25 | 14 | 23 | 
10 | 2 | 4 | 18 | 24 | 12 | 7 | 13 | 25 | 14 | 23 | 13 | 17 | 14 | 8 | 12 | 17 | 21 | 20 | 2 | 
15 | 4 | 22 | 7 | 3 | 6 | 19 | 18 | 24 | 1 | 12 | 15 | 6 | 15 | 20 | 25 | 24 | 16 | 1 | 15 | 
4 | 24 | 12 | 21 | 6 | 15 | 14 | 23 | 10 | 16 | 1 | 8 | 12 | 17 | 21 | 20 | 2 | 16 | 0 | 1 | 
24 | 20 | 4 | 22 | 14 | 3 | 6 | 8 | 18 | 24 | 24 | 12 | 21 | 6 | 15 | 14 | 23 | 10 | 16 | 1 | 
END. 
START for Step 930.
19 | 10 | 14 | 25 | 4 | 22 | 7 | 3 | 6 | 19 | 4 | 18 | 7 | 12 | 15 | 13 | 25 | 12 | 25 | 24 | 
5 | 4 | 18 | 7 | 12 | 15 | 13 | 25 | 12 | 25 | 24 | 17 | 14 | 8 | 12 | 17 | 20 | 20 | 2 | 13 | 
22 | 12 | 15 | 6 | 15 | 20 | 25 | 24 | 16 | 1 | 15 | 12 | 17 | 20 | 20 | 2 | 13 | 0 | 1 | 24 | 
22 | 6 | 10 | 14 | 20 | 4 | 22 | 14 | 3 | 6 | 2 | 4 | 18 | 24 | 12 | 7 | 13 | 25 | 14 | 23 | 
10 | 2 | 4 | 18 | 24 | 12 | 7 | 13 | 25 | 14 | 23 | 13 | 17 | 14 | 8 | 12 | 17 | 21 | 20 | 2 | 
15 | 4 | 22 | 7 | 3 | 6 | 19 | 18 | 24 | 1 | 12 | 15 | 6 | 15 | 20 | 25 | 24 | 16 | 1 | 15 | 
4 | 24 | 12 | 21 | 6 | 15 | 14 | 23 | 10 | 16 | 1 | 8 | 12 | 17 | 21 | 20 | 2 | 16 | 0 | 1 | 
24 | 20 | 4 | 22 | 14 | 3 | 6 | 8 | 18 | 24 | 24 | 12 | 21 | 6 | 15 | 14 | 23 | 10 | 16 | 1 | 
END. 
START for Step 940.
19 | 10 | 14 | 25 | 4 | 22 | 7 | 3 | 6 | 19 | 4 | 18 | 7 | 12 | 15 | 13 | 25 | 12 | 25 | 24 | 
5 | 4 | 18 | 7 | 12 | 15 | 13 | 25 | 12 | 25 | 24 | 17 | 14 | 8 | 12 | 17 | 20 | 20 | 2 | 13 | 
22 | 12 | 15 | 6 | 15 | 20 | 25 | 24 | 16 | 1 | 15 | 12 | 17 | 20 | 20 | 2 | 13 | 0 | 1 | 24 | 
22 | 6 | 10 | 14 | 20 | 4 | 22 | 14 | 3 | 6 | 2 | 4 | 18 | 24 | 12 | 7 | 13 | 25 | 14 | 23 | 
10 | 2 | 4 | 18 | 24 | 12 | 7 | 13 | 25 | 14 | 23 | 13 | 17 | 14 | 8 | 12 | 17 | 21 | 20 | 2 | 
15 | 4 | 22 | 7 | 3 | 6 | 19 | 18 | 24 | 1 | 12 | 15 | 6 | 15 | 20 | 25 | 24 | 16 | 1 | 15 | 
4 | 24 | 12 | 21 | 6 | 15 | 14 | 23 | 10 | 16 | 1 | 8 | 12 | 17 | 21 | 20 | 2 | 16 | 0 | 1 | 
24 | 20 | 4 | 22 | 14 | 3 | 6 | 8 | 18 | 24 | 24 | 12 | 21 | 6 | 15 | 14 | 23 | 10 | 16 | 1 | 
END. 
START for Step 950.
19 | 10 | 14 | 25 | 4 | 22 | 7 | 3 | 6 | 19 | 4 | 18 | 7 | 12 | 15 | 13 | 25 | 12 | 25 | 24 | 
5 | 4 | 18 | 7 | 12 | 15 | 13 | 25 | 12 | 25 | 24 | 17 | 14 | 8 | 12 | 17 | 20 | 20 | 2 | 13 | 
22 | 12 | 15 | 6 | 15 | 20 | 25 | 24 | 16 | 1 | 15 | 12 | 17 | 20 | 20 | 2 | 13 | 0 | 1 | 24 | 
22 | 6 | 10 | 14 | 20 | 4 | 22 | 14 | 3 | 6 | 2 | 4 | 18 | 24 | 12 | 7 | 13 | 25 | 14 | 23 | 
10 | 2 | 4 | 18 | 24 | 12 | 7 | 13 | 25 | 14 | 23 | 13 | 17 | 14 | 8 | 12 | 17 | 21 | 20 | 2 | 
15 | 4 | 22 | 7 | 3 | 6 | 19 | 18 | 24 | 1 | 12 | 15 | 6 | 15 | 20 | 25 | 24 | 16 | 1 | 15 | 
4 | 24 | 12 | 21 | 6 | 15 | 14 | 23 | 10 | 16 | 1 | 8 | 12 | 17 | 21 | 20 | 2 | 16 | 0 | 1 | 
24 | 20 | 4 | 22 | 14 | 3 | 6 | 8 | 18 | 24 | 24 | 12 | 21 | 6 | 15 | 14 | 23 | 10 | 16 | 1 | 
END. 
START for Step 960.
19 | 10 | 14 | 25 | 4 | 22 | 7 | 3 | 6 | 19 | 4 | 18 | 7 | 12 | 15 | 13 | 25 | 12 | 25 | 24 | 
5 | 4 | 18 | 7 | 12 | 15 | 13 | 25 | 12 | 25 | 24 | 17 | 14 | 8 | 12 | 17 | 20 | 20 | 2 | 13 | 
22 | 12 | 15 | 6 | 15 | 20 | 25 | 24 | 16 | 1 | 15 | 12 | 17 | 20 | 20 | 2 | 13 | 0 | 1 | 24 | 
22 | 6 | 10 | 14 | 20 | 4 | 22 | 14 | 3 | 6 | 2 | 4 | 18 | 24 | 12 | 7 | 13 | 25 | 14 | 23 | 
10 | 2 | 4 | 18 | 24 | 12 | 7 | 13 | 25 | 14 | 23 | 13 | 17 | 14 | 8 | 12 | 17 | 21 | 20 | 2 | 
15 | 4 | 22 | 7 | 3 | 6 | 19 | 18 | 24 | 1 | 12 | 15 | 6 | 15 | 20 | 25 | 24 | 16 | 1 | 15 | 
4 | 24 | 12 | 21 | 6 | 15 | 14 | 23 | 10 | 16 | 1 | 8 | 12 | 17 | 21 | 20 | 2 | 16 | 0 | 1 | 
24 | 20 | 4 | 22 | 14 | 3 | 6 | 8 | 18 | 24 | 24 | 12 | 21 | 6 | 15 | 14 | 23 | 10 | 16 | 1 | 
END. 
START for Step 970.
19 | 10 | 14 | 25 | 4 | 22 | 7 | 3 | 6 | 19 | 4 | 18 | 7 | 12 | 15 | 13 | 25 | 12 | 25 | 24 | 
5 | 4 | 18 | 7 | 12 | 15 | 13 | 25 | 12 | 25 | 24 | 17 | 14 | 8 | 12 | 17 | 20 | 20 | 2 | 13 | 
22 | 12 | 15 | 6 | 15 | 20 | 25 | 24 | 16 | 1 | 15 | 12 | 17 | 20 | 20 | 2 | 13 | 0 | 1 | 24 | 
22 | 6 | 10 | 14 | 20 | 4 | 22 | 14 | 3 | 6 | 2 | 4 | 18 | 24 | 12 | 7 | 13 | 25 | 14 | 23 | 
10 | 2 | 4 | 18 | 24 | 12 | 7 | 13 | 25 | 14 | 23 | 13 | 17 | 14 | 8 | 12 | 17 | 21 | 20 | 2 | 
15 | 4 | 22 | 7 | 3 | 6 | 19 | 18 | 24 | 1 | 12 | 15 | 6 | 15 | 20 | 25 | 24 | 16 | 1 | 15 | 
4 | 24 | 12 | 21 | 6 | 15 | 14 | 23 | 10 | 16 | 1 | 8 | 12 | 17 | 21 | 20 | 2 | 16 | 0 | 1 | 
24 | 20 | 4 | 22 | 14 | 3 | 6 | 8 | 18 | 24 | 24 | 12 | 21 | 6 | 15 | 14 | 23 | 10 | 16 | 1 | 
END. 
START for Step 980.
19 | 10 | 14 | 25 | 4 | 22 | 7 | 3 | 6 | 19 | 4 | 18 | 7 | 12 | 15 | 13 | 25 | 12 | 25 | 24 | 
5 | 4 | 18 | 7 | 12 | 15 | 13 | 25 | 12 | 25 | 24 | 17 | 14 | 8 | 12 | 17 | 20 | 20 | 2 | 13 | 
22 | 12 | 15 | 6 | 15 | 20 | 25 | 24 | 16 | 1 | 15 | 12 | 17 | 20 | 20 | 2 | 13 | 0 | 1 | 24 | 
22 | 6 | 10 | 14 | 20 | 4 | 22 | 14 | 3 | 6 | 2 | 4 | 18 | 24 | 12 | 7 | 13 | 25 | 14 | 23 | 
10 | 2 | 4 | 18 | 24 | 12 | 7 | 13 | 25 | 14 | 23 | 13 | 17 | 14 | 8 | 12 | 17 | 21 | 20 | 2 | 
15 | 4 | 22 | 7 | 3 | 6 | 19 | 18 | 24 | 1 | 12 | 15 | 6 | 15 | 20 | 25 | 24 | 16 | 1 | 15 | 
4 | 24 | 12 | 21 | 6 | 15 | 14 | 23 | 10 | 16 | 1 | 8 | 12 | 17 | 21 | 20 | 2 | 16 | 0 | 1 | 
24 | 20 | 4 | 22 | 14 | 3 | 6 | 8 | 18 | 24 | 24 | 12 | 21 | 6 | 15 | 14 | 23 | 10 | 16 | 1 | 
END. 
START for Step 990.
19 | 10 | 14 | 25 | 4 | 22 | 7 | 3 | 6 | 19 | 4 | 18 | 7 | 12 | 15 | 13 | 25 | 12 | 25 | 24 | 
5 | 4 | 18 | 7 | 12 | 15 | 13 | 25 | 12 | 25 | 24 | 17 | 14 | 8 | 12 | 17 | 20 | 20 | 2 | 13 | 
22 | 12 | 15 | 6 | 15 | 20 | 25 | 24 | 16 | 1 | 15 | 12 | 17 | 20 | 20 | 2 | 13 | 0 | 1 | 24 | 
22 | 6 | 10 | 14 | 20 | 4 | 22 | 14 | 3 | 6 | 2 | 4 | 18 | 24 | 12 | 7 | 13 | 25 | 14 | 23 | 
10 | 2 | 4 | 18 | 24 | 12 | 7 | 13 | 25 | 14 | 23 | 13 | 17 | 14 | 8 | 12 | 17 | 21 | 20 | 2 | 
15 | 4 | 22 | 7 | 3 | 6 | 19 | 18 | 24 | 1 | 12 | 15 | 6 | 15 | 20 | 25 | 24 | 16 | 1 | 15 | 
4 | 24 | 12 | 21 | 6 | 15 | 14 | 23 | 10 | 16 | 1 | 8 | 12 | 17 | 21 | 20 | 2 | 16 | 0 | 1 | 
24 | 20 | 4 | 22 | 14 | 3 | 6 | 8 | 18 | 24 | 24 | 12 | 21 | 6 | 15 | 14 | 23 | 10 | 16 | 1 | 
END. 
START for Step 1000.
19 | 10 | 14 | 25 | 4 | 22 | 7 | 3 | 6 | 19 | 4 | 18 | 7 | 12 | 15 | 13 | 25 | 12 | 25 | 24 | 
5 | 4 | 18 | 7 | 12 | 15 | 13 | 25 | 12 | 25 | 24 | 17 | 14 | 8 | 12 | 17 | 20 | 20 | 2 | 13 | 
22 | 12 | 15 | 6 | 15 | 20 | 25 | 24 | 16 | 1 | 15 | 12 | 17 | 20 | 20 | 2 | 13 | 0 | 1 | 24 | 
22 | 6 | 10 | 14 | 20 | 4 | 22 | 14 | 3 | 6 | 2 | 4 | 18 | 24 | 12 | 7 | 13 | 25 | 14 | 23 | 
10 | 2 | 4 | 18 | 24 | 12 | 7 | 13 | 25 | 14 | 23 | 13 | 17 | 14 | 8 | 12 | 17 | 21 | 20 | 2 | 
15 | 4 | 22 | 7 | 3 | 6 | 19 | 18 | 24 | 1 | 12 | 15 | 6 | 15 | 20 | 25 | 24 | 16 | 1 | 15 | 
4 | 24 | 12 | 21 | 6 | 15 | 14 | 23 | 10 | 16 | 1 | 8 | 12 | 17 | 21 | 20 | 2 | 16 | 0 | 1 | 
24 | 20 | 4 | 22 | 14 | 3 | 6 | 8 | 18 | 24 | 24 | 12 | 21 | 6 | 15 | 14 | 23 | 10 | 16 | 1 | 
END. 
