# LAMMPS data file generated by gaussian_polymer.py

32 atoms
1 atom types
31 bonds
1 bond types

0.0    40.0    xlo    xhi
0.0    40.0    ylo    yhi
0.0    40.0    zlo    zhi

Masses

1    1.0000    # monomer bead

Atoms

1 	 1 	 1 	 0 	 2.0 	 2.0 	 2.0 	 0 	 0 	 0
2 	 1 	 1 	 0 	 1.5976856851979488 	 1.5682278825103846 	 1.1927106896137607 	 0 	 0 	 0
3 	 1 	 1 	 0 	 1.575157910654611 	 2.1399683981517876 	 0.37258552712438353 	 0 	 0 	 0
4 	 1 	 1 	 0 	 0.7594767208686496 	 2.0432440633575664 	 0.9429438352851165 	 0 	 0 	 0
5 	 1 	 1 	 0 	 0.32524848779588544 	 2.687349335909163 	 1.57268524211314 	 0 	 0 	 0
6 	 1 	 1 	 0 	 0.03284035442397021 	 3.6107812980606124 	 1.324147730225949 	 0 	 0 	 0
7 	 1 	 1 	 0 	 0.5583372819248238 	 4.356363469443355 	 0.9143182475098364 	 0 	 0 	 0
8 	 1 	 1 	 0 	 0.26663632385093794 	 3.401587276323564 	 0.9718766709633706 	 0 	 0 	 0
9 	 1 	 1 	 0 	 -0.1038380812010376 	 3.9941539967160073 	 0.25660511617824644 	 0 	 0 	 0
10 	 1 	 1 	 0 	 -0.8200645208922723 	 3.731080486364871 	 0.902988914891324 	 0 	 0 	 0
11 	 1 	 1 	 0 	 -0.5651814796132293 	 3.4002451645538563 	 -0.00562685930068707 	 0 	 0 	 0
12 	 1 	 1 	 0 	 -1.058714733895443 	 4.249302147437471 	 0.18285965675332588 	 0 	 0 	 0
13 	 1 	 1 	 0 	 -0.5086059471760489 	 4.446648777461913 	 -0.6285801933847555 	 0 	 0 	 0
14 	 1 	 1 	 0 	 -1.0124997545383767 	 3.791987640086967 	 -1.1920602960617173 	 0 	 0 	 0
15 	 1 	 1 	 0 	 -0.7227501105422632 	 2.9636101169215063 	 -1.6714722513969824 	 0 	 0 	 0
16 	 1 	 1 	 0 	 -1.305531362923987 	 2.205188464385934 	 -1.96329858474886 	 0 	 0 	 0
17 	 1 	 1 	 0 	 -1.4499846357188186 	 1.8331304499302592 	 -1.0463983252559514 	 0 	 0 	 0
18 	 1 	 1 	 0 	 -2.326050448120148 	 2.289912862463427 	 -1.2008603592383436 	 0 	 0 	 0
19 	 1 	 1 	 0 	 -2.742990034226701 	 1.7306656541391634 	 -1.9173824744021493 	 0 	 0 	 0
20 	 1 	 1 	 0 	 -2.5137795124578464 	 1.3174884226744767 	 -2.7987150518719863 	 0 	 0 	 0
21 	 1 	 1 	 0 	 -2.627979289457607 	 1.8409803810295537 	 -1.954372360501491 	 0 	 0 	 0
22 	 1 	 1 	 0 	 -3.20201423363054 	 2.592500171385928 	 -1.6292540934491937 	 0 	 0 	 0
23 	 1 	 1 	 0 	 -3.3424125271029563 	 3.5312186352310446 	 -1.9440492090820407 	 0 	 0 	 0
24 	 1 	 1 	 0 	 -2.6275691505850416 	 4.192849264078049 	 -2.170420271764495 	 0 	 0 	 0
25 	 1 	 1 	 0 	 -3.1666945621676534 	 4.74718804095388 	 -2.8044962222922587 	 0 	 0 	 0
26 	 1 	 1 	 0 	 -3.8396324813655136 	 5.104996908247871 	 -3.451896694481958 	 0 	 0 	 0
27 	 1 	 1 	 0 	 -3.251953061419446 	 5.887642179681812 	 -3.6570777815098467 	 0 	 0 	 0
28 	 1 	 1 	 0 	 -3.6636706600601516 	 6.7225646456279655 	 -3.2918475872105186 	 0 	 0 	 0
29 	 1 	 1 	 0 	 -3.838734770778181 	 5.824679813699982 	 -2.8879226118349397 	 0 	 0 	 0
30 	 1 	 1 	 0 	 -3.717966654062928 	 6.483939734120271 	 -2.1457693801418576 	 0 	 0 	 0
31 	 1 	 1 	 0 	 -2.9013310254983056 	 6.668984032133755 	 -2.6924547173620548 	 0 	 0 	 0
32 	 1 	 1 	 0 	 -3.6613565204573466 	 6.243756225905273 	 -2.200984921929643 	 0 	 0 	 0

Bonds

1 	 1 	 1 	 2
2 	 1 	 2 	 3
3 	 1 	 3 	 4
4 	 1 	 4 	 5
5 	 1 	 5 	 6
6 	 1 	 6 	 7
7 	 1 	 7 	 8
8 	 1 	 8 	 9
9 	 1 	 9 	 10
10 	 1 	 10 	 11
11 	 1 	 11 	 12
12 	 1 	 12 	 13
13 	 1 	 13 	 14
14 	 1 	 14 	 15
15 	 1 	 15 	 16
16 	 1 	 16 	 17
17 	 1 	 17 	 18
18 	 1 	 18 	 19
19 	 1 	 19 	 20
20 	 1 	 20 	 21
21 	 1 	 21 	 22
22 	 1 	 22 	 23
23 	 1 	 23 	 24
24 	 1 	 24 	 25
25 	 1 	 25 	 26
26 	 1 	 26 	 27
27 	 1 	 27 	 28
28 	 1 	 28 	 29
29 	 1 	 29 	 30
30 	 1 	 30 	 31
31 	 1 	 31 	 32
