This file contains energy of the Grid at certain points in the simulation.
Energy | Step_Number
-60 | 0
-72 | 50
-75 | 100
-75 | 150
-75 | 200
-75 | 250
-75 | 300
-75 | 350
-75 | 400
-75 | 450
-75 | 500
-75 | 550
-75 | 600
-75 | 650
-75 | 700
-75 | 750
-75 | 800
-75 | 850
-75 | 900
-72 | 950
-75 | 1000
-75 | 1050
-75 | 1100
-75 | 1150
-75 | 1200
-75 | 1250
-75 | 1300
-75 | 1350
-75 | 1400
-75 | 1450
-75 | 1500
-75 | 1550
-75 | 1600
-75 | 1650
-75 | 1700
-75 | 1750
-75 | 1800
-75 | 1850
-75 | 1900
-75 | 1950
-75 | 2000
-75 | 2050
-75 | 2100
-75 | 2150
-75 | 2200
-75 | 2250
-75 | 2300
-75 | 2350
-75 | 2400
-75 | 2450
-72 | 2500
-75 | 2550
-75 | 2600
-72 | 2650
-75 | 2700
-75 | 2750
-75 | 2800
-75 | 2850
-75 | 2900
-75 | 2950
-75 | 3000
-75 | 3050
-75 | 3100
-75 | 3150
-72 | 3200
-75 | 3250
-75 | 3300
-75 | 3350
-75 | 3400
-75 | 3450
-75 | 3500
-75 | 3550
-75 | 3600
-75 | 3650
-75 | 3700
-75 | 3750
-75 | 3800
-75 | 3850
-75 | 3900
-75 | 3950
-75 | 4000
-75 | 4050
-75 | 4100
-75 | 4150
-75 | 4200
-75 | 4250
-75 | 4300
-75 | 4350
-75 | 4400
-75 | 4450
-75 | 4500
-75 | 4550
-75 | 4600
-75 | 4650
-75 | 4700
-75 | 4750
-75 | 4800
-75 | 4850
-75 | 4900
-75 | 4950
-75 | 5000
-75 | 5050
-75 | 5100
-75 | 5150
-75 | 5200
-75 | 5250
-75 | 5300
-75 | 5350
-75 | 5400
-75 | 5450
-75 | 5500
-75 | 5550
-75 | 5600
-75 | 5650
-75 | 5700
-72 | 5750
-72 | 5800
-75 | 5850
-75 | 5900
-75 | 5950
-75 | 6000
-75 | 6050
-75 | 6100
-75 | 6150
-75 | 6200
-75 | 6250
-75 | 6300
-72 | 6350
-75 | 6400
-75 | 6450
-75 | 6500
-75 | 6550
-75 | 6600
-75 | 6650
-75 | 6700
-75 | 6750
-75 | 6800
-75 | 6850
-72 | 6900
-72 | 6950
-75 | 7000
-75 | 7050
-75 | 7100
-75 | 7150
-75 | 7200
-75 | 7250
-75 | 7300
-75 | 7350
-75 | 7400
-75 | 7450
-75 | 7500
-75 | 7550
-75 | 7600
-72 | 7650
-75 | 7700
-75 | 7750
-75 | 7800
-75 | 7850
-75 | 7900
-75 | 7950
-75 | 8000
-75 | 8050
-75 | 8100
-75 | 8150
-75 | 8200
-72 | 8250
-75 | 8300
-75 | 8350
-75 | 8400
-75 | 8450
-75 | 8500
-75 | 8550
-75 | 8600
-75 | 8650
-75 | 8700
-75 | 8750
-75 | 8800
-75 | 8850
-75 | 8900
-75 | 8950
-72 | 9000
-75 | 9050
-75 | 9100
-75 | 9150
-72 | 9200
-75 | 9250
-75 | 9300
-72 | 9350
-75 | 9400
-75 | 9450
-75 | 9500
-72 | 9550
-75 | 9600
-75 | 9650
-75 | 9700
-75 | 9750
-75 | 9800
-75 | 9850
-75 | 9900
-75 | 9950
-75 | 10000
-75 | 10050
-75 | 10100
-75 | 10150
-75 | 10200
-75 | 10250
-75 | 10300
-72 | 10350
-75 | 10400
-75 | 10450
-75 | 10500
-75 | 10550
-75 | 10600
-75 | 10650
-75 | 10700
-75 | 10750
-75 | 10800
-75 | 10850
-75 | 10900
-75 | 10950
-75 | 11000
-75 | 11050
-75 | 11100
-75 | 11150
-75 | 11200
-75 | 11250
-75 | 11300
-75 | 11350
-75 | 11400
-75 | 11450
-75 | 11500
-75 | 11550
-75 | 11600
-75 | 11650
-75 | 11700
-75 | 11750
-75 | 11800
-75 | 11850
-75 | 11900
-75 | 11950
-75 | 12000
-75 | 12050
-75 | 12100
-75 | 12150
-75 | 12200
-75 | 12250
-75 | 12300
-75 | 12350
-75 | 12400
-75 | 12450
-75 | 12500
-75 | 12550
-75 | 12600
-75 | 12650
-75 | 12700
-75 | 12750
-75 | 12800
-75 | 12850
-75 | 12900
-75 | 12950
-75 | 13000
-75 | 13050
-75 | 13100
-75 | 13150
-75 | 13200
-75 | 13250
-75 | 13300
-75 | 13350
-75 | 13400
-75 | 13450
-75 | 13500
-75 | 13550
-75 | 13600
-75 | 13650
-75 | 13700
-75 | 13750
-75 | 13800
-75 | 13850
-75 | 13900
-75 | 13950
-75 | 14000
-75 | 14050
-75 | 14100
-75 | 14150
-75 | 14200
-75 | 14250
-75 | 14300
-75 | 14350
-75 | 14400
-75 | 14450
-75 | 14500
-75 | 14550
-75 | 14600
-75 | 14650
-75 | 14700
-75 | 14750
-75 | 14800
-75 | 14850
-75 | 14900
-75 | 14950
-75 | 15000
-75 | 15050
-75 | 15100
-75 | 15150
-75 | 15200
-75 | 15250
-75 | 15300
-75 | 15350
-75 | 15400
-75 | 15450
-75 | 15500
-75 | 15550
-75 | 15600
-75 | 15650
-75 | 15700
-75 | 15750
-75 | 15800
-75 | 15850
-75 | 15900
-75 | 15950
-75 | 16000
-75 | 16050
-75 | 16100
-75 | 16150
-75 | 16200
-72 | 16250
-75 | 16300
-72 | 16350
-75 | 16400
-75 | 16450
-75 | 16500
-75 | 16550
-75 | 16600
-75 | 16650
-75 | 16700
-75 | 16750
-75 | 16800
-75 | 16850
-72 | 16900
-75 | 16950
-75 | 17000
-75 | 17050
-75 | 17100
-75 | 17150
-75 | 17200
-75 | 17250
-75 | 17300
-75 | 17350
-75 | 17400
-75 | 17450
-75 | 17500
-75 | 17550
-75 | 17600
-75 | 17650
-75 | 17700
-75 | 17750
-75 | 17800
-75 | 17850
-75 | 17900
-75 | 17950
-75 | 18000
-75 | 18050
-75 | 18100
-75 | 18150
-75 | 18200
-75 | 18250
-75 | 18300
-75 | 18350
-75 | 18400
-75 | 18450
-75 | 18500
-75 | 18550
-75 | 18600
-75 | 18650
-75 | 18700
-75 | 18750
-75 | 18800
-75 | 18850
-75 | 18900
-75 | 18950
-75 | 19000
-75 | 19050
-75 | 19100
-75 | 19150
-75 | 19200
-75 | 19250
-72 | 19300
-75 | 19350
-75 | 19400
-75 | 19450
-75 | 19500
-75 | 19550
-75 | 19600
-75 | 19650
-75 | 19700
-75 | 19750
-75 | 19800
-75 | 19850
-75 | 19900
-75 | 19950
-75 | 20000
-72 | 20050
-75 | 20100
-75 | 20150
-75 | 20200
-75 | 20250
-75 | 20300
-75 | 20350
-75 | 20400
-75 | 20450
-75 | 20500
-75 | 20550
-75 | 20600
-75 | 20650
-75 | 20700
-72 | 20750
-75 | 20800
-72 | 20850
-75 | 20900
-75 | 20950
-75 | 21000
-75 | 21050
-75 | 21100
-75 | 21150
-75 | 21200
-75 | 21250
-75 | 21300
-75 | 21350
-75 | 21400
-75 | 21450
-75 | 21500
-75 | 21550
-72 | 21600
-72 | 21650
-75 | 21700
-75 | 21750
-75 | 21800
-75 | 21850
-75 | 21900
-75 | 21950
-75 | 22000
-75 | 22050
-75 | 22100
-75 | 22150
-75 | 22200
-75 | 22250
-75 | 22300
-75 | 22350
-75 | 22400
-75 | 22450
-75 | 22500
-75 | 22550
-75 | 22600
-75 | 22650
-75 | 22700
-75 | 22750
-75 | 22800
-75 | 22850
-75 | 22900
-72 | 22950
-75 | 23000
-75 | 23050
-75 | 23100
-75 | 23150
-75 | 23200
-75 | 23250
-75 | 23300
-75 | 23350
-75 | 23400
-75 | 23450
-75 | 23500
-75 | 23550
-75 | 23600
-75 | 23650
-75 | 23700
-75 | 23750
-75 | 23800
-75 | 23850
-75 | 23900
-75 | 23950
-72 | 24000
-75 | 24050
-75 | 24100
-75 | 24150
-75 | 24200
-75 | 24250
-75 | 24300
-75 | 24350
-75 | 24400
-75 | 24450
-75 | 24500
-75 | 24550
-75 | 24600
-75 | 24650
-75 | 24700
-75 | 24750
-75 | 24800
-75 | 24850
-75 | 24900
-72 | 24950
-75 | 25000
-75 | 25050
-75 | 25100
-75 | 25150
-75 | 25200
-75 | 25250
-72 | 25300
-75 | 25350
-75 | 25400
-75 | 25450
-75 | 25500
-72 | 25550
-75 | 25600
-75 | 25650
-75 | 25700
-75 | 25750
-75 | 25800
-75 | 25850
-75 | 25900
-75 | 25950
-75 | 26000
-75 | 26050
-75 | 26100
-75 | 26150
-75 | 26200
-75 | 26250
-75 | 26300
-75 | 26350
-75 | 26400
-75 | 26450
-75 | 26500
-75 | 26550
-75 | 26600
-75 | 26650
-75 | 26700
-75 | 26750
-75 | 26800
-75 | 26850
-75 | 26900
-75 | 26950
-75 | 27000
-75 | 27050
-75 | 27100
-75 | 27150
-75 | 27200
-75 | 27250
-75 | 27300
-75 | 27350
-75 | 27400
-75 | 27450
-75 | 27500
-75 | 27550
-75 | 27600
-75 | 27650
-75 | 27700
-75 | 27750
-75 | 27800
-75 | 27850
-75 | 27900
-75 | 27950
-75 | 28000
-75 | 28050
-75 | 28100
-75 | 28150
-75 | 28200
-75 | 28250
-75 | 28300
-75 | 28350
-75 | 28400
-75 | 28450
-72 | 28500
-75 | 28550
-75 | 28600
-75 | 28650
-75 | 28700
-75 | 28750
-75 | 28800
-75 | 28850
-75 | 28900
-75 | 28950
-75 | 29000
-75 | 29050
-75 | 29100
-75 | 29150
-75 | 29200
-75 | 29250
-75 | 29300
-75 | 29350
-75 | 29400
-75 | 29450
-75 | 29500
-75 | 29550
-75 | 29600
-72 | 29650
-75 | 29700
-75 | 29750
-75 | 29800
-75 | 29850
-75 | 29900
-72 | 29950
-75 | 30000
