-8 | 8 | 8 | 0 | 32 | 32 | 0 | 1
-8 | 8 | 8 | 0 | 32 | 32 | 0 | 2
-8 | 8 | 8 | 0 | 32 | 32 | 0 | 3
-8 | 8 | 8 | 0 | 32 | 32 | 0 | 4
-8 | 8 | 8 | 0 | 32 | 32 | 0 | 5
-8 | 8 | 8 | 0 | 32 | 32 | 0 | 6
-8 | 8 | 8 | 0 | 32 | 32 | 0 | 7
-8 | 8 | 8 | 0 | 32 | 32 | 0 | 8
-8 | 8 | 8 | 0 | 32 | 32 | 0 | 9
-10 | 10 | 10 | 0 | 28 | 28 | 0 | 10
-10 | 10 | 10 | 0 | 28 | 28 | 0 | 11
-10 | 10 | 10 | 0 | 28 | 28 | 0 | 12
-10 | 10 | 10 | 0 | 28 | 28 | 0 | 13
-10 | 10 | 10 | 0 | 28 | 28 | 0 | 14
-10 | 10 | 10 | 0 | 28 | 28 | 0 | 15
-10 | 10 | 10 | 0 | 28 | 28 | 0 | 16
-10 | 10 | 10 | 0 | 28 | 28 | 0 | 17
-10 | 10 | 10 | 0 | 28 | 28 | 0 | 18
-10 | 10 | 10 | 0 | 28 | 28 | 0 | 19
-10 | 10 | 10 | 0 | 28 | 28 | 0 | 20
-10 | 10 | 10 | 0 | 28 | 28 | 0 | 21
-10 | 10 | 10 | 0 | 28 | 28 | 0 | 22
