START for Step 1.
0 | 0 | 0 | 
0 | 0 | 0 | 0 | 0 | 
0 | 0 | 0 | 0 | 
0 | 0 | 0 | 0 | 
0 | 0 | 0 | 0 | 
0 | 0 | 0 | 
0 | 0 | 0 | 0 | 
0 | 0 | 0 | 0 | 
0 | 0 | 0 | 0 | 0 | 
0 | 0 | 0 | 0 | 
0 | 0 | 0 | 0 | 
0 | 0 | 0 | 0 | 0 | 
0 | 0 | 
0 | 0 | 
0 | 0 | 0 | 
0 | 0 | 
0 | 0 | 0 | 0 | 0 | 
0 | 0 | 0 | 0 | 0 | 
0 | 0 | 0 | 0 | 0 | 
0 | 0 | 0 | 0 | 0 | 
0 | 0 | 0 | 0 | 0 | 
0 | 0 | 0 | 0 | 0 | 
0 | 0 | 0 | 0 | 0 | 
0 | 0 | 
0 | 0 | 0 | 0 | 0 | 
0 | 0 | 0 | 0 | 
0 | 0 | 0 | 
0 | 0 | 0 | 
0 | 0 | 0 | 
0 | 0 | 
0 | 0 | 0 | 0 | 0 | 
0 | 0 | 0 | 0 | 0 | 
0 | 0 | 0 | 
0 | 0 | 0 | 0 | 0 | 
0 | 0 | 0 | 
0 | 0 | 0 | 
0 | 0 | 
0 | 0 | 0 | 0 | 
0 | 0 | 0 | 0 | 0 | 
0 | 0 | 0 | 0 | 0 | 
0 | 0 | 0 | 0 | 0 | 
0 | 0 | 0 | 0 | 0 | 
0 | 0 | 0 | 0 | 0 | 
0 | 0 | 0 | 0 | 
0 | 0 | 0 | 0 | 
0 | 0 | 0 | 0 | 0 | 
0 | 0 | 0 | 0 | 0 | 
0 | 0 | 0 | 0 | 0 | 
0 | 0 | 0 | 0 | 0 | 
0 | 0 | 0 | 0 | 
0 | 0 | 0 | 0 | 0 | 
0 | 0 | 0 | 0 | 0 | 
0 | 0 | 0 | 0 | 
0 | 0 | 0 | 0 | 0 | 
0 | 0 | 0 | 0 | 0 | 
0 | 0 | 0 | 
0 | 0 | 0 | 0 | 0 | 
0 | 0 | 0 | 0 | 0 | 
0 | 0 | 
0 | 0 | 0 | 
0 | 0 | 0 | 
0 | 0 | 0 | 0 | 0 | 
0 | 0 | 0 | 0 | 
0 | 0 | 0 | 
0 | 0 | 0 | 0 | 
0 | 0 | 0 | 0 | 
0 | 0 | 0 | 0 | 
0 | 0 | 0 | 0 | 0 | 
0 | 0 | 0 | 0 | 
0 | 0 | 0 | 0 | 
0 | 0 | 0 | 0 | 0 | 
0 | 0 | 0 | 0 | 0 | 
0 | 0 | 0 | 0 | 0 | 
0 | 0 | 0 | 0 | 0 | 
0 | 0 | 0 | 0 | 
0 | 0 | 0 | 0 | 0 | 
0 | 0 | 0 | 0 | 0 | 
0 | 0 | 0 | 0 | 0 | 
0 | 0 | 0 | 
0 | 0 | 0 | 
0 | 0 | 0 | 0 | 
0 | 0 | 0 | 0 | 0 | 
0 | 0 | 0 | 0 | 
0 | 0 | 
0 | 0 | 0 | 0 | 0 | 
0 | 0 | 0 | 0 | 
0 | 0 | 0 | 0 | 0 | 
0 | 0 | 0 | 0 | 0 | 
0 | 0 | 0 | 0 | 0 | 
0 | 0 | 0 | 0 | 0 | 
0 | 0 | 0 | 0 | 0 | 
0 | 0 | 0 | 0 | 0 | 
0 | 0 | 0 | 0 | 0 | 
0 | 0 | 0 | 0 | 0 | 
0 | 0 | 0 | 0 | 0 | 
0 | 0 | 0 | 0 | 0 | 
0 | 0 | 0 | 0 | 0 | 
0 | 0 | 0 | 0 | 0 | 
0 | 0 | 0 | 0 | 0 | 
0 | 0 | 0 | 0 | 0 | 0 | 
END. 
