This file contains energy of the Grid at certain points in the simulation.
Energy | Step_Number
-36 | 0
-41 | 50
-40 | 100
-40 | 150
-41 | 200
-41 | 250
-40 | 300
-41 | 350
-41 | 400
-41 | 450
-40 | 500
-41 | 550
-41 | 600
-41 | 650
-41 | 700
-41 | 750
-41 | 800
-40 | 850
-41 | 900
-41 | 950
-41 | 1000
-41 | 1050
-40 | 1100
-41 | 1150
-40 | 1200
-40 | 1250
-41 | 1300
-41 | 1350
-41 | 1400
-41 | 1450
-40 | 1500
-41 | 1550
-41 | 1600
-41 | 1650
-40 | 1700
-41 | 1750
-39 | 1800
-41 | 1850
-41 | 1900
-41 | 1950
-41 | 2000
-39 | 2050
-41 | 2100
-41 | 2150
-41 | 2200
-41 | 2250
-41 | 2300
-40 | 2350
-41 | 2400
-40 | 2450
-38 | 2500
-41 | 2550
-41 | 2600
-41 | 2650
-40 | 2700
-40 | 2750
-41 | 2800
-41 | 2850
-41 | 2900
-41 | 2950
-41 | 3000
-40 | 3050
-41 | 3100
-41 | 3150
-40 | 3200
-41 | 3250
-41 | 3300
-40 | 3350
-41 | 3400
-41 | 3450
-41 | 3500
-41 | 3550
-41 | 3600
-39 | 3650
-41 | 3700
-39 | 3750
-41 | 3800
-41 | 3850
-41 | 3900
-41 | 3950
-40 | 4000
-41 | 4050
-41 | 4100
-41 | 4150
-41 | 4200
-40 | 4250
-41 | 4300
-40 | 4350
-41 | 4400
-41 | 4450
-41 | 4500
-41 | 4550
-40 | 4600
-41 | 4650
-41 | 4700
-40 | 4750
-41 | 4800
-40 | 4850
-41 | 4900
-40 | 4950
-40 | 5000
-41 | 5050
-41 | 5100
-41 | 5150
-41 | 5200
-41 | 5250
-41 | 5300
-41 | 5350
-40 | 5400
-40 | 5450
-41 | 5500
-41 | 5550
-41 | 5600
-41 | 5650
-41 | 5700
-41 | 5750
-41 | 5800
-41 | 5850
-40 | 5900
-40 | 5950
-41 | 6000
-41 | 6050
-41 | 6100
-41 | 6150
-41 | 6200
-41 | 6250
-41 | 6300
-41 | 6350
-41 | 6400
-41 | 6450
-41 | 6500
-41 | 6550
-39 | 6600
-41 | 6650
-40 | 6700
-41 | 6750
-41 | 6800
-41 | 6850
-40 | 6900
-41 | 6950
-39 | 7000
-40 | 7050
-40 | 7100
-41 | 7150
-41 | 7200
-41 | 7250
-41 | 7300
-39 | 7350
-41 | 7400
-41 | 7450
-41 | 7500
-41 | 7550
-41 | 7600
-41 | 7650
-41 | 7700
-40 | 7750
-41 | 7800
-41 | 7850
-38 | 7900
-41 | 7950
-41 | 8000
-41 | 8050
-41 | 8100
-41 | 8150
-41 | 8200
-41 | 8250
-41 | 8300
-40 | 8350
-41 | 8400
-41 | 8450
-40 | 8500
-41 | 8550
-39 | 8600
-41 | 8650
-40 | 8700
-41 | 8750
-41 | 8800
-40 | 8850
-41 | 8900
-41 | 8950
-41 | 9000
-41 | 9050
-41 | 9100
-41 | 9150
-40 | 9200
-41 | 9250
-41 | 9300
-38 | 9350
-40 | 9400
-41 | 9450
-40 | 9500
-40 | 9550
-41 | 9600
-41 | 9650
-41 | 9700
-40 | 9750
-41 | 9800
-41 | 9850
-40 | 9900
-40 | 9950
-40 | 10000
-41 | 10050
-41 | 10100
-41 | 10150
-38 | 10200
-40 | 10250
-41 | 10300
-41 | 10350
-39 | 10400
-41 | 10450
-41 | 10500
-40 | 10550
-41 | 10600
-41 | 10650
-41 | 10700
-41 | 10750
-41 | 10800
-41 | 10850
-40 | 10900
-40 | 10950
-40 | 11000
-41 | 11050
-41 | 11100
-41 | 11150
-39 | 11200
-41 | 11250
-41 | 11300
-41 | 11350
-41 | 11400
-41 | 11450
-41 | 11500
-40 | 11550
-40 | 11600
-41 | 11650
-41 | 11700
-41 | 11750
-41 | 11800
-40 | 11850
-40 | 11900
-41 | 11950
-41 | 12000
-41 | 12050
-41 | 12100
-40 | 12150
-41 | 12200
-40 | 12250
-41 | 12300
-41 | 12350
-40 | 12400
-41 | 12450
-40 | 12500
-41 | 12550
-41 | 12600
-40 | 12650
-41 | 12700
-41 | 12750
-41 | 12800
-41 | 12850
-41 | 12900
-41 | 12950
-41 | 13000
-41 | 13050
-41 | 13100
-40 | 13150
-41 | 13200
-41 | 13250
-41 | 13300
-41 | 13350
-41 | 13400
-40 | 13450
-41 | 13500
-41 | 13550
-41 | 13600
-41 | 13650
-40 | 13700
-41 | 13750
-40 | 13800
-41 | 13850
-41 | 13900
-41 | 13950
-40 | 14000
-39 | 14050
-40 | 14100
-40 | 14150
-40 | 14200
-41 | 14250
-41 | 14300
-41 | 14350
-41 | 14400
-41 | 14450
-41 | 14500
-41 | 14550
-40 | 14600
-41 | 14650
-40 | 14700
-41 | 14750
-40 | 14800
-41 | 14850
-40 | 14900
-41 | 14950
-41 | 15000
-41 | 15050
-41 | 15100
-41 | 15150
-40 | 15200
-40 | 15250
-41 | 15300
-40 | 15350
-41 | 15400
-41 | 15450
-41 | 15500
-41 | 15550
-39 | 15600
-41 | 15650
-41 | 15700
-41 | 15750
-41 | 15800
-41 | 15850
-41 | 15900
-41 | 15950
-41 | 16000
-41 | 16050
-41 | 16100
-41 | 16150
-41 | 16200
-41 | 16250
-40 | 16300
-41 | 16350
-41 | 16400
-41 | 16450
-40 | 16500
-41 | 16550
-40 | 16600
-41 | 16650
-41 | 16700
-41 | 16750
-41 | 16800
-41 | 16850
-38 | 16900
-39 | 16950
-41 | 17000
-41 | 17050
-41 | 17100
-40 | 17150
-40 | 17200
-41 | 17250
-41 | 17300
-40 | 17350
-41 | 17400
-40 | 17450
-40 | 17500
-38 | 17550
-40 | 17600
-40 | 17650
-41 | 17700
-41 | 17750
-41 | 17800
-41 | 17850
-41 | 17900
-40 | 17950
-41 | 18000
-40 | 18050
-41 | 18100
-41 | 18150
-41 | 18200
-41 | 18250
-41 | 18300
-41 | 18350
-41 | 18400
-41 | 18450
-41 | 18500
-41 | 18550
-41 | 18600
-40 | 18650
-40 | 18700
-40 | 18750
-41 | 18800
-39 | 18850
-41 | 18900
-41 | 18950
-41 | 19000
-41 | 19050
-40 | 19100
-41 | 19150
-40 | 19200
-40 | 19250
-40 | 19300
-41 | 19350
-41 | 19400
-39 | 19450
-40 | 19500
-41 | 19550
-39 | 19600
-41 | 19650
-40 | 19700
-41 | 19750
-41 | 19800
-41 | 19850
-40 | 19900
-41 | 19950
-41 | 20000
-40 | 20050
-41 | 20100
-41 | 20150
-41 | 20200
-41 | 20250
-41 | 20300
-40 | 20350
-41 | 20400
-41 | 20450
-41 | 20500
-41 | 20550
-41 | 20600
-41 | 20650
-41 | 20700
-41 | 20750
-40 | 20800
-41 | 20850
-40 | 20900
-41 | 20950
-41 | 21000
-40 | 21050
-41 | 21100
-41 | 21150
-40 | 21200
-41 | 21250
-41 | 21300
-39 | 21350
-39 | 21400
-41 | 21450
-41 | 21500
-41 | 21550
-41 | 21600
-41 | 21650
-41 | 21700
-41 | 21750
-41 | 21800
-40 | 21850
-40 | 21900
-40 | 21950
-41 | 22000
-40 | 22050
-41 | 22100
-41 | 22150
-41 | 22200
-41 | 22250
-41 | 22300
-41 | 22350
-41 | 22400
-41 | 22450
-41 | 22500
-41 | 22550
-41 | 22600
-41 | 22650
-41 | 22700
-41 | 22750
-40 | 22800
-41 | 22850
-41 | 22900
-41 | 22950
-41 | 23000
-41 | 23050
-41 | 23100
-41 | 23150
-41 | 23200
-40 | 23250
-41 | 23300
-41 | 23350
-41 | 23400
-41 | 23450
-41 | 23500
-39 | 23550
-41 | 23600
-41 | 23650
-40 | 23700
-40 | 23750
-41 | 23800
-41 | 23850
-41 | 23900
-39 | 23950
-41 | 24000
-40 | 24050
-41 | 24100
-41 | 24150
-41 | 24200
-41 | 24250
-41 | 24300
-41 | 24350
-41 | 24400
-39 | 24450
-40 | 24500
-41 | 24550
-41 | 24600
-41 | 24650
-41 | 24700
-41 | 24750
-40 | 24800
-41 | 24850
-40 | 24900
-41 | 24950
-40 | 25000
-41 | 25050
-41 | 25100
-41 | 25150
-40 | 25200
-41 | 25250
-41 | 25300
-41 | 25350
-41 | 25400
-41 | 25450
-41 | 25500
-40 | 25550
-41 | 25600
-40 | 25650
-40 | 25700
-41 | 25750
-41 | 25800
-41 | 25850
-40 | 25900
-41 | 25950
-41 | 26000
-41 | 26050
-41 | 26100
-41 | 26150
-41 | 26200
-41 | 26250
-41 | 26300
-41 | 26350
-41 | 26400
-41 | 26450
-41 | 26500
-41 | 26550
-41 | 26600
-41 | 26650
-41 | 26700
-40 | 26750
-41 | 26800
-41 | 26850
-41 | 26900
-41 | 26950
-40 | 27000
-41 | 27050
-41 | 27100
-41 | 27150
-41 | 27200
-41 | 27250
-41 | 27300
-40 | 27350
-41 | 27400
-41 | 27450
-41 | 27500
-41 | 27550
-41 | 27600
-40 | 27650
-41 | 27700
-39 | 27750
-41 | 27800
-41 | 27850
-41 | 27900
-41 | 27950
-41 | 28000
-41 | 28050
-41 | 28100
-41 | 28150
-41 | 28200
-39 | 28250
-40 | 28300
-40 | 28350
-41 | 28400
-41 | 28450
-41 | 28500
-41 | 28550
-41 | 28600
-41 | 28650
-40 | 28700
-41 | 28750
-41 | 28800
-40 | 28850
-40 | 28900
-41 | 28950
-41 | 29000
-41 | 29050
-40 | 29100
-41 | 29150
-41 | 29200
-40 | 29250
-41 | 29300
-41 | 29350
-40 | 29400
-41 | 29450
-39 | 29500
-41 | 29550
-39 | 29600
-41 | 29650
-39 | 29700
-41 | 29750
-39 | 29800
-40 | 29850
-41 | 29900
-40 | 29950
-40 | 30000
