-3 | 3 | 1 | 2 | 98 | 34 | 64 | 0
-5 | 4 | 2 | 2 | 96 | 31 | 65 | 1
-5 | 5 | 3 | 2 | 94 | 27 | 67 | 2
-5 | 4 | 2 | 2 | 96 | 29 | 67 | 3
-5 | 5 | 3 | 2 | 94 | 33 | 61 | 4
-5 | 5 | 3 | 2 | 94 | 32 | 62 | 5
-5 | 4 | 2 | 2 | 96 | 29 | 67 | 6
-5 | 4 | 2 | 2 | 96 | 31 | 65 | 7
-5 | 4 | 2 | 2 | 96 | 31 | 65 | 8
-5 | 3 | 1 | 2 | 98 | 32 | 66 | 9
-5 | 3 | 1 | 2 | 98 | 32 | 66 | 10
-5 | 4 | 2 | 2 | 96 | 29 | 67 | 11
-5 | 4 | 2 | 2 | 96 | 30 | 66 | 12
-5 | 4 | 2 | 2 | 96 | 29 | 67 | 13
-5 | 3 | 1 | 2 | 98 | 32 | 66 | 14
-5 | 5 | 3 | 2 | 94 | 27 | 67 | 15
-5 | 3 | 1 | 2 | 98 | 32 | 66 | 16
-5 | 4 | 2 | 2 | 96 | 31 | 65 | 17
-5 | 5 | 3 | 2 | 94 | 30 | 64 | 18
-5 | 3 | 1 | 2 | 98 | 33 | 65 | 19
-5 | 3 | 1 | 2 | 98 | 34 | 64 | 20
-5 | 3 | 1 | 2 | 98 | 34 | 64 | 21
-5 | 5 | 3 | 2 | 94 | 33 | 61 | 22
-5 | 3 | 1 | 2 | 98 | 33 | 65 | 23
-5 | 3 | 1 | 2 | 98 | 34 | 64 | 24
-5 | 3 | 1 | 2 | 98 | 32 | 66 | 25
-5 | 5 | 3 | 2 | 94 | 34 | 60 | 26
-5 | 3 | 1 | 2 | 98 | 32 | 66 | 27
-5 | 5 | 3 | 2 | 94 | 33 | 61 | 28
-5 | 4 | 2 | 2 | 96 | 31 | 65 | 29
-5 | 5 | 3 | 2 | 94 | 29 | 65 | 30
-5 | 3 | 1 | 2 | 98 | 32 | 66 | 31
-5 | 5 | 3 | 2 | 94 | 27 | 67 | 32
-5 | 3 | 1 | 2 | 98 | 34 | 64 | 33
-5 | 4 | 2 | 2 | 96 | 30 | 66 | 34
-5 | 4 | 2 | 2 | 96 | 30 | 66 | 35
-5 | 4 | 2 | 2 | 96 | 31 | 65 | 36
-5 | 5 | 3 | 2 | 94 | 33 | 61 | 37
-5 | 5 | 3 | 2 | 94 | 30 | 64 | 38
-5 | 4 | 2 | 2 | 96 | 28 | 68 | 39
-5 | 4 | 2 | 2 | 96 | 30 | 66 | 40
-5 | 4 | 2 | 2 | 96 | 30 | 66 | 41
-5 | 4 | 2 | 2 | 96 | 31 | 65 | 42
-5 | 3 | 1 | 2 | 98 | 34 | 64 | 43
-5 | 5 | 3 | 2 | 94 | 29 | 65 | 44
-5 | 4 | 2 | 2 | 96 | 30 | 66 | 45
-5 | 4 | 2 | 2 | 96 | 31 | 65 | 46
-5 | 4 | 2 | 2 | 96 | 30 | 66 | 47
-5 | 5 | 3 | 2 | 94 | 29 | 65 | 48
-5 | 4 | 2 | 2 | 96 | 31 | 65 | 49
-5 | 5 | 3 | 2 | 94 | 29 | 65 | 50
-5 | 3 | 1 | 2 | 98 | 32 | 66 | 51
-5 | 3 | 1 | 2 | 98 | 32 | 66 | 52
-5 | 4 | 2 | 2 | 96 | 28 | 68 | 53
-5 | 3 | 1 | 2 | 98 | 33 | 65 | 54
-5 | 5 | 3 | 2 | 94 | 29 | 65 | 55
-5 | 4 | 2 | 2 | 96 | 31 | 65 | 56
-5 | 4 | 2 | 2 | 96 | 30 | 66 | 57
-5 | 3 | 1 | 2 | 98 | 34 | 64 | 58
-5 | 4 | 2 | 2 | 96 | 31 | 65 | 59
-5 | 3 | 1 | 2 | 98 | 32 | 66 | 60
-5 | 3 | 1 | 2 | 98 | 32 | 66 | 61
-5 | 3 | 1 | 2 | 98 | 32 | 66 | 62
-5 | 4 | 2 | 2 | 96 | 30 | 66 | 63
-5 | 5 | 3 | 2 | 94 | 30 | 64 | 64
-5 | 3 | 1 | 2 | 98 | 32 | 66 | 65
-5 | 3 | 1 | 2 | 98 | 33 | 65 | 66
-5 | 3 | 1 | 2 | 98 | 32 | 66 | 67
-5 | 3 | 1 | 2 | 98 | 33 | 65 | 68
-5 | 3 | 1 | 2 | 98 | 34 | 64 | 69
-5 | 4 | 2 | 2 | 96 | 30 | 66 | 70
-5 | 3 | 1 | 2 | 98 | 33 | 65 | 71
-5 | 3 | 1 | 2 | 98 | 32 | 66 | 72
-5 | 5 | 3 | 2 | 94 | 33 | 61 | 73
-5 | 3 | 1 | 2 | 98 | 32 | 66 | 74
-5 | 4 | 2 | 2 | 96 | 30 | 66 | 75
-5 | 5 | 3 | 2 | 94 | 33 | 61 | 76
-5 | 4 | 2 | 2 | 96 | 30 | 66 | 77
-5 | 3 | 1 | 2 | 98 | 32 | 66 | 78
-5 | 4 | 2 | 2 | 96 | 31 | 65 | 79
-5 | 4 | 2 | 2 | 96 | 29 | 67 | 80
-5 | 4 | 2 | 2 | 96 | 31 | 65 | 81
-5 | 4 | 2 | 2 | 96 | 31 | 65 | 82
-5 | 5 | 3 | 2 | 94 | 27 | 67 | 83
-5 | 3 | 1 | 2 | 98 | 33 | 65 | 84
-5 | 3 | 1 | 2 | 98 | 34 | 64 | 85
-5 | 3 | 1 | 2 | 98 | 34 | 64 | 86
-5 | 3 | 1 | 2 | 98 | 34 | 64 | 87
-5 | 5 | 3 | 2 | 94 | 33 | 61 | 88
-5 | 5 | 3 | 2 | 94 | 29 | 65 | 89
-5 | 3 | 1 | 2 | 98 | 32 | 66 | 90
-5 | 4 | 2 | 2 | 96 | 29 | 67 | 91
-5 | 4 | 2 | 2 | 96 | 29 | 67 | 92
-5 | 3 | 1 | 2 | 98 | 34 | 64 | 93
-5 | 4 | 2 | 2 | 96 | 31 | 65 | 94
-5 | 4 | 2 | 2 | 96 | 29 | 67 | 95
-5 | 4 | 2 | 2 | 96 | 31 | 65 | 96
-5 | 3 | 1 | 2 | 98 | 33 | 65 | 97
-5 | 4 | 2 | 2 | 96 | 29 | 67 | 98
-5 | 3 | 1 | 2 | 98 | 33 | 65 | 99
-5 | 3 | 1 | 2 | 98 | 32 | 66 | 100
-5 | 3 | 1 | 2 | 98 | 33 | 65 | 101
-5 | 3 | 1 | 2 | 98 | 34 | 64 | 102
-5 | 4 | 2 | 2 | 96 | 30 | 66 | 103
-5 | 4 | 2 | 2 | 96 | 29 | 67 | 104
-5 | 3 | 1 | 2 | 98 | 34 | 64 | 105
-5 | 3 | 1 | 2 | 98 | 32 | 66 | 106
-5 | 5 | 3 | 2 | 94 | 33 | 61 | 107
-5 | 5 | 3 | 2 | 94 | 28 | 66 | 108
-5 | 3 | 1 | 2 | 98 | 32 | 66 | 109
-5 | 5 | 3 | 2 | 94 | 29 | 65 | 110
-5 | 5 | 3 | 2 | 94 | 31 | 63 | 111
-5 | 3 | 1 | 2 | 98 | 33 | 65 | 112
-5 | 4 | 2 | 2 | 96 | 31 | 65 | 113
-5 | 3 | 1 | 2 | 98 | 32 | 66 | 114
-5 | 4 | 2 | 2 | 96 | 31 | 65 | 115
-5 | 5 | 3 | 2 | 94 | 33 | 61 | 116
-5 | 3 | 1 | 2 | 98 | 33 | 65 | 117
-5 | 3 | 1 | 2 | 98 | 33 | 65 | 118
-5 | 5 | 3 | 2 | 94 | 30 | 64 | 119
-5 | 5 | 3 | 2 | 94 | 31 | 63 | 120
-5 | 3 | 1 | 2 | 98 | 33 | 65 | 121
-5 | 4 | 2 | 2 | 96 | 32 | 64 | 122
-5 | 4 | 2 | 2 | 96 | 29 | 67 | 123
-5 | 5 | 3 | 2 | 94 | 31 | 63 | 124
-5 | 4 | 2 | 2 | 96 | 31 | 65 | 125
-5 | 3 | 1 | 2 | 98 | 33 | 65 | 126
-5 | 3 | 1 | 2 | 98 | 34 | 64 | 127
-5 | 3 | 1 | 2 | 98 | 32 | 66 | 128
-5 | 5 | 3 | 2 | 94 | 33 | 61 | 129
-5 | 5 | 3 | 2 | 94 | 27 | 67 | 130
-5 | 3 | 1 | 2 | 98 | 34 | 64 | 131
-5 | 3 | 1 | 2 | 98 | 33 | 65 | 132
-5 | 5 | 3 | 2 | 94 | 30 | 64 | 133
-5 | 4 | 2 | 2 | 96 | 30 | 66 | 134
-5 | 4 | 2 | 2 | 96 | 30 | 66 | 135
-5 | 3 | 1 | 2 | 98 | 34 | 64 | 136
-5 | 5 | 3 | 2 | 94 | 33 | 61 | 137
-5 | 4 | 2 | 2 | 96 | 30 | 66 | 138
-5 | 3 | 1 | 2 | 98 | 33 | 65 | 139
-5 | 5 | 3 | 2 | 94 | 32 | 62 | 140
-5 | 4 | 2 | 2 | 96 | 29 | 67 | 141
-5 | 4 | 2 | 2 | 96 | 29 | 67 | 142
-5 | 4 | 2 | 2 | 96 | 32 | 64 | 143
-5 | 3 | 1 | 2 | 98 | 34 | 64 | 144
-5 | 3 | 1 | 2 | 98 | 34 | 64 | 145
-5 | 4 | 2 | 2 | 96 | 29 | 67 | 146
-5 | 3 | 1 | 2 | 98 | 33 | 65 | 147
-5 | 4 | 2 | 2 | 96 | 32 | 64 | 148
-5 | 3 | 1 | 2 | 98 | 32 | 66 | 149
-5 | 4 | 2 | 2 | 96 | 30 | 66 | 150
-5 | 3 | 1 | 2 | 98 | 32 | 66 | 151
-5 | 4 | 2 | 2 | 96 | 31 | 65 | 152
-5 | 4 | 2 | 2 | 96 | 29 | 67 | 153
-5 | 4 | 2 | 2 | 96 | 30 | 66 | 154
-5 | 4 | 2 | 2 | 96 | 31 | 65 | 155
-5 | 4 | 2 | 2 | 96 | 30 | 66 | 156
-5 | 3 | 1 | 2 | 98 | 34 | 64 | 157
-5 | 3 | 1 | 2 | 98 | 32 | 66 | 158
-5 | 4 | 2 | 2 | 96 | 30 | 66 | 159
-5 | 4 | 2 | 2 | 96 | 30 | 66 | 160
-5 | 3 | 1 | 2 | 98 | 32 | 66 | 161
-5 | 4 | 2 | 2 | 96 | 29 | 67 | 162
-5 | 4 | 2 | 2 | 96 | 31 | 65 | 163
-5 | 3 | 1 | 2 | 98 | 32 | 66 | 164
-5 | 3 | 1 | 2 | 98 | 32 | 66 | 165
-5 | 3 | 1 | 2 | 98 | 32 | 66 | 166
-5 | 4 | 2 | 2 | 96 | 30 | 66 | 167
-5 | 3 | 1 | 2 | 98 | 32 | 66 | 168
-5 | 4 | 2 | 2 | 96 | 30 | 66 | 169
-5 | 3 | 1 | 2 | 98 | 33 | 65 | 170
-5 | 3 | 1 | 2 | 98 | 33 | 65 | 171
-5 | 3 | 1 | 2 | 98 | 32 | 66 | 172
-5 | 3 | 1 | 2 | 98 | 33 | 65 | 173
-5 | 3 | 1 | 2 | 98 | 34 | 64 | 174
-5 | 5 | 3 | 2 | 94 | 27 | 67 | 175
-5 | 4 | 2 | 2 | 96 | 31 | 65 | 176
-5 | 4 | 2 | 2 | 96 | 30 | 66 | 177
-5 | 4 | 2 | 2 | 96 | 30 | 66 | 178
-5 | 3 | 1 | 2 | 98 | 33 | 65 | 179
-5 | 4 | 2 | 2 | 96 | 29 | 67 | 180
-5 | 4 | 2 | 2 | 96 | 30 | 66 | 181
-5 | 4 | 2 | 2 | 96 | 30 | 66 | 182
-5 | 3 | 1 | 2 | 98 | 34 | 64 | 183
-5 | 5 | 3 | 2 | 94 | 33 | 61 | 184
-5 | 5 | 3 | 2 | 94 | 32 | 62 | 185
-5 | 4 | 2 | 2 | 96 | 30 | 66 | 186
-5 | 4 | 2 | 2 | 96 | 31 | 65 | 187
-5 | 3 | 1 | 2 | 98 | 32 | 66 | 188
-5 | 4 | 2 | 2 | 96 | 31 | 65 | 189
-5 | 5 | 3 | 2 | 94 | 33 | 61 | 190
-5 | 4 | 2 | 2 | 96 | 30 | 66 | 191
-5 | 5 | 3 | 2 | 94 | 32 | 62 | 192
-5 | 3 | 1 | 2 | 98 | 34 | 64 | 193
-5 | 4 | 2 | 2 | 96 | 31 | 65 | 194
-5 | 4 | 2 | 2 | 96 | 30 | 66 | 195
-5 | 3 | 1 | 2 | 98 | 32 | 66 | 196
-5 | 3 | 1 | 2 | 98 | 32 | 66 | 197
-5 | 3 | 1 | 2 | 98 | 33 | 65 | 198
-5 | 4 | 2 | 2 | 96 | 30 | 66 | 199
-5 | 4 | 2 | 2 | 96 | 28 | 68 | 200
-5 | 3 | 1 | 2 | 98 | 34 | 64 | 201
-5 | 3 | 1 | 2 | 98 | 33 | 65 | 202
-5 | 4 | 2 | 2 | 96 | 28 | 68 | 203
-5 | 3 | 1 | 2 | 98 | 32 | 66 | 204
-5 | 5 | 3 | 2 | 94 | 32 | 62 | 205
-5 | 4 | 2 | 2 | 96 | 31 | 65 | 206
-5 | 3 | 1 | 2 | 98 | 34 | 64 | 207
-5 | 3 | 1 | 2 | 98 | 32 | 66 | 208
-5 | 4 | 2 | 2 | 96 | 28 | 68 | 209
-5 | 5 | 3 | 2 | 94 | 33 | 61 | 210
-5 | 4 | 2 | 2 | 96 | 30 | 66 | 211
-5 | 5 | 3 | 2 | 94 | 33 | 61 | 212
-5 | 5 | 3 | 2 | 94 | 32 | 62 | 213
-5 | 3 | 1 | 2 | 98 | 33 | 65 | 214
-5 | 3 | 1 | 2 | 98 | 34 | 64 | 215
-5 | 3 | 1 | 2 | 98 | 32 | 66 | 216
-5 | 3 | 1 | 2 | 98 | 32 | 66 | 217
-5 | 4 | 2 | 2 | 96 | 31 | 65 | 218
-5 | 3 | 1 | 2 | 98 | 34 | 64 | 219
-5 | 3 | 1 | 2 | 98 | 32 | 66 | 220
-5 | 5 | 3 | 2 | 94 | 32 | 62 | 221
-5 | 4 | 2 | 2 | 96 | 30 | 66 | 222
-5 | 3 | 1 | 2 | 98 | 33 | 65 | 223
-5 | 3 | 1 | 2 | 98 | 33 | 65 | 224
-5 | 4 | 2 | 2 | 96 | 30 | 66 | 225
-5 | 5 | 3 | 2 | 94 | 33 | 61 | 226
-5 | 4 | 2 | 2 | 96 | 31 | 65 | 227
-5 | 5 | 3 | 2 | 94 | 32 | 62 | 228
-5 | 4 | 2 | 2 | 96 | 31 | 65 | 229
-5 | 4 | 2 | 2 | 96 | 29 | 67 | 230
-5 | 4 | 2 | 2 | 96 | 31 | 65 | 231
-5 | 3 | 1 | 2 | 98 | 32 | 66 | 232
-5 | 4 | 2 | 2 | 96 | 30 | 66 | 233
-5 | 3 | 1 | 2 | 98 | 32 | 66 | 234
-5 | 3 | 1 | 2 | 98 | 34 | 64 | 235
-5 | 4 | 2 | 2 | 96 | 31 | 65 | 236
-5 | 3 | 1 | 2 | 98 | 34 | 64 | 237
-5 | 3 | 1 | 2 | 98 | 34 | 64 | 238
-5 | 4 | 2 | 2 | 96 | 30 | 66 | 239
-5 | 4 | 2 | 2 | 96 | 30 | 66 | 240
-5 | 5 | 3 | 2 | 94 | 29 | 65 | 241
-5 | 4 | 2 | 2 | 96 | 28 | 68 | 242
-5 | 5 | 3 | 2 | 94 | 34 | 60 | 243
-5 | 3 | 1 | 2 | 98 | 32 | 66 | 244
-5 | 4 | 2 | 2 | 96 | 30 | 66 | 245
-5 | 3 | 1 | 2 | 98 | 32 | 66 | 246
-5 | 4 | 2 | 2 | 96 | 31 | 65 | 247
-5 | 3 | 1 | 2 | 98 | 32 | 66 | 248
-5 | 4 | 2 | 2 | 96 | 31 | 65 | 249
-5 | 4 | 2 | 2 | 96 | 30 | 66 | 250
-5 | 4 | 2 | 2 | 96 | 31 | 65 | 251
-5 | 4 | 2 | 2 | 96 | 30 | 66 | 252
-5 | 4 | 2 | 2 | 96 | 29 | 67 | 253
-5 | 4 | 2 | 2 | 96 | 31 | 65 | 254
-5 | 4 | 2 | 2 | 96 | 28 | 68 | 255
-5 | 3 | 1 | 2 | 98 | 34 | 64 | 256
-5 | 4 | 2 | 2 | 96 | 30 | 66 | 257
-5 | 5 | 3 | 2 | 94 | 27 | 67 | 258
-5 | 5 | 3 | 2 | 94 | 31 | 63 | 259
-5 | 5 | 3 | 2 | 94 | 32 | 62 | 260
-5 | 4 | 2 | 2 | 96 | 30 | 66 | 261
-5 | 4 | 2 | 2 | 96 | 31 | 65 | 262
-5 | 5 | 3 | 2 | 94 | 29 | 65 | 263
-5 | 3 | 1 | 2 | 98 | 32 | 66 | 264
-5 | 3 | 1 | 2 | 98 | 34 | 64 | 265
-5 | 3 | 1 | 2 | 98 | 34 | 64 | 266
-5 | 3 | 1 | 2 | 98 | 34 | 64 | 267
-5 | 3 | 1 | 2 | 98 | 34 | 64 | 268
-5 | 5 | 3 | 2 | 94 | 27 | 67 | 269
-5 | 4 | 2 | 2 | 96 | 29 | 67 | 270
-5 | 3 | 1 | 2 | 98 | 33 | 65 | 271
-5 | 3 | 1 | 2 | 98 | 32 | 66 | 272
-5 | 3 | 1 | 2 | 98 | 32 | 66 | 273
-5 | 4 | 2 | 2 | 96 | 29 | 67 | 274
-5 | 3 | 1 | 2 | 98 | 32 | 66 | 275
-5 | 5 | 3 | 2 | 94 | 32 | 62 | 276
-5 | 3 | 1 | 2 | 98 | 32 | 66 | 277
-5 | 3 | 1 | 2 | 98 | 32 | 66 | 278
-5 | 3 | 1 | 2 | 98 | 32 | 66 | 279
-5 | 4 | 2 | 2 | 96 | 30 | 66 | 280
-5 | 5 | 3 | 2 | 94 | 33 | 61 | 281
-5 | 4 | 2 | 2 | 96 | 31 | 65 | 282
-5 | 5 | 3 | 2 | 94 | 27 | 67 | 283
-5 | 3 | 1 | 2 | 98 | 33 | 65 | 284
-5 | 4 | 2 | 2 | 96 | 29 | 67 | 285
-5 | 3 | 1 | 2 | 98 | 33 | 65 | 286
-5 | 3 | 1 | 2 | 98 | 34 | 64 | 287
-5 | 4 | 2 | 2 | 96 | 31 | 65 | 288
-5 | 3 | 1 | 2 | 98 | 34 | 64 | 289
-5 | 4 | 2 | 2 | 96 | 31 | 65 | 290
-5 | 4 | 2 | 2 | 96 | 28 | 68 | 291
-5 | 4 | 2 | 2 | 96 | 30 | 66 | 292
-5 | 4 | 2 | 2 | 96 | 30 | 66 | 293
-5 | 3 | 1 | 2 | 98 | 34 | 64 | 294
-5 | 3 | 1 | 2 | 98 | 32 | 66 | 295
-5 | 3 | 1 | 2 | 98 | 33 | 65 | 296
-5 | 4 | 2 | 2 | 96 | 29 | 67 | 297
-5 | 4 | 2 | 2 | 96 | 30 | 66 | 298
-5 | 3 | 1 | 2 | 98 | 33 | 65 | 299
-5 | 4 | 2 | 2 | 96 | 30 | 66 | 300
-5 | 4 | 2 | 2 | 96 | 31 | 65 | 301
-5 | 3 | 1 | 2 | 98 | 32 | 66 | 302
-5 | 5 | 3 | 2 | 94 | 32 | 62 | 303
-5 | 3 | 1 | 2 | 98 | 33 | 65 | 304
-5 | 4 | 2 | 2 | 96 | 30 | 66 | 305
-5 | 4 | 2 | 2 | 96 | 30 | 66 | 306
-5 | 3 | 1 | 2 | 98 | 32 | 66 | 307
-5 | 3 | 1 | 2 | 98 | 32 | 66 | 308
-5 | 5 | 3 | 2 | 94 | 28 | 66 | 309
-5 | 4 | 2 | 2 | 96 | 31 | 65 | 310
-5 | 4 | 2 | 2 | 96 | 30 | 66 | 311
-5 | 3 | 1 | 2 | 98 | 32 | 66 | 312
-5 | 3 | 1 | 2 | 98 | 32 | 66 | 313
-5 | 3 | 1 | 2 | 98 | 32 | 66 | 314
-5 | 4 | 2 | 2 | 96 | 32 | 64 | 315
-5 | 4 | 2 | 2 | 96 | 31 | 65 | 316
-5 | 4 | 2 | 2 | 96 | 29 | 67 | 317
-5 | 3 | 1 | 2 | 98 | 34 | 64 | 318
-5 | 3 | 1 | 2 | 98 | 33 | 65 | 319
-5 | 4 | 2 | 2 | 96 | 29 | 67 | 320
-5 | 5 | 3 | 2 | 94 | 34 | 60 | 321
-5 | 4 | 2 | 2 | 96 | 30 | 66 | 322
-5 | 3 | 1 | 2 | 98 | 34 | 64 | 323
-5 | 3 | 1 | 2 | 98 | 32 | 66 | 324
-5 | 4 | 2 | 2 | 96 | 32 | 64 | 325
-5 | 4 | 2 | 2 | 96 | 30 | 66 | 326
-5 | 3 | 1 | 2 | 98 | 32 | 66 | 327
-5 | 4 | 2 | 2 | 96 | 30 | 66 | 328
-5 | 4 | 2 | 2 | 96 | 30 | 66 | 329
-5 | 5 | 3 | 2 | 94 | 29 | 65 | 330
-5 | 3 | 1 | 2 | 98 | 32 | 66 | 331
-5 | 4 | 2 | 2 | 96 | 30 | 66 | 332
-5 | 4 | 2 | 2 | 96 | 29 | 67 | 333
-5 | 3 | 1 | 2 | 98 | 34 | 64 | 334
-5 | 5 | 3 | 2 | 94 | 33 | 61 | 335
-5 | 3 | 1 | 2 | 98 | 34 | 64 | 336
-5 | 5 | 3 | 2 | 94 | 30 | 64 | 337
-5 | 3 | 1 | 2 | 98 | 33 | 65 | 338
-5 | 5 | 3 | 2 | 94 | 32 | 62 | 339
-5 | 5 | 3 | 2 | 94 | 32 | 62 | 340
-5 | 4 | 2 | 2 | 96 | 29 | 67 | 341
-5 | 3 | 1 | 2 | 98 | 32 | 66 | 342
-5 | 4 | 2 | 2 | 96 | 30 | 66 | 343
-5 | 5 | 3 | 2 | 94 | 33 | 61 | 344
-5 | 3 | 1 | 2 | 98 | 32 | 66 | 345
-5 | 4 | 2 | 2 | 96 | 30 | 66 | 346
-5 | 3 | 1 | 2 | 98 | 32 | 66 | 347
-5 | 3 | 1 | 2 | 98 | 34 | 64 | 348
-5 | 3 | 1 | 2 | 98 | 34 | 64 | 349
-5 | 4 | 2 | 2 | 96 | 30 | 66 | 350
-5 | 3 | 1 | 2 | 98 | 32 | 66 | 351
-5 | 3 | 1 | 2 | 98 | 34 | 64 | 352
-5 | 4 | 2 | 2 | 96 | 30 | 66 | 353
-5 | 3 | 1 | 2 | 98 | 32 | 66 | 354
-5 | 4 | 2 | 2 | 96 | 31 | 65 | 355
-5 | 3 | 1 | 2 | 98 | 33 | 65 | 356
-5 | 3 | 1 | 2 | 98 | 34 | 64 | 357
-5 | 3 | 1 | 2 | 98 | 33 | 65 | 358
-5 | 5 | 3 | 2 | 94 | 32 | 62 | 359
-5 | 4 | 2 | 2 | 96 | 31 | 65 | 360
-5 | 3 | 1 | 2 | 98 | 32 | 66 | 361
-5 | 5 | 3 | 2 | 94 | 32 | 62 | 362
-5 | 3 | 1 | 2 | 98 | 33 | 65 | 363
-5 | 3 | 1 | 2 | 98 | 32 | 66 | 364
-5 | 3 | 1 | 2 | 98 | 32 | 66 | 365
-5 | 3 | 1 | 2 | 98 | 33 | 65 | 366
-5 | 5 | 3 | 2 | 94 | 30 | 64 | 367
-5 | 4 | 2 | 2 | 96 | 31 | 65 | 368
-5 | 5 | 3 | 2 | 94 | 29 | 65 | 369
-5 | 5 | 3 | 2 | 94 | 28 | 66 | 370
-5 | 4 | 2 | 2 | 96 | 30 | 66 | 371
-5 | 4 | 2 | 2 | 96 | 30 | 66 | 372
-5 | 3 | 1 | 2 | 98 | 32 | 66 | 373
-5 | 4 | 2 | 2 | 96 | 29 | 67 | 374
-5 | 4 | 2 | 2 | 96 | 30 | 66 | 375
-5 | 4 | 2 | 2 | 96 | 29 | 67 | 376
-5 | 4 | 2 | 2 | 96 | 29 | 67 | 377
-5 | 4 | 2 | 2 | 96 | 30 | 66 | 378
-5 | 3 | 1 | 2 | 98 | 32 | 66 | 379
-5 | 3 | 1 | 2 | 98 | 33 | 65 | 380
-5 | 5 | 3 | 2 | 94 | 32 | 62 | 381
-5 | 3 | 1 | 2 | 98 | 32 | 66 | 382
-5 | 4 | 2 | 2 | 96 | 30 | 66 | 383
-5 | 4 | 2 | 2 | 96 | 30 | 66 | 384
-5 | 4 | 2 | 2 | 96 | 31 | 65 | 385
-5 | 3 | 1 | 2 | 98 | 34 | 64 | 386
-5 | 3 | 1 | 2 | 98 | 32 | 66 | 387
-5 | 3 | 1 | 2 | 98 | 34 | 64 | 388
-5 | 5 | 3 | 2 | 94 | 27 | 67 | 389
-5 | 3 | 1 | 2 | 98 | 34 | 64 | 390
-5 | 4 | 2 | 2 | 96 | 30 | 66 | 391
-5 | 3 | 1 | 2 | 98 | 34 | 64 | 392
-5 | 3 | 1 | 2 | 98 | 34 | 64 | 393
-5 | 3 | 1 | 2 | 98 | 32 | 66 | 394
-5 | 4 | 2 | 2 | 96 | 30 | 66 | 395
-5 | 4 | 2 | 2 | 96 | 30 | 66 | 396
-5 | 5 | 3 | 2 | 94 | 31 | 63 | 397
-5 | 3 | 1 | 2 | 98 | 33 | 65 | 398
-5 | 4 | 2 | 2 | 96 | 31 | 65 | 399
-5 | 3 | 1 | 2 | 98 | 32 | 66 | 400
-5 | 5 | 3 | 2 | 94 | 31 | 63 | 401
-5 | 3 | 1 | 2 | 98 | 32 | 66 | 402
-5 | 5 | 3 | 2 | 94 | 33 | 61 | 403
-5 | 3 | 1 | 2 | 98 | 34 | 64 | 404
-5 | 4 | 2 | 2 | 96 | 31 | 65 | 405
-5 | 4 | 2 | 2 | 96 | 31 | 65 | 406
-5 | 3 | 1 | 2 | 98 | 34 | 64 | 407
-5 | 5 | 3 | 2 | 94 | 33 | 61 | 408
-5 | 3 | 1 | 2 | 98 | 34 | 64 | 409
-5 | 3 | 1 | 2 | 98 | 32 | 66 | 410
-5 | 3 | 1 | 2 | 98 | 32 | 66 | 411
-5 | 4 | 2 | 2 | 96 | 31 | 65 | 412
-5 | 3 | 1 | 2 | 98 | 32 | 66 | 413
-5 | 4 | 2 | 2 | 96 | 31 | 65 | 414
-5 | 3 | 1 | 2 | 98 | 33 | 65 | 415
-5 | 4 | 2 | 2 | 96 | 30 | 66 | 416
-5 | 4 | 2 | 2 | 96 | 30 | 66 | 417
-5 | 4 | 2 | 2 | 96 | 31 | 65 | 418
-5 | 3 | 1 | 2 | 98 | 34 | 64 | 419
-5 | 5 | 3 | 2 | 94 | 32 | 62 | 420
-5 | 5 | 3 | 2 | 94 | 32 | 62 | 421
-5 | 5 | 3 | 2 | 94 | 29 | 65 | 422
-5 | 5 | 3 | 2 | 94 | 30 | 64 | 423
-5 | 3 | 1 | 2 | 98 | 32 | 66 | 424
-5 | 3 | 1 | 2 | 98 | 34 | 64 | 425
-5 | 3 | 1 | 2 | 98 | 32 | 66 | 426
-5 | 4 | 2 | 2 | 96 | 29 | 67 | 427
-5 | 3 | 1 | 2 | 98 | 33 | 65 | 428
-5 | 3 | 1 | 2 | 98 | 32 | 66 | 429
-5 | 3 | 1 | 2 | 98 | 32 | 66 | 430
-5 | 5 | 3 | 2 | 94 | 29 | 65 | 431
-5 | 3 | 1 | 2 | 98 | 33 | 65 | 432
-5 | 4 | 2 | 2 | 96 | 32 | 64 | 433
-5 | 4 | 2 | 2 | 96 | 32 | 64 | 434
-5 | 4 | 2 | 2 | 96 | 29 | 67 | 435
-5 | 3 | 1 | 2 | 98 | 32 | 66 | 436
-5 | 4 | 2 | 2 | 96 | 32 | 64 | 437
-5 | 3 | 1 | 2 | 98 | 33 | 65 | 438
-5 | 3 | 1 | 2 | 98 | 32 | 66 | 439
-5 | 5 | 3 | 2 | 94 | 32 | 62 | 440
-5 | 3 | 1 | 2 | 98 | 34 | 64 | 441
-5 | 3 | 1 | 2 | 98 | 34 | 64 | 442
-5 | 3 | 1 | 2 | 98 | 32 | 66 | 443
-5 | 4 | 2 | 2 | 96 | 30 | 66 | 444
-5 | 4 | 2 | 2 | 96 | 30 | 66 | 445
-5 | 5 | 3 | 2 | 94 | 32 | 62 | 446
-5 | 5 | 3 | 2 | 94 | 30 | 64 | 447
-5 | 5 | 3 | 2 | 94 | 32 | 62 | 448
-5 | 4 | 2 | 2 | 96 | 30 | 66 | 449
-5 | 5 | 3 | 2 | 94 | 32 | 62 | 450
-5 | 3 | 1 | 2 | 98 | 32 | 66 | 451
-5 | 5 | 3 | 2 | 94 | 30 | 64 | 452
-5 | 4 | 2 | 2 | 96 | 31 | 65 | 453
-5 | 5 | 3 | 2 | 94 | 33 | 61 | 454
-5 | 3 | 1 | 2 | 98 | 32 | 66 | 455
-5 | 3 | 1 | 2 | 98 | 34 | 64 | 456
-5 | 5 | 3 | 2 | 94 | 29 | 65 | 457
-5 | 5 | 3 | 2 | 94 | 28 | 66 | 458
-5 | 3 | 1 | 2 | 98 | 33 | 65 | 459
-5 | 3 | 1 | 2 | 98 | 33 | 65 | 460
-5 | 4 | 2 | 2 | 96 | 32 | 64 | 461
-5 | 3 | 1 | 2 | 98 | 34 | 64 | 462
-5 | 5 | 3 | 2 | 94 | 28 | 66 | 463
-5 | 3 | 1 | 2 | 98 | 34 | 64 | 464
-5 | 3 | 1 | 2 | 98 | 32 | 66 | 465
-5 | 4 | 2 | 2 | 96 | 31 | 65 | 466
-5 | 4 | 2 | 2 | 96 | 30 | 66 | 467
-5 | 3 | 1 | 2 | 98 | 32 | 66 | 468
-5 | 4 | 2 | 2 | 96 | 30 | 66 | 469
-5 | 5 | 3 | 2 | 94 | 27 | 67 | 470
-5 | 4 | 2 | 2 | 96 | 31 | 65 | 471
-5 | 3 | 1 | 2 | 98 | 34 | 64 | 472
-5 | 5 | 3 | 2 | 94 | 29 | 65 | 473
-5 | 4 | 2 | 2 | 96 | 30 | 66 | 474
-5 | 5 | 3 | 2 | 94 | 29 | 65 | 475
-5 | 5 | 3 | 2 | 94 | 33 | 61 | 476
-5 | 3 | 1 | 2 | 98 | 33 | 65 | 477
-5 | 5 | 3 | 2 | 94 | 33 | 61 | 478
-5 | 5 | 3 | 2 | 94 | 29 | 65 | 479
-5 | 3 | 1 | 2 | 98 | 32 | 66 | 480
-5 | 3 | 1 | 2 | 98 | 33 | 65 | 481
-5 | 4 | 2 | 2 | 96 | 31 | 65 | 482
-5 | 5 | 3 | 2 | 94 | 34 | 60 | 483
-5 | 3 | 1 | 2 | 98 | 34 | 64 | 484
-5 | 4 | 2 | 2 | 96 | 30 | 66 | 485
-5 | 3 | 1 | 2 | 98 | 32 | 66 | 486
-5 | 3 | 1 | 2 | 98 | 32 | 66 | 487
-5 | 5 | 3 | 2 | 94 | 30 | 64 | 488
-5 | 5 | 3 | 2 | 94 | 30 | 64 | 489
-5 | 5 | 3 | 2 | 94 | 33 | 61 | 490
-5 | 3 | 1 | 2 | 98 | 34 | 64 | 491
-5 | 4 | 2 | 2 | 96 | 31 | 65 | 492
-5 | 3 | 1 | 2 | 98 | 32 | 66 | 493
-5 | 4 | 2 | 2 | 96 | 31 | 65 | 494
-5 | 4 | 2 | 2 | 96 | 31 | 65 | 495
-5 | 5 | 3 | 2 | 94 | 32 | 62 | 496
-5 | 4 | 2 | 2 | 96 | 30 | 66 | 497
-5 | 5 | 3 | 2 | 94 | 28 | 66 | 498
-5 | 3 | 1 | 2 | 98 | 32 | 66 | 499
-5 | 5 | 3 | 2 | 94 | 29 | 65 | 500
-5 | 3 | 1 | 2 | 98 | 33 | 65 | 501
-5 | 3 | 1 | 2 | 98 | 32 | 66 | 502
-5 | 3 | 1 | 2 | 98 | 33 | 65 | 503
-5 | 5 | 3 | 2 | 94 | 33 | 61 | 504
-5 | 3 | 1 | 2 | 98 | 34 | 64 | 505
-5 | 3 | 1 | 2 | 98 | 32 | 66 | 506
-5 | 3 | 1 | 2 | 98 | 34 | 64 | 507
-5 | 5 | 3 | 2 | 94 | 32 | 62 | 508
-5 | 4 | 2 | 2 | 96 | 29 | 67 | 509
-5 | 3 | 1 | 2 | 98 | 32 | 66 | 510
-5 | 4 | 2 | 2 | 96 | 30 | 66 | 511
-5 | 3 | 1 | 2 | 98 | 34 | 64 | 512
-5 | 4 | 2 | 2 | 96 | 28 | 68 | 513
-5 | 5 | 3 | 2 | 94 | 32 | 62 | 514
-5 | 4 | 2 | 2 | 96 | 29 | 67 | 515
-5 | 4 | 2 | 2 | 96 | 28 | 68 | 516
-5 | 3 | 1 | 2 | 98 | 34 | 64 | 517
-5 | 4 | 2 | 2 | 96 | 29 | 67 | 518
-5 | 4 | 2 | 2 | 96 | 28 | 68 | 519
-5 | 4 | 2 | 2 | 96 | 28 | 68 | 520
-5 | 4 | 2 | 2 | 96 | 29 | 67 | 521
-5 | 4 | 2 | 2 | 96 | 29 | 67 | 522
-5 | 5 | 3 | 2 | 94 | 31 | 63 | 523
-5 | 5 | 3 | 2 | 94 | 33 | 61 | 524
-5 | 4 | 2 | 2 | 96 | 31 | 65 | 525
-5 | 3 | 1 | 2 | 98 | 32 | 66 | 526
-5 | 3 | 1 | 2 | 98 | 32 | 66 | 527
-5 | 4 | 2 | 2 | 96 | 30 | 66 | 528
-5 | 4 | 2 | 2 | 96 | 31 | 65 | 529
-5 | 5 | 3 | 2 | 94 | 29 | 65 | 530
-5 | 3 | 1 | 2 | 98 | 32 | 66 | 531
-5 | 5 | 3 | 2 | 94 | 30 | 64 | 532
-5 | 5 | 3 | 2 | 94 | 32 | 62 | 533
-5 | 5 | 3 | 2 | 94 | 33 | 61 | 534
-5 | 4 | 2 | 2 | 96 | 29 | 67 | 535
-5 | 3 | 1 | 2 | 98 | 32 | 66 | 536
-5 | 3 | 1 | 2 | 98 | 32 | 66 | 537
-5 | 5 | 3 | 2 | 94 | 32 | 62 | 538
-5 | 4 | 2 | 2 | 96 | 30 | 66 | 539
-5 | 4 | 2 | 2 | 96 | 30 | 66 | 540
-5 | 3 | 1 | 2 | 98 | 32 | 66 | 541
-5 | 4 | 2 | 2 | 96 | 30 | 66 | 542
-5 | 4 | 2 | 2 | 96 | 30 | 66 | 543
-5 | 3 | 1 | 2 | 98 | 32 | 66 | 544
-5 | 3 | 1 | 2 | 98 | 34 | 64 | 545
-5 | 3 | 1 | 2 | 98 | 32 | 66 | 546
-5 | 3 | 1 | 2 | 98 | 34 | 64 | 547
-5 | 3 | 1 | 2 | 98 | 34 | 64 | 548
-5 | 4 | 2 | 2 | 96 | 32 | 64 | 549
-5 | 5 | 3 | 2 | 94 | 33 | 61 | 550
-5 | 3 | 1 | 2 | 98 | 32 | 66 | 551
-5 | 5 | 3 | 2 | 94 | 33 | 61 | 552
-5 | 5 | 3 | 2 | 94 | 27 | 67 | 553
-5 | 4 | 2 | 2 | 96 | 30 | 66 | 554
-5 | 3 | 1 | 2 | 98 | 34 | 64 | 555
-5 | 4 | 2 | 2 | 96 | 30 | 66 | 556
-5 | 4 | 2 | 2 | 96 | 29 | 67 | 557
-5 | 3 | 1 | 2 | 98 | 32 | 66 | 558
-5 | 3 | 1 | 2 | 98 | 34 | 64 | 559
-5 | 3 | 1 | 2 | 98 | 32 | 66 | 560
-5 | 3 | 1 | 2 | 98 | 32 | 66 | 561
-5 | 3 | 1 | 2 | 98 | 32 | 66 | 562
-5 | 5 | 3 | 2 | 94 | 30 | 64 | 563
-5 | 3 | 1 | 2 | 98 | 34 | 64 | 564
-5 | 3 | 1 | 2 | 98 | 34 | 64 | 565
-5 | 4 | 2 | 2 | 96 | 30 | 66 | 566
-5 | 4 | 2 | 2 | 96 | 30 | 66 | 567
-5 | 4 | 2 | 2 | 96 | 30 | 66 | 568
-5 | 4 | 2 | 2 | 96 | 29 | 67 | 569
-5 | 3 | 1 | 2 | 98 | 32 | 66 | 570
-5 | 4 | 2 | 2 | 96 | 30 | 66 | 571
-5 | 4 | 2 | 2 | 96 | 30 | 66 | 572
-5 | 4 | 2 | 2 | 96 | 31 | 65 | 573
-5 | 4 | 2 | 2 | 96 | 31 | 65 | 574
-5 | 4 | 2 | 2 | 96 | 29 | 67 | 575
-5 | 4 | 2 | 2 | 96 | 29 | 67 | 576
-5 | 4 | 2 | 2 | 96 | 30 | 66 | 577
-5 | 3 | 1 | 2 | 98 | 33 | 65 | 578
-5 | 5 | 3 | 2 | 94 | 33 | 61 | 579
-5 | 3 | 1 | 2 | 98 | 32 | 66 | 580
-5 | 4 | 2 | 2 | 96 | 30 | 66 | 581
-5 | 4 | 2 | 2 | 96 | 30 | 66 | 582
-5 | 3 | 1 | 2 | 98 | 32 | 66 | 583
-5 | 5 | 3 | 2 | 94 | 33 | 61 | 584
-5 | 3 | 1 | 2 | 98 | 34 | 64 | 585
-5 | 4 | 2 | 2 | 96 | 30 | 66 | 586
-5 | 4 | 2 | 2 | 96 | 31 | 65 | 587
-5 | 3 | 1 | 2 | 98 | 34 | 64 | 588
-5 | 4 | 2 | 2 | 96 | 29 | 67 | 589
-5 | 5 | 3 | 2 | 94 | 29 | 65 | 590
-5 | 3 | 1 | 2 | 98 | 34 | 64 | 591
-5 | 5 | 3 | 2 | 94 | 30 | 64 | 592
-5 | 3 | 1 | 2 | 98 | 32 | 66 | 593
-5 | 3 | 1 | 2 | 98 | 34 | 64 | 594
-5 | 4 | 2 | 2 | 96 | 28 | 68 | 595
-5 | 3 | 1 | 2 | 98 | 34 | 64 | 596
-5 | 3 | 1 | 2 | 98 | 32 | 66 | 597
-5 | 3 | 1 | 2 | 98 | 33 | 65 | 598
-5 | 4 | 2 | 2 | 96 | 30 | 66 | 599
-5 | 4 | 2 | 2 | 96 | 29 | 67 | 600
-5 | 4 | 2 | 2 | 96 | 30 | 66 | 601
-5 | 5 | 3 | 2 | 94 | 34 | 60 | 602
-5 | 4 | 2 | 2 | 96 | 31 | 65 | 603
-5 | 3 | 1 | 2 | 98 | 32 | 66 | 604
-5 | 4 | 2 | 2 | 96 | 30 | 66 | 605
-5 | 4 | 2 | 2 | 96 | 29 | 67 | 606
-5 | 4 | 2 | 2 | 96 | 29 | 67 | 607
-5 | 4 | 2 | 2 | 96 | 29 | 67 | 608
-5 | 3 | 1 | 2 | 98 | 32 | 66 | 609
-5 | 3 | 1 | 2 | 98 | 32 | 66 | 610
-5 | 5 | 3 | 2 | 94 | 31 | 63 | 611
-5 | 4 | 2 | 2 | 96 | 29 | 67 | 612
-5 | 3 | 1 | 2 | 98 | 33 | 65 | 613
-5 | 4 | 2 | 2 | 96 | 29 | 67 | 614
-5 | 3 | 1 | 2 | 98 | 34 | 64 | 615
-5 | 5 | 3 | 2 | 94 | 33 | 61 | 616
-5 | 3 | 1 | 2 | 98 | 32 | 66 | 617
-5 | 3 | 1 | 2 | 98 | 34 | 64 | 618
-5 | 4 | 2 | 2 | 96 | 31 | 65 | 619
-5 | 4 | 2 | 2 | 96 | 29 | 67 | 620
-5 | 5 | 3 | 2 | 94 | 32 | 62 | 621
-5 | 5 | 3 | 2 | 94 | 28 | 66 | 622
-5 | 4 | 2 | 2 | 96 | 30 | 66 | 623
-5 | 4 | 2 | 2 | 96 | 30 | 66 | 624
-5 | 3 | 1 | 2 | 98 | 33 | 65 | 625
-5 | 3 | 1 | 2 | 98 | 34 | 64 | 626
-5 | 3 | 1 | 2 | 98 | 33 | 65 | 627
-5 | 4 | 2 | 2 | 96 | 28 | 68 | 628
-5 | 3 | 1 | 2 | 98 | 32 | 66 | 629
-5 | 3 | 1 | 2 | 98 | 32 | 66 | 630
-5 | 3 | 1 | 2 | 98 | 33 | 65 | 631
-5 | 4 | 2 | 2 | 96 | 30 | 66 | 632
-5 | 4 | 2 | 2 | 96 | 30 | 66 | 633
-5 | 4 | 2 | 2 | 96 | 30 | 66 | 634
-5 | 3 | 1 | 2 | 98 | 32 | 66 | 635
-5 | 5 | 3 | 2 | 94 | 29 | 65 | 636
-5 | 5 | 3 | 2 | 94 | 32 | 62 | 637
-5 | 3 | 1 | 2 | 98 | 33 | 65 | 638
-5 | 4 | 2 | 2 | 96 | 31 | 65 | 639
-5 | 4 | 2 | 2 | 96 | 29 | 67 | 640
-5 | 4 | 2 | 2 | 96 | 31 | 65 | 641
-5 | 3 | 1 | 2 | 98 | 34 | 64 | 642
-5 | 4 | 2 | 2 | 96 | 30 | 66 | 643
-5 | 4 | 2 | 2 | 96 | 31 | 65 | 644
-5 | 5 | 3 | 2 | 94 | 32 | 62 | 645
-5 | 3 | 1 | 2 | 98 | 33 | 65 | 646
-5 | 3 | 1 | 2 | 98 | 32 | 66 | 647
-5 | 5 | 3 | 2 | 94 | 29 | 65 | 648
-5 | 5 | 3 | 2 | 94 | 32 | 62 | 649
-5 | 3 | 1 | 2 | 98 | 32 | 66 | 650
-5 | 5 | 3 | 2 | 94 | 31 | 63 | 651
-5 | 3 | 1 | 2 | 98 | 34 | 64 | 652
-5 | 3 | 1 | 2 | 98 | 33 | 65 | 653
-5 | 3 | 1 | 2 | 98 | 32 | 66 | 654
-5 | 3 | 1 | 2 | 98 | 33 | 65 | 655
-5 | 5 | 3 | 2 | 94 | 31 | 63 | 656
-5 | 5 | 3 | 2 | 94 | 30 | 64 | 657
-5 | 5 | 3 | 2 | 94 | 28 | 66 | 658
-5 | 3 | 1 | 2 | 98 | 33 | 65 | 659
-5 | 3 | 1 | 2 | 98 | 32 | 66 | 660
-5 | 3 | 1 | 2 | 98 | 33 | 65 | 661
-5 | 4 | 2 | 2 | 96 | 31 | 65 | 662
-5 | 4 | 2 | 2 | 96 | 31 | 65 | 663
-5 | 3 | 1 | 2 | 98 | 32 | 66 | 664
-5 | 3 | 1 | 2 | 98 | 32 | 66 | 665
-5 | 4 | 2 | 2 | 96 | 31 | 65 | 666
-5 | 3 | 1 | 2 | 98 | 34 | 64 | 667
-5 | 4 | 2 | 2 | 96 | 31 | 65 | 668
-5 | 3 | 1 | 2 | 98 | 32 | 66 | 669
-5 | 4 | 2 | 2 | 96 | 30 | 66 | 670
-5 | 5 | 3 | 2 | 94 | 33 | 61 | 671
-5 | 3 | 1 | 2 | 98 | 32 | 66 | 672
-5 | 4 | 2 | 2 | 96 | 31 | 65 | 673
-5 | 4 | 2 | 2 | 96 | 32 | 64 | 674
-5 | 4 | 2 | 2 | 96 | 31 | 65 | 675
-5 | 3 | 1 | 2 | 98 | 32 | 66 | 676
-5 | 4 | 2 | 2 | 96 | 31 | 65 | 677
-5 | 5 | 3 | 2 | 94 | 28 | 66 | 678
-5 | 5 | 3 | 2 | 94 | 32 | 62 | 679
-5 | 5 | 3 | 2 | 94 | 32 | 62 | 680
-5 | 3 | 1 | 2 | 98 | 34 | 64 | 681
-5 | 4 | 2 | 2 | 96 | 32 | 64 | 682
-5 | 5 | 3 | 2 | 94 | 33 | 61 | 683
-5 | 5 | 3 | 2 | 94 | 32 | 62 | 684
-5 | 5 | 3 | 2 | 94 | 32 | 62 | 685
-5 | 4 | 2 | 2 | 96 | 30 | 66 | 686
-5 | 4 | 2 | 2 | 96 | 32 | 64 | 687
-5 | 3 | 1 | 2 | 98 | 34 | 64 | 688
-5 | 5 | 3 | 2 | 94 | 30 | 64 | 689
-5 | 5 | 3 | 2 | 94 | 32 | 62 | 690
-5 | 4 | 2 | 2 | 96 | 29 | 67 | 691
-5 | 5 | 3 | 2 | 94 | 33 | 61 | 692
-5 | 3 | 1 | 2 | 98 | 34 | 64 | 693
-5 | 5 | 3 | 2 | 94 | 32 | 62 | 694
-5 | 4 | 2 | 2 | 96 | 31 | 65 | 695
-5 | 5 | 3 | 2 | 94 | 33 | 61 | 696
-5 | 5 | 3 | 2 | 94 | 30 | 64 | 697
-5 | 4 | 2 | 2 | 96 | 29 | 67 | 698
-5 | 3 | 1 | 2 | 98 | 34 | 64 | 699
-5 | 4 | 2 | 2 | 96 | 32 | 64 | 700
-5 | 3 | 1 | 2 | 98 | 33 | 65 | 701
-5 | 4 | 2 | 2 | 96 | 30 | 66 | 702
-5 | 4 | 2 | 2 | 96 | 29 | 67 | 703
-5 | 5 | 3 | 2 | 94 | 29 | 65 | 704
-5 | 4 | 2 | 2 | 96 | 28 | 68 | 705
-5 | 3 | 1 | 2 | 98 | 32 | 66 | 706
-5 | 4 | 2 | 2 | 96 | 30 | 66 | 707
-5 | 3 | 1 | 2 | 98 | 34 | 64 | 708
-5 | 4 | 2 | 2 | 96 | 30 | 66 | 709
-5 | 5 | 3 | 2 | 94 | 29 | 65 | 710
-5 | 4 | 2 | 2 | 96 | 31 | 65 | 711
-5 | 4 | 2 | 2 | 96 | 29 | 67 | 712
-5 | 3 | 1 | 2 | 98 | 32 | 66 | 713
-5 | 3 | 1 | 2 | 98 | 33 | 65 | 714
-5 | 4 | 2 | 2 | 96 | 31 | 65 | 715
-5 | 5 | 3 | 2 | 94 | 33 | 61 | 716
-5 | 4 | 2 | 2 | 96 | 28 | 68 | 717
-5 | 5 | 3 | 2 | 94 | 28 | 66 | 718
-5 | 3 | 1 | 2 | 98 | 32 | 66 | 719
-5 | 4 | 2 | 2 | 96 | 31 | 65 | 720
-5 | 5 | 3 | 2 | 94 | 29 | 65 | 721
-5 | 5 | 3 | 2 | 94 | 28 | 66 | 722
-5 | 3 | 1 | 2 | 98 | 32 | 66 | 723
-5 | 4 | 2 | 2 | 96 | 30 | 66 | 724
-5 | 3 | 1 | 2 | 98 | 34 | 64 | 725
-5 | 5 | 3 | 2 | 94 | 29 | 65 | 726
-5 | 3 | 1 | 2 | 98 | 34 | 64 | 727
-5 | 4 | 2 | 2 | 96 | 30 | 66 | 728
-5 | 5 | 3 | 2 | 94 | 31 | 63 | 729
-5 | 4 | 2 | 2 | 96 | 29 | 67 | 730
-5 | 3 | 1 | 2 | 98 | 33 | 65 | 731
-5 | 3 | 1 | 2 | 98 | 33 | 65 | 732
-5 | 3 | 1 | 2 | 98 | 34 | 64 | 733
-5 | 4 | 2 | 2 | 96 | 29 | 67 | 734
-5 | 4 | 2 | 2 | 96 | 29 | 67 | 735
-5 | 4 | 2 | 2 | 96 | 29 | 67 | 736
-5 | 4 | 2 | 2 | 96 | 29 | 67 | 737
-5 | 5 | 3 | 2 | 94 | 29 | 65 | 738
-5 | 4 | 2 | 2 | 96 | 30 | 66 | 739
-5 | 3 | 1 | 2 | 98 | 32 | 66 | 740
-5 | 4 | 2 | 2 | 96 | 29 | 67 | 741
-5 | 3 | 1 | 2 | 98 | 33 | 65 | 742
-5 | 5 | 3 | 2 | 94 | 29 | 65 | 743
-5 | 3 | 1 | 2 | 98 | 32 | 66 | 744
-5 | 3 | 1 | 2 | 98 | 33 | 65 | 745
-5 | 4 | 2 | 2 | 96 | 30 | 66 | 746
-5 | 3 | 1 | 2 | 98 | 32 | 66 | 747
-5 | 3 | 1 | 2 | 98 | 32 | 66 | 748
-5 | 3 | 1 | 2 | 98 | 32 | 66 | 749
-5 | 3 | 1 | 2 | 98 | 32 | 66 | 750
-5 | 4 | 2 | 2 | 96 | 28 | 68 | 751
-5 | 4 | 2 | 2 | 96 | 31 | 65 | 752
-5 | 3 | 1 | 2 | 98 | 34 | 64 | 753
-5 | 3 | 1 | 2 | 98 | 33 | 65 | 754
-5 | 5 | 3 | 2 | 94 | 33 | 61 | 755
-5 | 4 | 2 | 2 | 96 | 30 | 66 | 756
-5 | 4 | 2 | 2 | 96 | 29 | 67 | 757
-5 | 4 | 2 | 2 | 96 | 28 | 68 | 758
-5 | 4 | 2 | 2 | 96 | 30 | 66 | 759
-5 | 3 | 1 | 2 | 98 | 32 | 66 | 760
-5 | 3 | 1 | 2 | 98 | 34 | 64 | 761
-5 | 4 | 2 | 2 | 96 | 30 | 66 | 762
-5 | 3 | 1 | 2 | 98 | 33 | 65 | 763
-5 | 3 | 1 | 2 | 98 | 32 | 66 | 764
-5 | 4 | 2 | 2 | 96 | 31 | 65 | 765
-5 | 5 | 3 | 2 | 94 | 33 | 61 | 766
-5 | 4 | 2 | 2 | 96 | 28 | 68 | 767
-5 | 3 | 1 | 2 | 98 | 34 | 64 | 768
-5 | 3 | 1 | 2 | 98 | 33 | 65 | 769
-5 | 4 | 2 | 2 | 96 | 30 | 66 | 770
-5 | 4 | 2 | 2 | 96 | 30 | 66 | 771
-5 | 4 | 2 | 2 | 96 | 30 | 66 | 772
-5 | 3 | 1 | 2 | 98 | 33 | 65 | 773
-5 | 4 | 2 | 2 | 96 | 30 | 66 | 774
-5 | 5 | 3 | 2 | 94 | 30 | 64 | 775
-5 | 3 | 1 | 2 | 98 | 32 | 66 | 776
-5 | 3 | 1 | 2 | 98 | 32 | 66 | 777
-5 | 3 | 1 | 2 | 98 | 32 | 66 | 778
-5 | 3 | 1 | 2 | 98 | 34 | 64 | 779
-5 | 3 | 1 | 2 | 98 | 34 | 64 | 780
-5 | 3 | 1 | 2 | 98 | 32 | 66 | 781
-5 | 3 | 1 | 2 | 98 | 34 | 64 | 782
-5 | 5 | 3 | 2 | 94 | 31 | 63 | 783
-5 | 5 | 3 | 2 | 94 | 29 | 65 | 784
-5 | 5 | 3 | 2 | 94 | 32 | 62 | 785
-5 | 3 | 1 | 2 | 98 | 33 | 65 | 786
-5 | 4 | 2 | 2 | 96 | 29 | 67 | 787
-5 | 4 | 2 | 2 | 96 | 30 | 66 | 788
-5 | 3 | 1 | 2 | 98 | 34 | 64 | 789
-5 | 3 | 1 | 2 | 98 | 32 | 66 | 790
-5 | 3 | 1 | 2 | 98 | 32 | 66 | 791
-5 | 5 | 3 | 2 | 94 | 29 | 65 | 792
-5 | 5 | 3 | 2 | 94 | 33 | 61 | 793
-5 | 3 | 1 | 2 | 98 | 32 | 66 | 794
-5 | 4 | 2 | 2 | 96 | 30 | 66 | 795
-5 | 4 | 2 | 2 | 96 | 30 | 66 | 796
-5 | 4 | 2 | 2 | 96 | 31 | 65 | 797
-5 | 4 | 2 | 2 | 96 | 29 | 67 | 798
-5 | 5 | 3 | 2 | 94 | 27 | 67 | 799
-5 | 4 | 2 | 2 | 96 | 29 | 67 | 800
-5 | 3 | 1 | 2 | 98 | 32 | 66 | 801
-5 | 4 | 2 | 2 | 96 | 31 | 65 | 802
-5 | 3 | 1 | 2 | 98 | 34 | 64 | 803
-5 | 4 | 2 | 2 | 96 | 31 | 65 | 804
-5 | 4 | 2 | 2 | 96 | 29 | 67 | 805
-5 | 3 | 1 | 2 | 98 | 34 | 64 | 806
-5 | 5 | 3 | 2 | 94 | 29 | 65 | 807
-5 | 3 | 1 | 2 | 98 | 34 | 64 | 808
-5 | 3 | 1 | 2 | 98 | 32 | 66 | 809
-5 | 5 | 3 | 2 | 94 | 31 | 63 | 810
-5 | 5 | 3 | 2 | 94 | 27 | 67 | 811
-5 | 3 | 1 | 2 | 98 | 32 | 66 | 812
-5 | 3 | 1 | 2 | 98 | 34 | 64 | 813
-5 | 4 | 2 | 2 | 96 | 30 | 66 | 814
-5 | 3 | 1 | 2 | 98 | 33 | 65 | 815
-5 | 4 | 2 | 2 | 96 | 28 | 68 | 816
-5 | 3 | 1 | 2 | 98 | 32 | 66 | 817
-5 | 4 | 2 | 2 | 96 | 29 | 67 | 818
-5 | 4 | 2 | 2 | 96 | 30 | 66 | 819
-5 | 5 | 3 | 2 | 94 | 29 | 65 | 820
-5 | 4 | 2 | 2 | 96 | 31 | 65 | 821
-5 | 4 | 2 | 2 | 96 | 29 | 67 | 822
-5 | 5 | 3 | 2 | 94 | 29 | 65 | 823
-5 | 5 | 3 | 2 | 94 | 31 | 63 | 824
-5 | 5 | 3 | 2 | 94 | 33 | 61 | 825
-5 | 4 | 2 | 2 | 96 | 31 | 65 | 826
-5 | 3 | 1 | 2 | 98 | 34 | 64 | 827
-5 | 4 | 2 | 2 | 96 | 30 | 66 | 828
-5 | 4 | 2 | 2 | 96 | 30 | 66 | 829
-5 | 3 | 1 | 2 | 98 | 32 | 66 | 830
-5 | 5 | 3 | 2 | 94 | 27 | 67 | 831
-5 | 5 | 3 | 2 | 94 | 27 | 67 | 832
-5 | 3 | 1 | 2 | 98 | 34 | 64 | 833
-5 | 4 | 2 | 2 | 96 | 29 | 67 | 834
-5 | 3 | 1 | 2 | 98 | 32 | 66 | 835
-5 | 4 | 2 | 2 | 96 | 29 | 67 | 836
-5 | 3 | 1 | 2 | 98 | 32 | 66 | 837
-5 | 3 | 1 | 2 | 98 | 32 | 66 | 838
-5 | 4 | 2 | 2 | 96 | 29 | 67 | 839
-5 | 3 | 1 | 2 | 98 | 32 | 66 | 840
-5 | 3 | 1 | 2 | 98 | 33 | 65 | 841
-5 | 4 | 2 | 2 | 96 | 29 | 67 | 842
-5 | 3 | 1 | 2 | 98 | 33 | 65 | 843
-5 | 5 | 3 | 2 | 94 | 28 | 66 | 844
-5 | 3 | 1 | 2 | 98 | 33 | 65 | 845
-5 | 4 | 2 | 2 | 96 | 29 | 67 | 846
-5 | 4 | 2 | 2 | 96 | 30 | 66 | 847
-5 | 3 | 1 | 2 | 98 | 34 | 64 | 848
-5 | 3 | 1 | 2 | 98 | 34 | 64 | 849
-5 | 5 | 3 | 2 | 94 | 32 | 62 | 850
-5 | 3 | 1 | 2 | 98 | 34 | 64 | 851
-5 | 5 | 3 | 2 | 94 | 33 | 61 | 852
-5 | 3 | 1 | 2 | 98 | 34 | 64 | 853
-5 | 3 | 1 | 2 | 98 | 32 | 66 | 854
-5 | 4 | 2 | 2 | 96 | 29 | 67 | 855
-5 | 4 | 2 | 2 | 96 | 29 | 67 | 856
-5 | 5 | 3 | 2 | 94 | 29 | 65 | 857
-5 | 5 | 3 | 2 | 94 | 31 | 63 | 858
-5 | 4 | 2 | 2 | 96 | 30 | 66 | 859
-5 | 5 | 3 | 2 | 94 | 30 | 64 | 860
-5 | 5 | 3 | 2 | 94 | 28 | 66 | 861
-5 | 4 | 2 | 2 | 96 | 29 | 67 | 862
-5 | 5 | 3 | 2 | 94 | 30 | 64 | 863
-5 | 4 | 2 | 2 | 96 | 29 | 67 | 864
-5 | 3 | 1 | 2 | 98 | 32 | 66 | 865
-5 | 3 | 1 | 2 | 98 | 32 | 66 | 866
-5 | 3 | 1 | 2 | 98 | 33 | 65 | 867
-5 | 3 | 1 | 2 | 98 | 33 | 65 | 868
-5 | 4 | 2 | 2 | 96 | 30 | 66 | 869
-5 | 3 | 1 | 2 | 98 | 32 | 66 | 870
-5 | 3 | 1 | 2 | 98 | 32 | 66 | 871
-5 | 5 | 3 | 2 | 94 | 30 | 64 | 872
-5 | 4 | 2 | 2 | 96 | 30 | 66 | 873
-5 | 4 | 2 | 2 | 96 | 30 | 66 | 874
-5 | 3 | 1 | 2 | 98 | 34 | 64 | 875
-5 | 4 | 2 | 2 | 96 | 29 | 67 | 876
-5 | 5 | 3 | 2 | 94 | 34 | 60 | 877
-5 | 4 | 2 | 2 | 96 | 29 | 67 | 878
-5 | 4 | 2 | 2 | 96 | 29 | 67 | 879
-5 | 3 | 1 | 2 | 98 | 32 | 66 | 880
-5 | 5 | 3 | 2 | 94 | 32 | 62 | 881
-5 | 3 | 1 | 2 | 98 | 32 | 66 | 882
-5 | 3 | 1 | 2 | 98 | 33 | 65 | 883
-5 | 3 | 1 | 2 | 98 | 34 | 64 | 884
-5 | 4 | 2 | 2 | 96 | 30 | 66 | 885
-5 | 4 | 2 | 2 | 96 | 29 | 67 | 886
-5 | 4 | 2 | 2 | 96 | 30 | 66 | 887
-5 | 3 | 1 | 2 | 98 | 32 | 66 | 888
-5 | 4 | 2 | 2 | 96 | 30 | 66 | 889
-5 | 4 | 2 | 2 | 96 | 29 | 67 | 890
-5 | 3 | 1 | 2 | 98 | 33 | 65 | 891
-5 | 4 | 2 | 2 | 96 | 29 | 67 | 892
-5 | 3 | 1 | 2 | 98 | 34 | 64 | 893
-5 | 5 | 3 | 2 | 94 | 29 | 65 | 894
-5 | 3 | 1 | 2 | 98 | 34 | 64 | 895
-5 | 5 | 3 | 2 | 94 | 29 | 65 | 896
-5 | 3 | 1 | 2 | 98 | 32 | 66 | 897
-5 | 3 | 1 | 2 | 98 | 34 | 64 | 898
-5 | 4 | 2 | 2 | 96 | 31 | 65 | 899
-5 | 4 | 2 | 2 | 96 | 31 | 65 | 900
-5 | 5 | 3 | 2 | 94 | 34 | 60 | 901
-5 | 3 | 1 | 2 | 98 | 33 | 65 | 902
-5 | 3 | 1 | 2 | 98 | 32 | 66 | 903
-5 | 4 | 2 | 2 | 96 | 31 | 65 | 904
-5 | 5 | 3 | 2 | 94 | 34 | 60 | 905
-5 | 4 | 2 | 2 | 96 | 30 | 66 | 906
-5 | 3 | 1 | 2 | 98 | 32 | 66 | 907
-5 | 3 | 1 | 2 | 98 | 34 | 64 | 908
-5 | 5 | 3 | 2 | 94 | 27 | 67 | 909
-5 | 3 | 1 | 2 | 98 | 32 | 66 | 910
-5 | 4 | 2 | 2 | 96 | 31 | 65 | 911
-5 | 3 | 1 | 2 | 98 | 33 | 65 | 912
-5 | 3 | 1 | 2 | 98 | 33 | 65 | 913
-5 | 4 | 2 | 2 | 96 | 30 | 66 | 914
-5 | 4 | 2 | 2 | 96 | 30 | 66 | 915
-5 | 4 | 2 | 2 | 96 | 30 | 66 | 916
-5 | 4 | 2 | 2 | 96 | 30 | 66 | 917
-5 | 4 | 2 | 2 | 96 | 30 | 66 | 918
-5 | 3 | 1 | 2 | 98 | 32 | 66 | 919
-5 | 3 | 1 | 2 | 98 | 33 | 65 | 920
-5 | 5 | 3 | 2 | 94 | 33 | 61 | 921
-5 | 4 | 2 | 2 | 96 | 30 | 66 | 922
-5 | 3 | 1 | 2 | 98 | 34 | 64 | 923
-5 | 4 | 2 | 2 | 96 | 29 | 67 | 924
-5 | 5 | 3 | 2 | 94 | 32 | 62 | 925
-5 | 3 | 1 | 2 | 98 | 34 | 64 | 926
-5 | 3 | 1 | 2 | 98 | 34 | 64 | 927
-5 | 5 | 3 | 2 | 94 | 32 | 62 | 928
-5 | 3 | 1 | 2 | 98 | 34 | 64 | 929
-5 | 4 | 2 | 2 | 96 | 31 | 65 | 930
-5 | 3 | 1 | 2 | 98 | 34 | 64 | 931
-5 | 3 | 1 | 2 | 98 | 33 | 65 | 932
-5 | 3 | 1 | 2 | 98 | 32 | 66 | 933
-5 | 3 | 1 | 2 | 98 | 32 | 66 | 934
-5 | 3 | 1 | 2 | 98 | 32 | 66 | 935
-5 | 5 | 3 | 2 | 94 | 29 | 65 | 936
-5 | 4 | 2 | 2 | 96 | 28 | 68 | 937
-5 | 4 | 2 | 2 | 96 | 30 | 66 | 938
-5 | 3 | 1 | 2 | 98 | 32 | 66 | 939
-5 | 3 | 1 | 2 | 98 | 32 | 66 | 940
-5 | 5 | 3 | 2 | 94 | 29 | 65 | 941
-5 | 4 | 2 | 2 | 96 | 30 | 66 | 942
-5 | 4 | 2 | 2 | 96 | 31 | 65 | 943
-5 | 3 | 1 | 2 | 98 | 34 | 64 | 944
-5 | 5 | 3 | 2 | 94 | 32 | 62 | 945
-5 | 3 | 1 | 2 | 98 | 34 | 64 | 946
-5 | 5 | 3 | 2 | 94 | 29 | 65 | 947
-5 | 5 | 3 | 2 | 94 | 32 | 62 | 948
-5 | 3 | 1 | 2 | 98 | 33 | 65 | 949
-5 | 4 | 2 | 2 | 96 | 32 | 64 | 950
-5 | 3 | 1 | 2 | 98 | 34 | 64 | 951
-5 | 3 | 1 | 2 | 98 | 33 | 65 | 952
-5 | 3 | 1 | 2 | 98 | 34 | 64 | 953
-5 | 3 | 1 | 2 | 98 | 32 | 66 | 954
-5 | 4 | 2 | 2 | 96 | 30 | 66 | 955
-5 | 4 | 2 | 2 | 96 | 29 | 67 | 956
-5 | 3 | 1 | 2 | 98 | 34 | 64 | 957
-5 | 4 | 2 | 2 | 96 | 31 | 65 | 958
-5 | 3 | 1 | 2 | 98 | 34 | 64 | 959
-5 | 4 | 2 | 2 | 96 | 29 | 67 | 960
-5 | 5 | 3 | 2 | 94 | 29 | 65 | 961
-5 | 3 | 1 | 2 | 98 | 32 | 66 | 962
-5 | 3 | 1 | 2 | 98 | 34 | 64 | 963
-5 | 3 | 1 | 2 | 98 | 32 | 66 | 964
-5 | 3 | 1 | 2 | 98 | 34 | 64 | 965
-5 | 3 | 1 | 2 | 98 | 34 | 64 | 966
-5 | 5 | 3 | 2 | 94 | 33 | 61 | 967
-5 | 5 | 3 | 2 | 94 | 30 | 64 | 968
-5 | 3 | 1 | 2 | 98 | 34 | 64 | 969
-5 | 4 | 2 | 2 | 96 | 30 | 66 | 970
-5 | 4 | 2 | 2 | 96 | 30 | 66 | 971
-5 | 3 | 1 | 2 | 98 | 32 | 66 | 972
-5 | 4 | 2 | 2 | 96 | 30 | 66 | 973
-5 | 3 | 1 | 2 | 98 | 32 | 66 | 974
-5 | 3 | 1 | 2 | 98 | 32 | 66 | 975
-5 | 4 | 2 | 2 | 96 | 29 | 67 | 976
-5 | 4 | 2 | 2 | 96 | 29 | 67 | 977
-5 | 4 | 2 | 2 | 96 | 29 | 67 | 978
-5 | 3 | 1 | 2 | 98 | 32 | 66 | 979
-5 | 3 | 1 | 2 | 98 | 32 | 66 | 980
-5 | 3 | 1 | 2 | 98 | 33 | 65 | 981
-5 | 4 | 2 | 2 | 96 | 30 | 66 | 982
-5 | 5 | 3 | 2 | 94 | 28 | 66 | 983
-5 | 3 | 1 | 2 | 98 | 33 | 65 | 984
-5 | 3 | 1 | 2 | 98 | 34 | 64 | 985
-5 | 3 | 1 | 2 | 98 | 33 | 65 | 986
-5 | 5 | 3 | 2 | 94 | 34 | 60 | 987
-5 | 3 | 1 | 2 | 98 | 34 | 64 | 988
-5 | 4 | 2 | 2 | 96 | 30 | 66 | 989
-5 | 5 | 3 | 2 | 94 | 29 | 65 | 990
-5 | 3 | 1 | 2 | 98 | 34 | 64 | 991
-5 | 4 | 2 | 2 | 96 | 30 | 66 | 992
-5 | 4 | 2 | 2 | 96 | 30 | 66 | 993
-5 | 5 | 3 | 2 | 94 | 31 | 63 | 994
-5 | 3 | 1 | 2 | 98 | 34 | 64 | 995
-5 | 5 | 3 | 2 | 94 | 29 | 65 | 996
-5 | 3 | 1 | 2 | 98 | 32 | 66 | 997
-5 | 3 | 1 | 2 | 98 | 34 | 64 | 998
-5 | 3 | 1 | 2 | 98 | 32 | 66 | 999
-5 | 3 | 1 | 2 | 98 | 32 | 66 | 1000
