START for Step 0.
16 | 8 | 14 | 10 | 23 | 4 | 7 | 0 | 2 | 23 | 21 | 22 | 1 | 5 | 4 | 22 | 6 | 4 | 4 | 3 | 9 | 5 | 5 | 7 | 0 | 17 | 
11 | 21 | 22 | 1 | 5 | 4 | 22 | 6 | 4 | 4 | 3 | 9 | 5 | 5 | 7 | 0 | 17 | 2 | 20 | 3 | 12 | 2 | 14 | 6 | 22 | 
10 | 4 | 3 | 9 | 5 | 5 | 7 | 0 | 17 | 2 | 20 | 3 | 12 | 2 | 14 | 6 | 22 | 6 | 1 | 8 | 10 | 4 | 17 | 1 | 23 | 
11 | 2 | 20 | 3 | 12 | 2 | 14 | 6 | 22 | 6 | 1 | 8 | 10 | 4 | 17 | 1 | 23 | 20 | 1 | 0 | 7 | 21 | 20 | 8 | 20 | 22 | 
END. 
START for Step 10.
16 | 23 | 5 | 19 | 7 | 25 | 4 | 25 | 23 | 22 | 24 | 6 | 21 | 11 | 0 | 1 | 10 | 0 | 21 | 17 | 1 | 7 | 7 | 12 | 
11 | 21 | 22 | 1 | 5 | 4 | 4 | 22 | 6 | 4 | 12 | 3 | 9 | 5 | 5 | 7 | 17 | 2 | 20 | 3 | 22 | 2 | 6 | 14 | 
10 | 12 | 3 | 9 | 5 | 5 | 7 | 17 | 2 | 20 | 3 | 22 | 2 | 6 | 14 | 6 | 1 | 8 | 10 | 0 | 4 | 17 | 1 | 23 | 
11 | 5 | 4 | 4 | 22 | 6 | 4 | 16 | 19 | 17 | 5 | 5 | 7 | 17 | 4 | 25 | 9 | 22 | 2 | 6 | 14 | 11 | 0 | 2 | 
END. 
START for Step 20.
16 | 20 | 7 | 23 | 22 | 19 | 3 | 12 | 19 | 2 | 20 | 23 | 24 | 5 | 6 | 24 | 6 | 1 | 1 | 10 | 0 | 21 | 17 | 1 | 
11 | 21 | 22 | 1 | 5 | 4 | 4 | 22 | 6 | 4 | 7 | 9 | 22 | 5 | 3 | 12 | 17 | 2 | 20 | 3 | 2 | 5 | 6 | 14 | 
10 | 7 | 9 | 22 | 5 | 3 | 12 | 17 | 2 | 20 | 3 | 2 | 5 | 6 | 14 | 6 | 1 | 8 | 10 | 0 | 4 | 17 | 1 | 23 | 
11 | 5 | 14 | 2 | 21 | 22 | 1 | 5 | 4 | 4 | 12 | 17 | 15 | 7 | 9 | 22 | 5 | 16 | 16 | 12 | 2 | 20 | 3 | 2 | 
END. 
START for Step 30.
16 | 17 | 15 | 10 | 12 | 15 | 5 | 6 | 16 | 12 | 1 | 20 | 20 | 2 | 8 | 8 | 20 | 14 | 1 | 8 | 12 | 0 | 4 | 15 | 
11 | 21 | 22 | 1 | 5 | 4 | 4 | 22 | 6 | 4 | 7 | 12 | 22 | 5 | 3 | 9 | 17 | 3 | 20 | 2 | 2 | 5 | 6 | 14 | 
10 | 7 | 12 | 22 | 5 | 3 | 9 | 17 | 3 | 20 | 2 | 2 | 5 | 6 | 14 | 6 | 1 | 8 | 10 | 0 | 4 | 17 | 1 | 23 | 
11 | 5 | 14 | 2 | 21 | 22 | 1 | 5 | 4 | 4 | 12 | 17 | 15 | 7 | 12 | 22 | 5 | 16 | 16 | 12 | 3 | 20 | 2 | 2 | 
END. 
START for Step 40.
16 | 12 | 17 | 15 | 7 | 12 | 22 | 20 | 16 | 16 | 12 | 3 | 5 | 2 | 2 | 0 | 8 | 20 | 6 | 1 | 8 | 10 | 0 | 4 | 
11 | 21 | 22 | 1 | 5 | 4 | 4 | 22 | 6 | 4 | 7 | 12 | 22 | 20 | 3 | 9 | 17 | 3 | 5 | 2 | 2 | 5 | 6 | 14 | 
10 | 7 | 12 | 22 | 20 | 3 | 9 | 17 | 3 | 5 | 2 | 2 | 5 | 6 | 14 | 6 | 1 | 8 | 10 | 0 | 4 | 17 | 1 | 23 | 
11 | 14 | 2 | 3 | 22 | 1 | 3 | 4 | 4 | 24 | 17 | 15 | 10 | 12 | 15 | 20 | 6 | 16 | 12 | 1 | 5 | 20 | 2 | 8 | 
END. 
START for Step 50.
16 | 20 | 12 | 2 | 23 | 22 | 19 | 3 | 9 | 19 | 3 | 23 | 24 | 5 | 6 | 24 | 6 | 1 | 1 | 10 | 0 | 21 | 17 | 1 | 
11 | 21 | 22 | 1 | 5 | 4 | 4 | 22 | 6 | 4 | 12 | 2 | 2 | 22 | 20 | 3 | 9 | 17 | 3 | 5 | 7 | 5 | 6 | 14 | 
10 | 12 | 2 | 2 | 22 | 20 | 3 | 9 | 17 | 3 | 5 | 7 | 5 | 6 | 14 | 6 | 1 | 8 | 10 | 0 | 4 | 17 | 1 | 23 | 
11 | 12 | 17 | 15 | 12 | 2 | 2 | 22 | 20 | 16 | 16 | 12 | 3 | 5 | 7 | 0 | 8 | 20 | 6 | 1 | 8 | 10 | 0 | 4 | 
END. 
START for Step 60.
16 | 20 | 5 | 14 | 20 | 21 | 22 | 20 | 5 | 4 | 22 | 12 | 17 | 20 | 2 | 23 | 22 | 17 | 16 | 16 | 19 | 3 | 23 | 12 | 
11 | 21 | 22 | 1 | 5 | 4 | 4 | 22 | 6 | 4 | 2 | 2 | 22 | 20 | 3 | 9 | 17 | 3 | 5 | 12 | 7 | 5 | 6 | 14 | 
10 | 2 | 2 | 22 | 20 | 3 | 9 | 17 | 3 | 5 | 12 | 7 | 5 | 6 | 14 | 6 | 1 | 8 | 10 | 0 | 4 | 17 | 1 | 23 | 
11 | 22 | 12 | 17 | 20 | 2 | 23 | 22 | 17 | 16 | 16 | 19 | 3 | 23 | 12 | 17 | 0 | 8 | 24 | 6 | 1 | 1 | 10 | 0 | 
END. 
START for Step 70.
16 | 2 | 14 | 15 | 20 | 6 | 9 | 17 | 3 | 3 | 20 | 8 | 6 | 7 | 9 | 1 | 8 | 12 | 0 | 4 | 15 | 1 | 23 | 6 | 
11 | 21 | 22 | 1 | 5 | 4 | 4 | 22 | 6 | 4 | 5 | 2 | 14 | 2 | 20 | 3 | 9 | 17 | 22 | 3 | 12 | 5 | 6 | 7 | 
10 | 5 | 2 | 14 | 2 | 20 | 3 | 9 | 17 | 22 | 3 | 12 | 5 | 6 | 7 | 6 | 1 | 8 | 10 | 0 | 4 | 17 | 1 | 23 | 
11 | 17 | 15 | 10 | 2 | 14 | 15 | 20 | 6 | 16 | 12 | 1 | 3 | 20 | 8 | 8 | 20 | 14 | 1 | 8 | 12 | 0 | 4 | 15 | 
END. 
START for Step 80.
16 | 20 | 6 | 17 | 3 | 25 | 9 | 12 | 2 | 8 | 6 | 9 | 0 | 2 | 21 | 0 | 4 | 15 | 1 | 23 | 6 | 12 | 9 | 14 | 
11 | 21 | 22 | 1 | 5 | 4 | 4 | 22 | 6 | 4 | 5 | 7 | 14 | 2 | 20 | 3 | 17 | 22 | 3 | 9 | 12 | 2 | 5 | 6 | 
10 | 5 | 7 | 14 | 2 | 20 | 3 | 17 | 22 | 3 | 9 | 12 | 2 | 5 | 6 | 6 | 1 | 8 | 10 | 0 | 4 | 17 | 1 | 23 | 
11 | 5 | 4 | 4 | 22 | 6 | 4 | 16 | 19 | 17 | 2 | 20 | 3 | 17 | 4 | 25 | 9 | 12 | 2 | 5 | 6 | 11 | 0 | 2 | 
END. 
START for Step 90.
16 | 22 | 1 | 3 | 4 | 4 | 24 | 6 | 4 | 25 | 9 | 20 | 15 | 6 | 7 | 17 | 3 | 5 | 20 | 3 | 8 | 6 | 2 | 9 | 
11 | 21 | 22 | 1 | 5 | 4 | 4 | 22 | 6 | 4 | 14 | 9 | 20 | 2 | 3 | 7 | 17 | 22 | 5 | 12 | 3 | 5 | 6 | 2 | 
10 | 14 | 9 | 20 | 2 | 3 | 7 | 17 | 22 | 5 | 12 | 3 | 5 | 6 | 2 | 6 | 1 | 8 | 10 | 0 | 4 | 17 | 1 | 23 | 
11 | 17 | 15 | 10 | 9 | 20 | 15 | 6 | 16 | 12 | 1 | 5 | 20 | 3 | 8 | 8 | 20 | 14 | 1 | 8 | 12 | 0 | 4 | 15 | 
END. 
START for Step 100.
16 | 22 | 1 | 3 | 4 | 4 | 24 | 6 | 4 | 25 | 9 | 20 | 15 | 6 | 7 | 17 | 3 | 5 | 20 | 3 | 8 | 6 | 2 | 9 | 
11 | 21 | 22 | 1 | 5 | 4 | 4 | 22 | 6 | 4 | 14 | 9 | 20 | 2 | 3 | 7 | 17 | 22 | 5 | 12 | 3 | 5 | 6 | 2 | 
10 | 14 | 9 | 20 | 2 | 3 | 7 | 17 | 22 | 5 | 12 | 3 | 5 | 6 | 2 | 6 | 1 | 8 | 10 | 0 | 4 | 17 | 1 | 23 | 
11 | 17 | 15 | 10 | 9 | 20 | 15 | 6 | 16 | 12 | 1 | 5 | 20 | 3 | 8 | 8 | 20 | 14 | 1 | 8 | 12 | 0 | 4 | 15 | 
END. 
