-4 | 2 | 30 | 0 | 4 | 0
-4 | 2 | 30 | 0 | 4 | 1
-4 | 2 | 27 | 3 | 4 | 2
-4 | 2 | 27 | 3 | 4 | 3
-6 | 1 | 29 | 3 | 6 | 4
-6 | 1 | 29 | 3 | 6 | 5
-6 | 1 | 29 | 3 | 6 | 6
-6 | 1 | 29 | 3 | 6 | 7
-7 | 1 | 28 | 4 | 7 | 8
-7 | 1 | 28 | 4 | 7 | 9
-8 | 1 | 29 | 3 | 8 | 10
-8 | 1 | 29 | 3 | 8 | 11
-8 | 1 | 29 | 3 | 8 | 12
-8 | 1 | 29 | 3 | 8 | 13
-8 | 1 | 29 | 3 | 8 | 14
-9 | 2 | 26 | 4 | 9 | 15
-9 | 2 | 26 | 4 | 9 | 16
-10 | 1 | 27 | 5 | 10 | 17
-10 | 1 | 27 | 5 | 10 | 18
-10 | 1 | 27 | 5 | 10 | 19
-10 | 1 | 27 | 5 | 10 | 20
-10 | 1 | 27 | 5 | 10 | 21
-10 | 1 | 27 | 5 | 10 | 22
-10 | 1 | 27 | 5 | 10 | 23
-10 | 1 | 27 | 5 | 10 | 24
-10 | 1 | 27 | 5 | 10 | 25
-10 | 1 | 27 | 5 | 10 | 26
-10 | 1 | 27 | 5 | 10 | 27
-10 | 1 | 27 | 5 | 10 | 28
-10 | 1 | 27 | 5 | 10 | 29
-10 | 1 | 27 | 5 | 10 | 30
-10 | 1 | 27 | 5 | 10 | 31
-10 | 1 | 27 | 5 | 10 | 32
-10 | 1 | 27 | 5 | 10 | 33
-10 | 1 | 27 | 5 | 10 | 34
-10 | 1 | 27 | 5 | 10 | 35
-10 | 1 | 27 | 5 | 10 | 36
-10 | 1 | 27 | 5 | 10 | 37
-10 | 1 | 27 | 5 | 10 | 38
-10 | 1 | 27 | 5 | 10 | 39
-10 | 1 | 27 | 5 | 10 | 40
-10 | 1 | 27 | 5 | 10 | 41
-10 | 1 | 27 | 5 | 10 | 42
-10 | 1 | 27 | 5 | 10 | 43
-10 | 1 | 27 | 5 | 10 | 44
-10 | 0 | 29 | 5 | 10 | 45
-11 | 0 | 30 | 4 | 11 | 46
-11 | 0 | 30 | 4 | 11 | 47
-11 | 0 | 30 | 4 | 11 | 48
-11 | 0 | 30 | 4 | 11 | 49
-11 | 0 | 30 | 4 | 11 | 50
-11 | 0 | 30 | 4 | 11 | 51
-11 | 0 | 30 | 4 | 11 | 52
-11 | 0 | 30 | 4 | 11 | 53
-11 | 0 | 30 | 4 | 11 | 54
-11 | 0 | 30 | 4 | 11 | 55
-11 | 0 | 30 | 4 | 11 | 56
-11 | 0 | 30 | 4 | 11 | 57
-11 | 0 | 30 | 4 | 11 | 58
-11 | 0 | 30 | 4 | 11 | 59
-11 | 0 | 30 | 4 | 11 | 60
-11 | 0 | 30 | 4 | 11 | 61
-11 | 0 | 30 | 4 | 11 | 62
-11 | 0 | 30 | 4 | 11 | 63
-11 | 0 | 30 | 4 | 11 | 64
-11 | 0 | 30 | 4 | 11 | 65
-11 | 0 | 30 | 4 | 11 | 66
-11 | 0 | 30 | 4 | 11 | 67
-11 | 0 | 30 | 4 | 11 | 68
-11 | 0 | 30 | 4 | 11 | 69
-11 | 0 | 30 | 4 | 11 | 70
-11 | 0 | 30 | 4 | 11 | 71
-11 | 0 | 30 | 4 | 11 | 72
-11 | 0 | 30 | 4 | 11 | 73
-11 | 0 | 30 | 4 | 11 | 74
-11 | 0 | 30 | 4 | 11 | 75
-11 | 0 | 30 | 4 | 11 | 76
-11 | 0 | 30 | 4 | 11 | 77
-11 | 0 | 30 | 4 | 11 | 78
-12 | 0 | 29 | 5 | 12 | 79
-12 | 0 | 29 | 5 | 12 | 80
-13 | 1 | 27 | 5 | 13 | 81
-13 | 1 | 27 | 5 | 13 | 82
-13 | 1 | 27 | 5 | 13 | 83
-13 | 1 | 27 | 5 | 13 | 84
-13 | 1 | 27 | 5 | 13 | 85
-13 | 1 | 27 | 5 | 13 | 86
-13 | 0 | 29 | 5 | 13 | 87
-13 | 0 | 29 | 5 | 13 | 88
-13 | 0 | 29 | 5 | 13 | 89
-13 | 0 | 29 | 5 | 13 | 90
-13 | 0 | 29 | 5 | 13 | 91
-13 | 0 | 29 | 5 | 13 | 92
-13 | 0 | 29 | 5 | 13 | 93
-13 | 0 | 29 | 5 | 13 | 94
-13 | 0 | 29 | 5 | 13 | 95
-13 | 0 | 29 | 5 | 13 | 96
-13 | 0 | 28 | 6 | 13 | 97
-13 | 0 | 28 | 6 | 13 | 98
-13 | 0 | 28 | 6 | 13 | 99
-13 | 0 | 28 | 6 | 13 | 100
-13 | 1 | 27 | 5 | 13 | 101
-13 | 1 | 27 | 5 | 13 | 102
-13 | 1 | 27 | 5 | 13 | 103
-13 | 1 | 27 | 5 | 13 | 104
-13 | 1 | 27 | 5 | 13 | 105
-13 | 1 | 27 | 5 | 13 | 106
-13 | 1 | 27 | 5 | 13 | 107
-13 | 1 | 27 | 5 | 13 | 108
-13 | 1 | 27 | 5 | 13 | 109
-13 | 1 | 27 | 5 | 13 | 110
-13 | 1 | 27 | 5 | 13 | 111
-13 | 1 | 27 | 5 | 13 | 112
-13 | 1 | 27 | 5 | 13 | 113
-13 | 1 | 27 | 5 | 13 | 114
-13 | 1 | 27 | 5 | 13 | 115
-13 | 1 | 27 | 5 | 13 | 116
-13 | 1 | 27 | 5 | 13 | 117
-13 | 1 | 26 | 6 | 13 | 118
-13 | 1 | 26 | 6 | 13 | 119
-13 | 1 | 26 | 6 | 13 | 120
-13 | 1 | 26 | 6 | 13 | 121
-13 | 1 | 26 | 6 | 13 | 122
-13 | 1 | 26 | 6 | 13 | 123
-13 | 1 | 26 | 6 | 13 | 124
-13 | 1 | 26 | 6 | 13 | 125
-13 | 1 | 26 | 6 | 13 | 126
-13 | 1 | 26 | 6 | 13 | 127
-13 | 1 | 26 | 6 | 13 | 128
-13 | 1 | 26 | 6 | 13 | 129
-13 | 1 | 26 | 6 | 13 | 130
-13 | 1 | 26 | 6 | 13 | 131
-13 | 1 | 26 | 6 | 13 | 132
-13 | 1 | 26 | 6 | 13 | 133
-13 | 1 | 26 | 6 | 13 | 134
-13 | 1 | 26 | 6 | 13 | 135
-13 | 1 | 26 | 6 | 13 | 136
-13 | 1 | 26 | 6 | 13 | 137
-13 | 1 | 26 | 6 | 13 | 138
-13 | 1 | 26 | 6 | 13 | 139
-13 | 1 | 26 | 6 | 13 | 140
-13 | 1 | 27 | 5 | 13 | 141
-13 | 1 | 27 | 5 | 13 | 142
-13 | 1 | 27 | 5 | 13 | 143
-13 | 1 | 27 | 5 | 13 | 144
-13 | 1 | 27 | 5 | 13 | 145
-13 | 1 | 27 | 5 | 13 | 146
-13 | 1 | 27 | 5 | 13 | 147
-13 | 1 | 28 | 4 | 13 | 148
-13 | 1 | 28 | 4 | 13 | 149
-13 | 1 | 28 | 4 | 13 | 150
-13 | 1 | 28 | 4 | 13 | 151
-13 | 1 | 28 | 4 | 13 | 152
-13 | 1 | 28 | 4 | 13 | 153
-13 | 1 | 28 | 4 | 13 | 154
-13 | 1 | 28 | 4 | 13 | 155
-13 | 1 | 28 | 4 | 13 | 156
-13 | 1 | 27 | 5 | 13 | 157
-13 | 1 | 27 | 5 | 13 | 158
-13 | 1 | 26 | 6 | 13 | 159
-13 | 1 | 26 | 6 | 13 | 160
-13 | 1 | 26 | 6 | 13 | 161
-13 | 1 | 26 | 6 | 13 | 162
-13 | 1 | 26 | 6 | 13 | 163
-13 | 1 | 26 | 6 | 13 | 164
-13 | 1 | 26 | 6 | 13 | 165
-13 | 1 | 26 | 6 | 13 | 166
-13 | 1 | 26 | 6 | 13 | 167
-13 | 1 | 26 | 6 | 13 | 168
-13 | 1 | 26 | 6 | 13 | 169
-13 | 1 | 26 | 6 | 13 | 170
-13 | 1 | 26 | 6 | 13 | 171
-13 | 1 | 27 | 5 | 13 | 172
-13 | 1 | 27 | 5 | 13 | 173
-13 | 1 | 27 | 5 | 13 | 174
-13 | 1 | 27 | 5 | 13 | 175
-13 | 1 | 27 | 5 | 13 | 176
-13 | 1 | 27 | 5 | 13 | 177
-13 | 1 | 27 | 5 | 13 | 178
-13 | 1 | 25 | 7 | 13 | 179
-13 | 1 | 25 | 7 | 13 | 180
-13 | 1 | 25 | 7 | 13 | 181
-13 | 1 | 25 | 7 | 13 | 182
-13 | 1 | 25 | 7 | 13 | 183
-13 | 1 | 25 | 7 | 13 | 184
-13 | 1 | 25 | 7 | 13 | 185
-13 | 1 | 25 | 7 | 13 | 186
-13 | 1 | 25 | 7 | 13 | 187
-13 | 1 | 25 | 7 | 13 | 188
-13 | 1 | 25 | 7 | 13 | 189
-13 | 1 | 25 | 7 | 13 | 190
-13 | 1 | 25 | 7 | 13 | 191
-13 | 1 | 25 | 7 | 13 | 192
-13 | 1 | 25 | 7 | 13 | 193
-13 | 1 | 25 | 7 | 13 | 194
-13 | 1 | 25 | 7 | 13 | 195
-13 | 1 | 25 | 7 | 13 | 196
-13 | 0 | 28 | 6 | 13 | 197
-13 | 0 | 28 | 6 | 13 | 198
-13 | 0 | 28 | 6 | 13 | 199
-13 | 0 | 28 | 6 | 13 | 200
-13 | 0 | 28 | 6 | 13 | 201
-13 | 0 | 28 | 6 | 13 | 202
-13 | 0 | 28 | 6 | 13 | 203
-13 | 0 | 28 | 6 | 13 | 204
-13 | 0 | 28 | 6 | 13 | 205
-13 | 0 | 28 | 6 | 13 | 206
-13 | 0 | 28 | 6 | 13 | 207
-13 | 0 | 28 | 6 | 13 | 208
-13 | 0 | 27 | 7 | 13 | 209
-13 | 0 | 27 | 7 | 13 | 210
-13 | 0 | 27 | 7 | 13 | 211
-13 | 0 | 27 | 7 | 13 | 212
-13 | 0 | 27 | 7 | 13 | 213
-13 | 0 | 27 | 7 | 13 | 214
-13 | 0 | 27 | 7 | 13 | 215
-13 | 0 | 26 | 8 | 13 | 216
-13 | 0 | 25 | 9 | 13 | 217
-13 | 0 | 25 | 9 | 13 | 218
-13 | 0 | 25 | 9 | 13 | 219
-13 | 0 | 25 | 9 | 13 | 220
-13 | 0 | 25 | 9 | 13 | 221
-13 | 0 | 25 | 9 | 13 | 222
-13 | 0 | 25 | 9 | 13 | 223
-13 | 0 | 26 | 8 | 13 | 224
-13 | 0 | 26 | 8 | 13 | 225
-13 | 0 | 26 | 8 | 13 | 226
-13 | 0 | 26 | 8 | 13 | 227
-13 | 1 | 27 | 5 | 13 | 228
-13 | 1 | 27 | 5 | 13 | 229
-13 | 1 | 27 | 5 | 13 | 230
-13 | 1 | 27 | 5 | 13 | 231
-13 | 1 | 27 | 5 | 13 | 232
-13 | 1 | 27 | 5 | 13 | 233
-13 | 1 | 27 | 5 | 13 | 234
-13 | 1 | 27 | 5 | 13 | 235
-13 | 1 | 27 | 5 | 13 | 236
-13 | 1 | 24 | 8 | 13 | 237
-13 | 1 | 24 | 8 | 13 | 238
-13 | 1 | 24 | 8 | 13 | 239
-13 | 1 | 24 | 8 | 13 | 240
-13 | 1 | 24 | 8 | 13 | 241
-13 | 1 | 24 | 8 | 13 | 242
-13 | 1 | 24 | 8 | 13 | 243
-13 | 1 | 24 | 8 | 13 | 244
-13 | 1 | 24 | 8 | 13 | 245
-13 | 1 | 24 | 8 | 13 | 246
-13 | 1 | 24 | 8 | 13 | 247
-13 | 1 | 24 | 8 | 13 | 248
-13 | 1 | 24 | 8 | 13 | 249
-13 | 1 | 24 | 8 | 13 | 250
-13 | 1 | 24 | 8 | 13 | 251
-13 | 1 | 24 | 8 | 13 | 252
-13 | 1 | 24 | 8 | 13 | 253
-13 | 1 | 24 | 8 | 13 | 254
-13 | 1 | 24 | 8 | 13 | 255
-13 | 1 | 24 | 8 | 13 | 256
-13 | 1 | 24 | 8 | 13 | 257
-13 | 1 | 24 | 8 | 13 | 258
-13 | 1 | 24 | 8 | 13 | 259
-13 | 1 | 24 | 8 | 13 | 260
-13 | 1 | 24 | 8 | 13 | 261
-13 | 1 | 24 | 8 | 13 | 262
-13 | 1 | 24 | 8 | 13 | 263
-13 | 1 | 24 | 8 | 13 | 264
-13 | 1 | 24 | 8 | 13 | 265
-13 | 1 | 24 | 8 | 13 | 266
-13 | 1 | 24 | 8 | 13 | 267
-13 | 1 | 24 | 8 | 13 | 268
-13 | 1 | 24 | 8 | 13 | 269
-13 | 1 | 24 | 8 | 13 | 270
-13 | 1 | 24 | 8 | 13 | 271
-13 | 1 | 24 | 8 | 13 | 272
-13 | 1 | 24 | 8 | 13 | 273
-13 | 0 | 23 | 11 | 13 | 274
-13 | 0 | 23 | 11 | 13 | 275
-13 | 0 | 23 | 11 | 13 | 276
-13 | 0 | 23 | 11 | 13 | 277
-13 | 0 | 23 | 11 | 13 | 278
-13 | 0 | 23 | 11 | 13 | 279
-13 | 0 | 23 | 11 | 13 | 280
-13 | 0 | 23 | 11 | 13 | 281
-13 | 0 | 23 | 11 | 13 | 282
-13 | 0 | 23 | 11 | 13 | 283
-13 | 0 | 23 | 11 | 13 | 284
-13 | 0 | 23 | 11 | 13 | 285
-14 | 0 | 25 | 9 | 14 | 286
-14 | 0 | 25 | 9 | 14 | 287
-14 | 0 | 25 | 9 | 14 | 288
-14 | 0 | 24 | 10 | 14 | 289
-14 | 0 | 24 | 10 | 14 | 290
-14 | 0 | 24 | 10 | 14 | 291
-14 | 0 | 24 | 10 | 14 | 292
-14 | 0 | 24 | 10 | 14 | 293
-14 | 0 | 24 | 10 | 14 | 294
-14 | 0 | 24 | 10 | 14 | 295
-14 | 0 | 24 | 10 | 14 | 296
-14 | 0 | 24 | 10 | 14 | 297
-14 | 0 | 24 | 10 | 14 | 298
-14 | 0 | 24 | 10 | 14 | 299
-14 | 0 | 24 | 10 | 14 | 300
-14 | 0 | 24 | 10 | 14 | 301
-14 | 0 | 24 | 10 | 14 | 302
-14 | 0 | 24 | 10 | 14 | 303
-14 | 0 | 24 | 10 | 14 | 304
-14 | 0 | 24 | 10 | 14 | 305
-14 | 0 | 24 | 10 | 14 | 306
-14 | 0 | 24 | 10 | 14 | 307
-14 | 0 | 24 | 10 | 14 | 308
-14 | 0 | 24 | 10 | 14 | 309
-14 | 0 | 24 | 10 | 14 | 310
-14 | 0 | 24 | 10 | 14 | 311
-14 | 0 | 24 | 10 | 14 | 312
-14 | 0 | 24 | 10 | 14 | 313
-14 | 0 | 24 | 10 | 14 | 314
-14 | 0 | 25 | 9 | 14 | 315
-14 | 0 | 25 | 9 | 14 | 316
-14 | 0 | 25 | 9 | 14 | 317
-14 | 0 | 25 | 9 | 14 | 318
-14 | 0 | 25 | 9 | 14 | 319
-14 | 0 | 25 | 9 | 14 | 320
-14 | 0 | 25 | 9 | 14 | 321
-14 | 0 | 25 | 9 | 14 | 322
-14 | 0 | 25 | 9 | 14 | 323
-14 | 0 | 25 | 9 | 14 | 324
-14 | 0 | 25 | 9 | 14 | 325
-14 | 0 | 25 | 9 | 14 | 326
-14 | 0 | 26 | 8 | 14 | 327
-14 | 0 | 26 | 8 | 14 | 328
-14 | 0 | 26 | 8 | 14 | 329
-14 | 0 | 26 | 8 | 14 | 330
-14 | 0 | 26 | 8 | 14 | 331
-14 | 0 | 26 | 8 | 14 | 332
-14 | 0 | 26 | 8 | 14 | 333
-14 | 0 | 26 | 8 | 14 | 334
-14 | 0 | 26 | 8 | 14 | 335
-14 | 1 | 25 | 7 | 14 | 336
-14 | 1 | 25 | 7 | 14 | 337
-14 | 1 | 24 | 8 | 14 | 338
-14 | 1 | 24 | 8 | 14 | 339
-14 | 1 | 24 | 8 | 14 | 340
-14 | 1 | 24 | 8 | 14 | 341
-14 | 1 | 24 | 8 | 14 | 342
-14 | 1 | 24 | 8 | 14 | 343
-14 | 1 | 24 | 8 | 14 | 344
-14 | 1 | 24 | 8 | 14 | 345
-14 | 1 | 24 | 8 | 14 | 346
-14 | 1 | 24 | 8 | 14 | 347
-14 | 1 | 24 | 8 | 14 | 348
-14 | 1 | 24 | 8 | 14 | 349
-14 | 1 | 24 | 8 | 14 | 350
-14 | 1 | 24 | 8 | 14 | 351
-14 | 1 | 24 | 8 | 14 | 352
-14 | 1 | 24 | 8 | 14 | 353
-14 | 0 | 27 | 7 | 14 | 354
-14 | 0 | 27 | 7 | 14 | 355
-14 | 1 | 26 | 6 | 14 | 356
-14 | 1 | 26 | 6 | 14 | 357
-14 | 1 | 26 | 6 | 14 | 358
-14 | 1 | 26 | 6 | 14 | 359
-14 | 1 | 26 | 6 | 14 | 360
-14 | 1 | 26 | 6 | 14 | 361
-14 | 1 | 26 | 6 | 14 | 362
-14 | 1 | 26 | 6 | 14 | 363
-14 | 1 | 25 | 7 | 14 | 364
-14 | 0 | 26 | 8 | 14 | 365
-14 | 0 | 26 | 8 | 14 | 366
-14 | 0 | 26 | 8 | 14 | 367
-14 | 0 | 26 | 8 | 14 | 368
-14 | 1 | 23 | 9 | 14 | 369
-14 | 1 | 24 | 8 | 14 | 370
-14 | 1 | 24 | 8 | 14 | 371
-14 | 1 | 24 | 8 | 14 | 372
-14 | 1 | 24 | 8 | 14 | 373
-14 | 1 | 24 | 8 | 14 | 374
-14 | 1 | 24 | 8 | 14 | 375
-14 | 1 | 24 | 8 | 14 | 376
-14 | 1 | 24 | 8 | 14 | 377
-14 | 1 | 24 | 8 | 14 | 378
-14 | 1 | 24 | 8 | 14 | 379
-14 | 1 | 24 | 8 | 14 | 380
-14 | 1 | 24 | 8 | 14 | 381
-14 | 1 | 24 | 8 | 14 | 382
-14 | 1 | 24 | 8 | 14 | 383
-14 | 1 | 24 | 8 | 14 | 384
-14 | 1 | 24 | 8 | 14 | 385
-14 | 1 | 24 | 8 | 14 | 386
-14 | 1 | 24 | 8 | 14 | 387
-14 | 1 | 24 | 8 | 14 | 388
-14 | 1 | 24 | 8 | 14 | 389
-14 | 1 | 24 | 8 | 14 | 390
-14 | 1 | 24 | 8 | 14 | 391
-14 | 1 | 24 | 8 | 14 | 392
-14 | 1 | 24 | 8 | 14 | 393
-14 | 1 | 24 | 8 | 14 | 394
-14 | 1 | 25 | 7 | 14 | 395
-14 | 1 | 25 | 7 | 14 | 396
-14 | 1 | 25 | 7 | 14 | 397
-14 | 1 | 25 | 7 | 14 | 398
-14 | 1 | 25 | 7 | 14 | 399
-14 | 1 | 25 | 7 | 14 | 400
-14 | 1 | 25 | 7 | 14 | 401
-14 | 1 | 25 | 7 | 14 | 402
-14 | 1 | 25 | 7 | 14 | 403
-14 | 1 | 25 | 7 | 14 | 404
-14 | 1 | 25 | 7 | 14 | 405
-14 | 1 | 25 | 7 | 14 | 406
-14 | 1 | 25 | 7 | 14 | 407
-14 | 1 | 25 | 7 | 14 | 408
-14 | 1 | 25 | 7 | 14 | 409
-14 | 1 | 25 | 7 | 14 | 410
-14 | 1 | 25 | 7 | 14 | 411
-14 | 0 | 26 | 8 | 14 | 412
-14 | 0 | 26 | 8 | 14 | 413
-14 | 0 | 26 | 8 | 14 | 414
-14 | 0 | 26 | 8 | 14 | 415
-14 | 0 | 26 | 8 | 14 | 416
-14 | 0 | 26 | 8 | 14 | 417
-14 | 0 | 26 | 8 | 14 | 418
-14 | 0 | 26 | 8 | 14 | 419
-14 | 0 | 26 | 8 | 14 | 420
-14 | 0 | 26 | 8 | 14 | 421
-14 | 0 | 26 | 8 | 14 | 422
-14 | 0 | 26 | 8 | 14 | 423
-14 | 0 | 26 | 8 | 14 | 424
-14 | 0 | 26 | 8 | 14 | 425
-14 | 0 | 26 | 8 | 14 | 426
-14 | 0 | 26 | 8 | 14 | 427
-14 | 0 | 26 | 8 | 14 | 428
-14 | 0 | 26 | 8 | 14 | 429
-14 | 0 | 26 | 8 | 14 | 430
-14 | 0 | 26 | 8 | 14 | 431
-14 | 0 | 25 | 9 | 14 | 432
-14 | 0 | 25 | 9 | 14 | 433
-14 | 0 | 25 | 9 | 14 | 434
-14 | 0 | 25 | 9 | 14 | 435
-14 | 0 | 25 | 9 | 14 | 436
-14 | 0 | 25 | 9 | 14 | 437
-14 | 0 | 25 | 9 | 14 | 438
-14 | 0 | 25 | 9 | 14 | 439
-14 | 0 | 25 | 9 | 14 | 440
-14 | 0 | 25 | 9 | 14 | 441
-14 | 0 | 25 | 9 | 14 | 442
-14 | 0 | 25 | 9 | 14 | 443
-14 | 0 | 25 | 9 | 14 | 444
-14 | 0 | 25 | 9 | 14 | 445
-14 | 0 | 25 | 9 | 14 | 446
-14 | 0 | 25 | 9 | 14 | 447
-14 | 0 | 25 | 9 | 14 | 448
-14 | 0 | 25 | 9 | 14 | 449
-14 | 0 | 25 | 9 | 14 | 450
-14 | 0 | 25 | 9 | 14 | 451
-14 | 0 | 25 | 9 | 14 | 452
-14 | 0 | 25 | 9 | 14 | 453
-14 | 0 | 25 | 9 | 14 | 454
-14 | 0 | 25 | 9 | 14 | 455
-14 | 0 | 25 | 9 | 14 | 456
-14 | 0 | 25 | 9 | 14 | 457
-14 | 0 | 25 | 9 | 14 | 458
-14 | 0 | 25 | 9 | 14 | 459
-14 | 0 | 25 | 9 | 14 | 460
-14 | 0 | 25 | 9 | 14 | 461
-14 | 0 | 25 | 9 | 14 | 462
-14 | 0 | 25 | 9 | 14 | 463
-14 | 0 | 25 | 9 | 14 | 464
-14 | 0 | 25 | 9 | 14 | 465
-14 | 0 | 25 | 9 | 14 | 466
-14 | 0 | 25 | 9 | 14 | 467
-14 | 0 | 25 | 9 | 14 | 468
-14 | 0 | 25 | 9 | 14 | 469
-14 | 0 | 25 | 9 | 14 | 470
-14 | 0 | 25 | 9 | 14 | 471
-14 | 0 | 25 | 9 | 14 | 472
-14 | 0 | 25 | 9 | 14 | 473
-14 | 0 | 25 | 9 | 14 | 474
-14 | 0 | 25 | 9 | 14 | 475
-14 | 0 | 25 | 9 | 14 | 476
-14 | 0 | 25 | 9 | 14 | 477
-14 | 1 | 25 | 7 | 14 | 478
-14 | 1 | 25 | 7 | 14 | 479
-14 | 1 | 25 | 7 | 14 | 480
-14 | 1 | 25 | 7 | 14 | 481
-14 | 1 | 25 | 7 | 14 | 482
-14 | 1 | 25 | 7 | 14 | 483
-14 | 1 | 25 | 7 | 14 | 484
-14 | 0 | 25 | 9 | 14 | 485
-14 | 0 | 25 | 9 | 14 | 486
-14 | 0 | 25 | 9 | 14 | 487
-14 | 0 | 25 | 9 | 14 | 488
-14 | 0 | 22 | 12 | 14 | 489
-14 | 0 | 22 | 12 | 14 | 490
-14 | 0 | 22 | 12 | 14 | 491
-14 | 0 | 22 | 12 | 14 | 492
-14 | 0 | 22 | 12 | 14 | 493
-14 | 0 | 22 | 12 | 14 | 494
-14 | 0 | 22 | 12 | 14 | 495
-14 | 0 | 22 | 12 | 14 | 496
-14 | 0 | 22 | 12 | 14 | 497
-14 | 0 | 22 | 12 | 14 | 498
-14 | 0 | 22 | 12 | 14 | 499
-14 | 0 | 22 | 12 | 14 | 500
-14 | 0 | 22 | 12 | 14 | 501
-14 | 0 | 22 | 12 | 14 | 502
-14 | 0 | 22 | 12 | 14 | 503
-14 | 0 | 22 | 12 | 14 | 504
-14 | 0 | 22 | 12 | 14 | 505
-14 | 0 | 22 | 12 | 14 | 506
-14 | 0 | 22 | 12 | 14 | 507
-14 | 0 | 22 | 12 | 14 | 508
-14 | 0 | 22 | 12 | 14 | 509
-14 | 0 | 22 | 12 | 14 | 510
-14 | 0 | 22 | 12 | 14 | 511
-14 | 0 | 22 | 12 | 14 | 512
-14 | 0 | 22 | 12 | 14 | 513
-14 | 0 | 22 | 12 | 14 | 514
-14 | 0 | 22 | 12 | 14 | 515
-14 | 0 | 22 | 12 | 14 | 516
-14 | 0 | 22 | 12 | 14 | 517
-14 | 0 | 22 | 12 | 14 | 518
-14 | 0 | 22 | 12 | 14 | 519
-14 | 0 | 22 | 12 | 14 | 520
-14 | 0 | 22 | 12 | 14 | 521
-14 | 0 | 22 | 12 | 14 | 522
-14 | 0 | 22 | 12 | 14 | 523
-14 | 0 | 22 | 12 | 14 | 524
-14 | 0 | 22 | 12 | 14 | 525
-14 | 0 | 22 | 12 | 14 | 526
-14 | 0 | 22 | 12 | 14 | 527
-14 | 0 | 22 | 12 | 14 | 528
-14 | 0 | 22 | 12 | 14 | 529
-14 | 0 | 22 | 12 | 14 | 530
-14 | 0 | 22 | 12 | 14 | 531
-14 | 0 | 22 | 12 | 14 | 532
-14 | 0 | 22 | 12 | 14 | 533
-14 | 0 | 22 | 12 | 14 | 534
-14 | 0 | 22 | 12 | 14 | 535
-14 | 0 | 22 | 12 | 14 | 536
-14 | 0 | 22 | 12 | 14 | 537
-14 | 0 | 22 | 12 | 14 | 538
-14 | 0 | 22 | 12 | 14 | 539
-14 | 0 | 22 | 12 | 14 | 540
-14 | 0 | 22 | 12 | 14 | 541
-14 | 0 | 22 | 12 | 14 | 542
-14 | 0 | 22 | 12 | 14 | 543
-14 | 0 | 22 | 12 | 14 | 544
-14 | 0 | 22 | 12 | 14 | 545
-14 | 0 | 22 | 12 | 14 | 546
-14 | 0 | 22 | 12 | 14 | 547
-14 | 0 | 22 | 12 | 14 | 548
-14 | 0 | 22 | 12 | 14 | 549
-14 | 0 | 22 | 12 | 14 | 550
-14 | 0 | 22 | 12 | 14 | 551
-14 | 0 | 22 | 12 | 14 | 552
-14 | 0 | 22 | 12 | 14 | 553
-14 | 0 | 22 | 12 | 14 | 554
-14 | 0 | 22 | 12 | 14 | 555
-14 | 0 | 22 | 12 | 14 | 556
-14 | 0 | 22 | 12 | 14 | 557
-14 | 0 | 22 | 12 | 14 | 558
-14 | 0 | 22 | 12 | 14 | 559
-14 | 0 | 22 | 12 | 14 | 560
-14 | 0 | 22 | 12 | 14 | 561
-14 | 0 | 22 | 12 | 14 | 562
-14 | 0 | 22 | 12 | 14 | 563
-14 | 0 | 22 | 12 | 14 | 564
-14 | 0 | 22 | 12 | 14 | 565
-14 | 0 | 22 | 12 | 14 | 566
-14 | 0 | 22 | 12 | 14 | 567
-14 | 0 | 22 | 12 | 14 | 568
-14 | 0 | 22 | 12 | 14 | 569
-14 | 0 | 22 | 12 | 14 | 570
-14 | 0 | 22 | 12 | 14 | 571
-14 | 0 | 22 | 12 | 14 | 572
-14 | 0 | 22 | 12 | 14 | 573
-14 | 0 | 22 | 12 | 14 | 574
-14 | 0 | 22 | 12 | 14 | 575
-14 | 0 | 22 | 12 | 14 | 576
-14 | 0 | 22 | 12 | 14 | 577
-14 | 0 | 22 | 12 | 14 | 578
-14 | 0 | 22 | 12 | 14 | 579
-14 | 0 | 22 | 12 | 14 | 580
-14 | 0 | 22 | 12 | 14 | 581
-14 | 0 | 22 | 12 | 14 | 582
-14 | 0 | 22 | 12 | 14 | 583
-14 | 0 | 22 | 12 | 14 | 584
-14 | 0 | 22 | 12 | 14 | 585
-14 | 0 | 22 | 12 | 14 | 586
-14 | 0 | 22 | 12 | 14 | 587
-14 | 0 | 22 | 12 | 14 | 588
-14 | 0 | 22 | 12 | 14 | 589
-14 | 0 | 22 | 12 | 14 | 590
-14 | 0 | 22 | 12 | 14 | 591
-14 | 0 | 22 | 12 | 14 | 592
-14 | 0 | 22 | 12 | 14 | 593
-14 | 0 | 22 | 12 | 14 | 594
-14 | 0 | 22 | 12 | 14 | 595
-14 | 0 | 22 | 12 | 14 | 596
-14 | 0 | 22 | 12 | 14 | 597
-14 | 0 | 22 | 12 | 14 | 598
-14 | 0 | 22 | 12 | 14 | 599
-14 | 0 | 22 | 12 | 14 | 600
-14 | 0 | 22 | 12 | 14 | 601
-14 | 0 | 22 | 12 | 14 | 602
-14 | 0 | 22 | 12 | 14 | 603
-14 | 0 | 22 | 12 | 14 | 604
-14 | 0 | 22 | 12 | 14 | 605
-14 | 0 | 22 | 12 | 14 | 606
-14 | 0 | 22 | 12 | 14 | 607
-14 | 0 | 22 | 12 | 14 | 608
-14 | 0 | 22 | 12 | 14 | 609
-14 | 0 | 22 | 12 | 14 | 610
-14 | 0 | 22 | 12 | 14 | 611
-14 | 0 | 22 | 12 | 14 | 612
-14 | 0 | 22 | 12 | 14 | 613
-14 | 0 | 22 | 12 | 14 | 614
-14 | 0 | 22 | 12 | 14 | 615
-14 | 0 | 22 | 12 | 14 | 616
-14 | 0 | 22 | 12 | 14 | 617
-14 | 0 | 22 | 12 | 14 | 618
-14 | 0 | 22 | 12 | 14 | 619
-14 | 0 | 22 | 12 | 14 | 620
-14 | 0 | 22 | 12 | 14 | 621
-14 | 0 | 22 | 12 | 14 | 622
-14 | 0 | 22 | 12 | 14 | 623
-14 | 0 | 22 | 12 | 14 | 624
-14 | 0 | 22 | 12 | 14 | 625
-14 | 0 | 22 | 12 | 14 | 626
-14 | 0 | 22 | 12 | 14 | 627
-14 | 0 | 22 | 12 | 14 | 628
-14 | 0 | 22 | 12 | 14 | 629
-14 | 0 | 22 | 12 | 14 | 630
-14 | 0 | 22 | 12 | 14 | 631
-14 | 0 | 22 | 12 | 14 | 632
-14 | 0 | 22 | 12 | 14 | 633
-14 | 0 | 22 | 12 | 14 | 634
-14 | 0 | 22 | 12 | 14 | 635
-14 | 0 | 22 | 12 | 14 | 636
-14 | 0 | 22 | 12 | 14 | 637
-14 | 0 | 22 | 12 | 14 | 638
-14 | 0 | 22 | 12 | 14 | 639
-14 | 0 | 22 | 12 | 14 | 640
-14 | 0 | 22 | 12 | 14 | 641
-14 | 0 | 22 | 12 | 14 | 642
-14 | 0 | 22 | 12 | 14 | 643
-14 | 0 | 22 | 12 | 14 | 644
-14 | 0 | 22 | 12 | 14 | 645
-14 | 0 | 22 | 12 | 14 | 646
-14 | 0 | 22 | 12 | 14 | 647
-14 | 0 | 22 | 12 | 14 | 648
-14 | 0 | 22 | 12 | 14 | 649
-14 | 0 | 22 | 12 | 14 | 650
-14 | 0 | 22 | 12 | 14 | 651
-14 | 0 | 22 | 12 | 14 | 652
-14 | 0 | 22 | 12 | 14 | 653
-14 | 0 | 22 | 12 | 14 | 654
-14 | 0 | 22 | 12 | 14 | 655
-14 | 0 | 22 | 12 | 14 | 656
-14 | 0 | 22 | 12 | 14 | 657
-14 | 0 | 22 | 12 | 14 | 658
-14 | 0 | 22 | 12 | 14 | 659
-14 | 0 | 22 | 12 | 14 | 660
-14 | 0 | 22 | 12 | 14 | 661
-14 | 0 | 22 | 12 | 14 | 662
-14 | 0 | 22 | 12 | 14 | 663
-14 | 0 | 22 | 12 | 14 | 664
-14 | 0 | 22 | 12 | 14 | 665
-14 | 1 | 22 | 10 | 14 | 666
-14 | 1 | 22 | 10 | 14 | 667
-14 | 1 | 22 | 10 | 14 | 668
-14 | 1 | 22 | 10 | 14 | 669
-14 | 1 | 22 | 10 | 14 | 670
-14 | 1 | 22 | 10 | 14 | 671
-14 | 1 | 22 | 10 | 14 | 672
-14 | 1 | 22 | 10 | 14 | 673
-14 | 1 | 22 | 10 | 14 | 674
-14 | 1 | 22 | 10 | 14 | 675
-14 | 1 | 22 | 10 | 14 | 676
-14 | 1 | 22 | 10 | 14 | 677
-14 | 1 | 22 | 10 | 14 | 678
-14 | 1 | 22 | 10 | 14 | 679
-14 | 1 | 22 | 10 | 14 | 680
-14 | 1 | 22 | 10 | 14 | 681
-14 | 1 | 22 | 10 | 14 | 682
-14 | 1 | 22 | 10 | 14 | 683
-14 | 1 | 22 | 10 | 14 | 684
-14 | 1 | 22 | 10 | 14 | 685
-14 | 1 | 22 | 10 | 14 | 686
-14 | 1 | 22 | 10 | 14 | 687
-14 | 1 | 22 | 10 | 14 | 688
-14 | 1 | 22 | 10 | 14 | 689
-14 | 1 | 22 | 10 | 14 | 690
-14 | 1 | 22 | 10 | 14 | 691
-14 | 1 | 22 | 10 | 14 | 692
-14 | 1 | 22 | 10 | 14 | 693
-14 | 1 | 22 | 10 | 14 | 694
-14 | 1 | 22 | 10 | 14 | 695
-14 | 1 | 22 | 10 | 14 | 696
-14 | 1 | 22 | 10 | 14 | 697
-14 | 1 | 22 | 10 | 14 | 698
-14 | 1 | 22 | 10 | 14 | 699
-14 | 1 | 22 | 10 | 14 | 700
-14 | 1 | 22 | 10 | 14 | 701
-14 | 1 | 22 | 10 | 14 | 702
-14 | 1 | 22 | 10 | 14 | 703
-14 | 1 | 22 | 10 | 14 | 704
-14 | 1 | 22 | 10 | 14 | 705
-14 | 1 | 22 | 10 | 14 | 706
-14 | 1 | 22 | 10 | 14 | 707
-14 | 1 | 22 | 10 | 14 | 708
-14 | 1 | 22 | 10 | 14 | 709
-14 | 1 | 22 | 10 | 14 | 710
-14 | 1 | 22 | 10 | 14 | 711
-14 | 1 | 22 | 10 | 14 | 712
-14 | 1 | 22 | 10 | 14 | 713
-14 | 1 | 22 | 10 | 14 | 714
-14 | 1 | 22 | 10 | 14 | 715
-14 | 1 | 22 | 10 | 14 | 716
-14 | 1 | 22 | 10 | 14 | 717
-14 | 1 | 22 | 10 | 14 | 718
-14 | 1 | 22 | 10 | 14 | 719
-14 | 1 | 22 | 10 | 14 | 720
-14 | 1 | 22 | 10 | 14 | 721
-14 | 1 | 22 | 10 | 14 | 722
-14 | 1 | 22 | 10 | 14 | 723
-14 | 1 | 22 | 10 | 14 | 724
-14 | 1 | 22 | 10 | 14 | 725
-14 | 1 | 22 | 10 | 14 | 726
-14 | 1 | 22 | 10 | 14 | 727
-14 | 1 | 22 | 10 | 14 | 728
-14 | 1 | 22 | 10 | 14 | 729
-14 | 1 | 22 | 10 | 14 | 730
-14 | 1 | 22 | 10 | 14 | 731
-14 | 1 | 22 | 10 | 14 | 732
-14 | 1 | 22 | 10 | 14 | 733
-14 | 1 | 22 | 10 | 14 | 734
-14 | 1 | 22 | 10 | 14 | 735
-14 | 1 | 22 | 10 | 14 | 736
-14 | 1 | 22 | 10 | 14 | 737
-14 | 1 | 22 | 10 | 14 | 738
-14 | 1 | 22 | 10 | 14 | 739
-14 | 1 | 22 | 10 | 14 | 740
-14 | 1 | 22 | 10 | 14 | 741
-14 | 1 | 22 | 10 | 14 | 742
-14 | 1 | 22 | 10 | 14 | 743
-14 | 1 | 22 | 10 | 14 | 744
-14 | 1 | 22 | 10 | 14 | 745
-14 | 1 | 22 | 10 | 14 | 746
-14 | 1 | 22 | 10 | 14 | 747
-14 | 1 | 22 | 10 | 14 | 748
-14 | 1 | 22 | 10 | 14 | 749
-14 | 1 | 22 | 10 | 14 | 750
-14 | 1 | 22 | 10 | 14 | 751
-14 | 1 | 22 | 10 | 14 | 752
-14 | 1 | 22 | 10 | 14 | 753
-14 | 1 | 22 | 10 | 14 | 754
-14 | 1 | 22 | 10 | 14 | 755
-14 | 1 | 22 | 10 | 14 | 756
-14 | 1 | 22 | 10 | 14 | 757
-14 | 1 | 22 | 10 | 14 | 758
-14 | 1 | 22 | 10 | 14 | 759
-14 | 1 | 22 | 10 | 14 | 760
-14 | 1 | 22 | 10 | 14 | 761
-14 | 1 | 22 | 10 | 14 | 762
-14 | 1 | 22 | 10 | 14 | 763
-14 | 1 | 22 | 10 | 14 | 764
-14 | 1 | 22 | 10 | 14 | 765
-14 | 1 | 22 | 10 | 14 | 766
-14 | 1 | 22 | 10 | 14 | 767
-14 | 1 | 22 | 10 | 14 | 768
-14 | 1 | 22 | 10 | 14 | 769
-14 | 1 | 22 | 10 | 14 | 770
-14 | 1 | 22 | 10 | 14 | 771
-14 | 1 | 22 | 10 | 14 | 772
-14 | 1 | 22 | 10 | 14 | 773
-14 | 1 | 22 | 10 | 14 | 774
-14 | 1 | 22 | 10 | 14 | 775
-14 | 1 | 22 | 10 | 14 | 776
-14 | 0 | 22 | 12 | 14 | 777
-14 | 0 | 23 | 11 | 14 | 778
-14 | 0 | 23 | 11 | 14 | 779
-14 | 0 | 23 | 11 | 14 | 780
-14 | 0 | 23 | 11 | 14 | 781
-14 | 0 | 23 | 11 | 14 | 782
-14 | 0 | 23 | 11 | 14 | 783
-14 | 0 | 23 | 11 | 14 | 784
-14 | 0 | 23 | 11 | 14 | 785
-14 | 0 | 23 | 11 | 14 | 786
-14 | 0 | 23 | 11 | 14 | 787
-14 | 0 | 23 | 11 | 14 | 788
-14 | 0 | 23 | 11 | 14 | 789
-14 | 0 | 23 | 11 | 14 | 790
-14 | 0 | 23 | 11 | 14 | 791
-14 | 0 | 23 | 11 | 14 | 792
-14 | 0 | 23 | 11 | 14 | 793
-14 | 0 | 23 | 11 | 14 | 794
-14 | 0 | 23 | 11 | 14 | 795
-14 | 0 | 23 | 11 | 14 | 796
-14 | 0 | 23 | 11 | 14 | 797
-14 | 0 | 23 | 11 | 14 | 798
-14 | 0 | 23 | 11 | 14 | 799
-14 | 0 | 22 | 12 | 14 | 800
-14 | 0 | 22 | 12 | 14 | 801
-14 | 0 | 22 | 12 | 14 | 802
-14 | 0 | 22 | 12 | 14 | 803
-14 | 0 | 23 | 11 | 14 | 804
-14 | 0 | 23 | 11 | 14 | 805
-14 | 0 | 23 | 11 | 14 | 806
-14 | 0 | 23 | 11 | 14 | 807
-14 | 0 | 23 | 11 | 14 | 808
-14 | 0 | 23 | 11 | 14 | 809
-14 | 0 | 23 | 11 | 14 | 810
-14 | 0 | 23 | 11 | 14 | 811
-14 | 0 | 23 | 11 | 14 | 812
-14 | 0 | 23 | 11 | 14 | 813
-14 | 0 | 23 | 11 | 14 | 814
-14 | 0 | 23 | 11 | 14 | 815
-14 | 0 | 23 | 11 | 14 | 816
-14 | 0 | 23 | 11 | 14 | 817
-14 | 0 | 23 | 11 | 14 | 818
-14 | 0 | 23 | 11 | 14 | 819
-14 | 0 | 22 | 12 | 14 | 820
-14 | 0 | 22 | 12 | 14 | 821
-14 | 0 | 22 | 12 | 14 | 822
-14 | 0 | 22 | 12 | 14 | 823
-14 | 0 | 22 | 12 | 14 | 824
-14 | 0 | 22 | 12 | 14 | 825
-14 | 0 | 22 | 12 | 14 | 826
-14 | 0 | 22 | 12 | 14 | 827
-14 | 0 | 22 | 12 | 14 | 828
-14 | 0 | 22 | 12 | 14 | 829
-14 | 0 | 22 | 12 | 14 | 830
-14 | 0 | 22 | 12 | 14 | 831
-14 | 0 | 22 | 12 | 14 | 832
-14 | 0 | 22 | 12 | 14 | 833
-14 | 0 | 22 | 12 | 14 | 834
-14 | 0 | 23 | 11 | 14 | 835
-14 | 0 | 23 | 11 | 14 | 836
-14 | 0 | 23 | 11 | 14 | 837
-14 | 0 | 23 | 11 | 14 | 838
-14 | 0 | 23 | 11 | 14 | 839
-14 | 0 | 23 | 11 | 14 | 840
-14 | 0 | 23 | 11 | 14 | 841
-14 | 0 | 24 | 10 | 14 | 842
-14 | 0 | 24 | 10 | 14 | 843
-14 | 0 | 24 | 10 | 14 | 844
-14 | 0 | 24 | 10 | 14 | 845
-14 | 0 | 24 | 10 | 14 | 846
-14 | 0 | 24 | 10 | 14 | 847
-14 | 0 | 24 | 10 | 14 | 848
-14 | 0 | 24 | 10 | 14 | 849
-14 | 0 | 24 | 10 | 14 | 850
-14 | 0 | 24 | 10 | 14 | 851
-14 | 0 | 24 | 10 | 14 | 852
-14 | 0 | 24 | 10 | 14 | 853
-14 | 0 | 24 | 10 | 14 | 854
-14 | 0 | 24 | 10 | 14 | 855
-14 | 0 | 24 | 10 | 14 | 856
-14 | 0 | 24 | 10 | 14 | 857
-14 | 0 | 24 | 10 | 14 | 858
-14 | 0 | 24 | 10 | 14 | 859
-14 | 0 | 24 | 10 | 14 | 860
-14 | 0 | 24 | 10 | 14 | 861
-14 | 0 | 24 | 10 | 14 | 862
-14 | 0 | 24 | 10 | 14 | 863
-14 | 0 | 24 | 10 | 14 | 864
-14 | 0 | 24 | 10 | 14 | 865
-14 | 0 | 24 | 10 | 14 | 866
-14 | 0 | 24 | 10 | 14 | 867
-14 | 0 | 24 | 10 | 14 | 868
-14 | 0 | 24 | 10 | 14 | 869
-14 | 0 | 24 | 10 | 14 | 870
-14 | 0 | 24 | 10 | 14 | 871
-14 | 0 | 24 | 10 | 14 | 872
-14 | 0 | 24 | 10 | 14 | 873
-14 | 0 | 24 | 10 | 14 | 874
-14 | 0 | 24 | 10 | 14 | 875
-14 | 0 | 24 | 10 | 14 | 876
-14 | 0 | 24 | 10 | 14 | 877
-14 | 0 | 24 | 10 | 14 | 878
-14 | 0 | 24 | 10 | 14 | 879
-14 | 0 | 24 | 10 | 14 | 880
-14 | 0 | 24 | 10 | 14 | 881
-14 | 0 | 23 | 11 | 14 | 882
-14 | 0 | 23 | 11 | 14 | 883
-14 | 0 | 23 | 11 | 14 | 884
-14 | 0 | 23 | 11 | 14 | 885
-14 | 0 | 23 | 11 | 14 | 886
-14 | 0 | 23 | 11 | 14 | 887
-14 | 0 | 23 | 11 | 14 | 888
-14 | 0 | 23 | 11 | 14 | 889
-14 | 0 | 23 | 11 | 14 | 890
-14 | 0 | 23 | 11 | 14 | 891
-14 | 0 | 23 | 11 | 14 | 892
-14 | 0 | 23 | 11 | 14 | 893
-14 | 0 | 23 | 11 | 14 | 894
-14 | 0 | 23 | 11 | 14 | 895
-14 | 0 | 23 | 11 | 14 | 896
-14 | 0 | 23 | 11 | 14 | 897
-14 | 0 | 23 | 11 | 14 | 898
-14 | 0 | 23 | 11 | 14 | 899
-14 | 0 | 23 | 11 | 14 | 900
-14 | 0 | 23 | 11 | 14 | 901
-14 | 0 | 23 | 11 | 14 | 902
-14 | 0 | 23 | 11 | 14 | 903
-14 | 0 | 23 | 11 | 14 | 904
-14 | 0 | 23 | 11 | 14 | 905
-14 | 0 | 23 | 11 | 14 | 906
-14 | 0 | 23 | 11 | 14 | 907
-14 | 0 | 23 | 11 | 14 | 908
-14 | 0 | 23 | 11 | 14 | 909
-14 | 0 | 23 | 11 | 14 | 910
-14 | 0 | 23 | 11 | 14 | 911
-14 | 0 | 23 | 11 | 14 | 912
-14 | 0 | 23 | 11 | 14 | 913
-14 | 0 | 23 | 11 | 14 | 914
-14 | 0 | 23 | 11 | 14 | 915
-14 | 0 | 23 | 11 | 14 | 916
-14 | 0 | 23 | 11 | 14 | 917
-14 | 0 | 23 | 11 | 14 | 918
-14 | 0 | 23 | 11 | 14 | 919
-14 | 0 | 23 | 11 | 14 | 920
-14 | 0 | 23 | 11 | 14 | 921
-14 | 0 | 23 | 11 | 14 | 922
-14 | 0 | 23 | 11 | 14 | 923
-14 | 0 | 23 | 11 | 14 | 924
-14 | 0 | 24 | 10 | 14 | 925
-14 | 0 | 24 | 10 | 14 | 926
-14 | 0 | 24 | 10 | 14 | 927
-14 | 0 | 24 | 10 | 14 | 928
-14 | 0 | 24 | 10 | 14 | 929
-14 | 0 | 24 | 10 | 14 | 930
-14 | 0 | 24 | 10 | 14 | 931
-14 | 0 | 24 | 10 | 14 | 932
-14 | 0 | 24 | 10 | 14 | 933
-14 | 0 | 24 | 10 | 14 | 934
-14 | 0 | 24 | 10 | 14 | 935
-14 | 0 | 24 | 10 | 14 | 936
-14 | 0 | 24 | 10 | 14 | 937
-14 | 0 | 24 | 10 | 14 | 938
-14 | 0 | 24 | 10 | 14 | 939
-14 | 0 | 24 | 10 | 14 | 940
-14 | 0 | 24 | 10 | 14 | 941
-14 | 0 | 24 | 10 | 14 | 942
-14 | 0 | 24 | 10 | 14 | 943
-14 | 0 | 24 | 10 | 14 | 944
-14 | 0 | 24 | 10 | 14 | 945
-14 | 0 | 24 | 10 | 14 | 946
-14 | 0 | 24 | 10 | 14 | 947
-14 | 0 | 24 | 10 | 14 | 948
-14 | 0 | 24 | 10 | 14 | 949
-14 | 0 | 24 | 10 | 14 | 950
-14 | 0 | 24 | 10 | 14 | 951
-14 | 0 | 24 | 10 | 14 | 952
-14 | 0 | 24 | 10 | 14 | 953
-14 | 0 | 24 | 10 | 14 | 954
-14 | 0 | 24 | 10 | 14 | 955
-14 | 0 | 24 | 10 | 14 | 956
-14 | 0 | 24 | 10 | 14 | 957
-14 | 0 | 24 | 10 | 14 | 958
-14 | 0 | 24 | 10 | 14 | 959
-14 | 0 | 24 | 10 | 14 | 960
-14 | 0 | 24 | 10 | 14 | 961
-14 | 0 | 24 | 10 | 14 | 962
-14 | 0 | 24 | 10 | 14 | 963
-14 | 0 | 24 | 10 | 14 | 964
-14 | 0 | 23 | 11 | 14 | 965
-14 | 0 | 23 | 11 | 14 | 966
-14 | 0 | 23 | 11 | 14 | 967
-14 | 0 | 23 | 11 | 14 | 968
-14 | 0 | 23 | 11 | 14 | 969
-14 | 0 | 23 | 11 | 14 | 970
-14 | 0 | 23 | 11 | 14 | 971
-14 | 0 | 23 | 11 | 14 | 972
-14 | 0 | 23 | 11 | 14 | 973
-14 | 0 | 23 | 11 | 14 | 974
-14 | 0 | 23 | 11 | 14 | 975
-14 | 0 | 23 | 11 | 14 | 976
-14 | 0 | 23 | 11 | 14 | 977
-14 | 0 | 23 | 11 | 14 | 978
-14 | 0 | 23 | 11 | 14 | 979
-14 | 0 | 23 | 11 | 14 | 980
-14 | 0 | 23 | 11 | 14 | 981
-14 | 0 | 23 | 11 | 14 | 982
-14 | 0 | 23 | 11 | 14 | 983
-14 | 0 | 23 | 11 | 14 | 984
-14 | 0 | 23 | 11 | 14 | 985
-14 | 0 | 23 | 11 | 14 | 986
-14 | 0 | 23 | 11 | 14 | 987
-14 | 0 | 23 | 11 | 14 | 988
-14 | 0 | 23 | 11 | 14 | 989
-14 | 0 | 23 | 11 | 14 | 990
-14 | 0 | 23 | 11 | 14 | 991
-14 | 0 | 23 | 11 | 14 | 992
-14 | 0 | 23 | 11 | 14 | 993
-14 | 0 | 24 | 10 | 14 | 994
-14 | 0 | 24 | 10 | 14 | 995
-14 | 0 | 24 | 10 | 14 | 996
-14 | 0 | 24 | 10 | 14 | 997
-14 | 0 | 24 | 10 | 14 | 998
-14 | 0 | 24 | 10 | 14 | 999
-14 | 0 | 24 | 10 | 14 | 1000
