-1428 | 1428 | 1428 | 0 | 3144 | 3144 | 0 | 0
-1428 | 1428 | 1428 | 0 | 3144 | 3144 | 0 | 1
-1428 | 1428 | 1428 | 0 | 3144 | 3144 | 0 | 2
-1428 | 1428 | 1428 | 0 | 3144 | 3144 | 0 | 3
-1428 | 1428 | 1428 | 0 | 3144 | 3144 | 0 | 4
-1428 | 1428 | 1428 | 0 | 3144 | 3144 | 0 | 5
-1428 | 1428 | 1428 | 0 | 3144 | 3144 | 0 | 6
-1429 | 1429 | 1429 | 0 | 3142 | 3142 | 0 | 7
-1430 | 1430 | 1430 | 0 | 3140 | 3140 | 0 | 8
-1433 | 1433 | 1433 | 0 | 3134 | 3134 | 0 | 9
-1433 | 1433 | 1433 | 0 | 3134 | 3134 | 0 | 10
-1433 | 1433 | 1433 | 0 | 3134 | 3134 | 0 | 11
-1433 | 1433 | 1433 | 0 | 3134 | 3134 | 0 | 12
-1433 | 1433 | 1433 | 0 | 3134 | 3134 | 0 | 13
-1433 | 1433 | 1433 | 0 | 3134 | 3134 | 0 | 14
-1433 | 1433 | 1433 | 0 | 3134 | 3134 | 0 | 15
-1433 | 1433 | 1433 | 0 | 3134 | 3134 | 0 | 16
-1433 | 1433 | 1433 | 0 | 3134 | 3134 | 0 | 17
-1438 | 1438 | 1438 | 0 | 3124 | 3124 | 0 | 18
-1438 | 1438 | 1438 | 0 | 3124 | 3124 | 0 | 19
-1438 | 1438 | 1438 | 0 | 3124 | 3124 | 0 | 20
-1438 | 1438 | 1438 | 0 | 3124 | 3124 | 0 | 21
-1438 | 1438 | 1438 | 0 | 3124 | 3124 | 0 | 22
-1439 | 1439 | 1439 | 0 | 3122 | 3122 | 0 | 23
-1439 | 1439 | 1439 | 0 | 3122 | 3122 | 0 | 24
-1439 | 1439 | 1439 | 0 | 3122 | 3122 | 0 | 25
-1440 | 1440 | 1440 | 0 | 3120 | 3120 | 0 | 26
-1441 | 1441 | 1441 | 0 | 3118 | 3118 | 0 | 27
-1441 | 1441 | 1441 | 0 | 3118 | 3118 | 0 | 28
-1441 | 1441 | 1441 | 0 | 3118 | 3118 | 0 | 29
-1441 | 1441 | 1441 | 0 | 3118 | 3118 | 0 | 30
-1441 | 1441 | 1441 | 0 | 3118 | 3118 | 0 | 31
-1441 | 1441 | 1441 | 0 | 3118 | 3118 | 0 | 32
-1441 | 1441 | 1441 | 0 | 3118 | 3118 | 0 | 33
-1441 | 1441 | 1441 | 0 | 3118 | 3118 | 0 | 34
-1443 | 1443 | 1443 | 0 | 3114 | 3114 | 0 | 35
-1444 | 1444 | 1444 | 0 | 3112 | 3112 | 0 | 36
-1444 | 1444 | 1444 | 0 | 3112 | 3112 | 0 | 37
-1444 | 1444 | 1444 | 0 | 3112 | 3112 | 0 | 38
-1444 | 1444 | 1444 | 0 | 3112 | 3112 | 0 | 39
-1444 | 1444 | 1444 | 0 | 3112 | 3112 | 0 | 40
-1444 | 1444 | 1444 | 0 | 3112 | 3112 | 0 | 41
-1444 | 1444 | 1444 | 0 | 3112 | 3112 | 0 | 42
-1444 | 1444 | 1444 | 0 | 3112 | 3112 | 0 | 43
-1448 | 1448 | 1448 | 0 | 3104 | 3104 | 0 | 44
-1448 | 1448 | 1448 | 0 | 3104 | 3104 | 0 | 45
-1448 | 1448 | 1448 | 0 | 3104 | 3104 | 0 | 46
-1448 | 1448 | 1448 | 0 | 3104 | 3104 | 0 | 47
-1448 | 1448 | 1448 | 0 | 3104 | 3104 | 0 | 48
-1448 | 1448 | 1448 | 0 | 3104 | 3104 | 0 | 49
-1448 | 1448 | 1448 | 0 | 3104 | 3104 | 0 | 50
-1448 | 1448 | 1448 | 0 | 3104 | 3104 | 0 | 51
-1448 | 1448 | 1448 | 0 | 3104 | 3104 | 0 | 52
-1448 | 1448 | 1448 | 0 | 3104 | 3104 | 0 | 53
-1448 | 1448 | 1448 | 0 | 3104 | 3104 | 0 | 54
-1448 | 1448 | 1448 | 0 | 3104 | 3104 | 0 | 55
-1448 | 1448 | 1448 | 0 | 3104 | 3104 | 0 | 56
-1448 | 1448 | 1448 | 0 | 3104 | 3104 | 0 | 57
-1448 | 1448 | 1448 | 0 | 3104 | 3104 | 0 | 58
-1448 | 1448 | 1448 | 0 | 3104 | 3104 | 0 | 59
-1448 | 1448 | 1448 | 0 | 3104 | 3104 | 0 | 60
-1448 | 1448 | 1448 | 0 | 3104 | 3104 | 0 | 61
-1448 | 1448 | 1448 | 0 | 3104 | 3104 | 0 | 62
-1449 | 1449 | 1449 | 0 | 3102 | 3102 | 0 | 63
-1449 | 1449 | 1449 | 0 | 3102 | 3102 | 0 | 64
-1449 | 1449 | 1449 | 0 | 3102 | 3102 | 0 | 65
-1449 | 1449 | 1449 | 0 | 3102 | 3102 | 0 | 66
-1449 | 1449 | 1449 | 0 | 3102 | 3102 | 0 | 67
-1449 | 1449 | 1449 | 0 | 3102 | 3102 | 0 | 68
-1449 | 1449 | 1449 | 0 | 3102 | 3102 | 0 | 69
-1449 | 1449 | 1449 | 0 | 3102 | 3102 | 0 | 70
-1449 | 1449 | 1449 | 0 | 3102 | 3102 | 0 | 71
-1449 | 1449 | 1449 | 0 | 3102 | 3102 | 0 | 72
-1449 | 1449 | 1449 | 0 | 3102 | 3102 | 0 | 73
-1449 | 1449 | 1449 | 0 | 3102 | 3102 | 0 | 74
-1449 | 1449 | 1449 | 0 | 3102 | 3102 | 0 | 75
-1448 | 1448 | 1448 | 0 | 3104 | 3104 | 0 | 76
-1449 | 1449 | 1449 | 0 | 3102 | 3102 | 0 | 77
-1449 | 1449 | 1449 | 0 | 3102 | 3102 | 0 | 78
-1449 | 1449 | 1449 | 0 | 3102 | 3102 | 0 | 79
-1449 | 1449 | 1449 | 0 | 3102 | 3102 | 0 | 80
-1448 | 1448 | 1448 | 0 | 3104 | 3104 | 0 | 81
-1448 | 1448 | 1448 | 0 | 3104 | 3104 | 0 | 82
-1451 | 1451 | 1451 | 0 | 3098 | 3098 | 0 | 83
-1451 | 1451 | 1451 | 0 | 3098 | 3098 | 0 | 84
-1451 | 1451 | 1451 | 0 | 3098 | 3098 | 0 | 85
-1452 | 1452 | 1452 | 0 | 3096 | 3096 | 0 | 86
-1452 | 1452 | 1452 | 0 | 3096 | 3096 | 0 | 87
-1452 | 1452 | 1452 | 0 | 3096 | 3096 | 0 | 88
-1452 | 1452 | 1452 | 0 | 3096 | 3096 | 0 | 89
-1452 | 1452 | 1452 | 0 | 3096 | 3096 | 0 | 90
-1452 | 1452 | 1452 | 0 | 3096 | 3096 | 0 | 91
-1452 | 1452 | 1452 | 0 | 3096 | 3096 | 0 | 92
-1452 | 1452 | 1452 | 0 | 3096 | 3096 | 0 | 93
-1452 | 1452 | 1452 | 0 | 3096 | 3096 | 0 | 94
-1453 | 1453 | 1453 | 0 | 3094 | 3094 | 0 | 95
-1453 | 1453 | 1453 | 0 | 3094 | 3094 | 0 | 96
-1453 | 1453 | 1453 | 0 | 3094 | 3094 | 0 | 97
-1453 | 1453 | 1453 | 0 | 3094 | 3094 | 0 | 98
-1453 | 1453 | 1453 | 0 | 3094 | 3094 | 0 | 99
-1453 | 1453 | 1453 | 0 | 3094 | 3094 | 0 | 100
-1453 | 1453 | 1453 | 0 | 3094 | 3094 | 0 | 101
-1454 | 1454 | 1454 | 0 | 3092 | 3092 | 0 | 102
-1454 | 1454 | 1454 | 0 | 3092 | 3092 | 0 | 103
-1454 | 1454 | 1454 | 0 | 3092 | 3092 | 0 | 104
-1454 | 1454 | 1454 | 0 | 3092 | 3092 | 0 | 105
-1454 | 1454 | 1454 | 0 | 3092 | 3092 | 0 | 106
-1454 | 1454 | 1454 | 0 | 3092 | 3092 | 0 | 107
-1457 | 1457 | 1457 | 0 | 3086 | 3086 | 0 | 108
-1457 | 1457 | 1457 | 0 | 3086 | 3086 | 0 | 109
-1457 | 1457 | 1457 | 0 | 3086 | 3086 | 0 | 110
-1458 | 1458 | 1458 | 0 | 3084 | 3084 | 0 | 111
-1458 | 1458 | 1458 | 0 | 3084 | 3084 | 0 | 112
-1458 | 1458 | 1458 | 0 | 3084 | 3084 | 0 | 113
-1458 | 1458 | 1458 | 0 | 3084 | 3084 | 0 | 114
-1459 | 1459 | 1459 | 0 | 3082 | 3082 | 0 | 115
-1459 | 1459 | 1459 | 0 | 3082 | 3082 | 0 | 116
-1460 | 1460 | 1460 | 0 | 3080 | 3080 | 0 | 117
-1460 | 1460 | 1460 | 0 | 3080 | 3080 | 0 | 118
-1460 | 1460 | 1460 | 0 | 3080 | 3080 | 0 | 119
-1460 | 1460 | 1460 | 0 | 3080 | 3080 | 0 | 120
-1460 | 1460 | 1460 | 0 | 3080 | 3080 | 0 | 121
-1460 | 1460 | 1460 | 0 | 3080 | 3080 | 0 | 122
-1460 | 1460 | 1460 | 0 | 3080 | 3080 | 0 | 123
-1460 | 1460 | 1460 | 0 | 3080 | 3080 | 0 | 124
-1460 | 1460 | 1460 | 0 | 3080 | 3080 | 0 | 125
-1460 | 1460 | 1460 | 0 | 3080 | 3080 | 0 | 126
-1460 | 1460 | 1460 | 0 | 3080 | 3080 | 0 | 127
-1460 | 1460 | 1460 | 0 | 3080 | 3080 | 0 | 128
-1460 | 1460 | 1460 | 0 | 3080 | 3080 | 0 | 129
-1460 | 1460 | 1460 | 0 | 3080 | 3080 | 0 | 130
-1459 | 1459 | 1459 | 0 | 3082 | 3082 | 0 | 131
-1459 | 1459 | 1459 | 0 | 3082 | 3082 | 0 | 132
-1460 | 1460 | 1460 | 0 | 3080 | 3080 | 0 | 133
-1460 | 1460 | 1460 | 0 | 3080 | 3080 | 0 | 134
-1463 | 1463 | 1463 | 0 | 3074 | 3074 | 0 | 135
-1463 | 1463 | 1463 | 0 | 3074 | 3074 | 0 | 136
-1462 | 1462 | 1462 | 0 | 3076 | 3076 | 0 | 137
-1462 | 1462 | 1462 | 0 | 3076 | 3076 | 0 | 138
-1462 | 1462 | 1462 | 0 | 3076 | 3076 | 0 | 139
-1463 | 1463 | 1463 | 0 | 3074 | 3074 | 0 | 140
-1463 | 1463 | 1463 | 0 | 3074 | 3074 | 0 | 141
-1464 | 1464 | 1464 | 0 | 3072 | 3072 | 0 | 142
-1464 | 1464 | 1464 | 0 | 3072 | 3072 | 0 | 143
-1464 | 1464 | 1464 | 0 | 3072 | 3072 | 0 | 144
-1464 | 1464 | 1464 | 0 | 3072 | 3072 | 0 | 145
-1464 | 1464 | 1464 | 0 | 3072 | 3072 | 0 | 146
-1464 | 1464 | 1464 | 0 | 3072 | 3072 | 0 | 147
-1464 | 1464 | 1464 | 0 | 3072 | 3072 | 0 | 148
-1465 | 1465 | 1465 | 0 | 3070 | 3070 | 0 | 149
-1465 | 1465 | 1465 | 0 | 3070 | 3070 | 0 | 150
-1467 | 1467 | 1467 | 0 | 3066 | 3066 | 0 | 151
-1469 | 1469 | 1469 | 0 | 3062 | 3062 | 0 | 152
-1469 | 1469 | 1469 | 0 | 3062 | 3062 | 0 | 153
-1472 | 1472 | 1472 | 0 | 3056 | 3056 | 0 | 154
-1472 | 1472 | 1472 | 0 | 3056 | 3056 | 0 | 155
-1472 | 1472 | 1472 | 0 | 3056 | 3056 | 0 | 156
-1472 | 1472 | 1472 | 0 | 3056 | 3056 | 0 | 157
-1472 | 1472 | 1472 | 0 | 3056 | 3056 | 0 | 158
-1472 | 1472 | 1472 | 0 | 3056 | 3056 | 0 | 159
-1471 | 1471 | 1471 | 0 | 3058 | 3058 | 0 | 160
-1470 | 1470 | 1470 | 0 | 3060 | 3060 | 0 | 161
-1470 | 1470 | 1470 | 0 | 3060 | 3060 | 0 | 162
-1471 | 1471 | 1471 | 0 | 3058 | 3058 | 0 | 163
-1471 | 1471 | 1471 | 0 | 3058 | 3058 | 0 | 164
-1471 | 1471 | 1471 | 0 | 3058 | 3058 | 0 | 165
-1473 | 1473 | 1473 | 0 | 3054 | 3054 | 0 | 166
-1473 | 1473 | 1473 | 0 | 3054 | 3054 | 0 | 167
-1473 | 1473 | 1473 | 0 | 3054 | 3054 | 0 | 168
-1473 | 1473 | 1473 | 0 | 3054 | 3054 | 0 | 169
-1473 | 1473 | 1473 | 0 | 3054 | 3054 | 0 | 170
-1473 | 1473 | 1473 | 0 | 3054 | 3054 | 0 | 171
-1473 | 1473 | 1473 | 0 | 3054 | 3054 | 0 | 172
-1474 | 1474 | 1474 | 0 | 3052 | 3052 | 0 | 173
-1473 | 1473 | 1473 | 0 | 3054 | 3054 | 0 | 174
-1473 | 1473 | 1473 | 0 | 3054 | 3054 | 0 | 175
-1473 | 1473 | 1473 | 0 | 3054 | 3054 | 0 | 176
-1473 | 1473 | 1473 | 0 | 3054 | 3054 | 0 | 177
-1473 | 1473 | 1473 | 0 | 3054 | 3054 | 0 | 178
-1474 | 1474 | 1474 | 0 | 3052 | 3052 | 0 | 179
-1474 | 1474 | 1474 | 0 | 3052 | 3052 | 0 | 180
-1476 | 1476 | 1476 | 0 | 3048 | 3048 | 0 | 181
-1476 | 1476 | 1476 | 0 | 3048 | 3048 | 0 | 182
-1476 | 1476 | 1476 | 0 | 3048 | 3048 | 0 | 183
-1476 | 1476 | 1476 | 0 | 3048 | 3048 | 0 | 184
-1476 | 1476 | 1476 | 0 | 3048 | 3048 | 0 | 185
-1476 | 1476 | 1476 | 0 | 3048 | 3048 | 0 | 186
-1476 | 1476 | 1476 | 0 | 3048 | 3048 | 0 | 187
-1476 | 1476 | 1476 | 0 | 3048 | 3048 | 0 | 188
-1476 | 1476 | 1476 | 0 | 3048 | 3048 | 0 | 189
-1476 | 1476 | 1476 | 0 | 3048 | 3048 | 0 | 190
-1476 | 1476 | 1476 | 0 | 3048 | 3048 | 0 | 191
-1476 | 1476 | 1476 | 0 | 3048 | 3048 | 0 | 192
-1476 | 1476 | 1476 | 0 | 3048 | 3048 | 0 | 193
-1476 | 1476 | 1476 | 0 | 3048 | 3048 | 0 | 194
-1475 | 1475 | 1475 | 0 | 3050 | 3050 | 0 | 195
-1475 | 1475 | 1475 | 0 | 3050 | 3050 | 0 | 196
-1476 | 1476 | 1476 | 0 | 3048 | 3048 | 0 | 197
-1476 | 1476 | 1476 | 0 | 3048 | 3048 | 0 | 198
-1476 | 1476 | 1476 | 0 | 3048 | 3048 | 0 | 199
-1476 | 1476 | 1476 | 0 | 3048 | 3048 | 0 | 200
-1478 | 1478 | 1478 | 0 | 3044 | 3044 | 0 | 201
-1478 | 1478 | 1478 | 0 | 3044 | 3044 | 0 | 202
-1478 | 1478 | 1478 | 0 | 3044 | 3044 | 0 | 203
-1479 | 1479 | 1479 | 0 | 3042 | 3042 | 0 | 204
-1479 | 1479 | 1479 | 0 | 3042 | 3042 | 0 | 205
-1479 | 1479 | 1479 | 0 | 3042 | 3042 | 0 | 206
-1481 | 1481 | 1481 | 0 | 3038 | 3038 | 0 | 207
-1481 | 1481 | 1481 | 0 | 3038 | 3038 | 0 | 208
-1481 | 1481 | 1481 | 0 | 3038 | 3038 | 0 | 209
-1481 | 1481 | 1481 | 0 | 3038 | 3038 | 0 | 210
-1483 | 1483 | 1483 | 0 | 3034 | 3034 | 0 | 211
-1483 | 1483 | 1483 | 0 | 3034 | 3034 | 0 | 212
-1484 | 1484 | 1484 | 0 | 3032 | 3032 | 0 | 213
-1485 | 1485 | 1485 | 0 | 3030 | 3030 | 0 | 214
-1486 | 1486 | 1486 | 0 | 3028 | 3028 | 0 | 215
-1486 | 1486 | 1486 | 0 | 3028 | 3028 | 0 | 216
-1486 | 1486 | 1486 | 0 | 3028 | 3028 | 0 | 217
-1486 | 1486 | 1486 | 0 | 3028 | 3028 | 0 | 218
-1486 | 1486 | 1486 | 0 | 3028 | 3028 | 0 | 219
-1486 | 1486 | 1486 | 0 | 3028 | 3028 | 0 | 220
-1486 | 1486 | 1486 | 0 | 3028 | 3028 | 0 | 221
-1485 | 1485 | 1485 | 0 | 3030 | 3030 | 0 | 222
-1485 | 1485 | 1485 | 0 | 3030 | 3030 | 0 | 223
-1485 | 1485 | 1485 | 0 | 3030 | 3030 | 0 | 224
-1485 | 1485 | 1485 | 0 | 3030 | 3030 | 0 | 225
-1485 | 1485 | 1485 | 0 | 3030 | 3030 | 0 | 226
-1485 | 1485 | 1485 | 0 | 3030 | 3030 | 0 | 227
-1485 | 1485 | 1485 | 0 | 3030 | 3030 | 0 | 228
-1485 | 1485 | 1485 | 0 | 3030 | 3030 | 0 | 229
-1485 | 1485 | 1485 | 0 | 3030 | 3030 | 0 | 230
-1485 | 1485 | 1485 | 0 | 3030 | 3030 | 0 | 231
-1485 | 1485 | 1485 | 0 | 3030 | 3030 | 0 | 232
-1485 | 1485 | 1485 | 0 | 3030 | 3030 | 0 | 233
-1485 | 1485 | 1485 | 0 | 3030 | 3030 | 0 | 234
-1485 | 1485 | 1485 | 0 | 3030 | 3030 | 0 | 235
-1485 | 1485 | 1485 | 0 | 3030 | 3030 | 0 | 236
-1485 | 1485 | 1485 | 0 | 3030 | 3030 | 0 | 237
-1485 | 1485 | 1485 | 0 | 3030 | 3030 | 0 | 238
-1485 | 1485 | 1485 | 0 | 3030 | 3030 | 0 | 239
-1485 | 1485 | 1485 | 0 | 3030 | 3030 | 0 | 240
-1485 | 1485 | 1485 | 0 | 3030 | 3030 | 0 | 241
-1487 | 1487 | 1487 | 0 | 3026 | 3026 | 0 | 242
-1487 | 1487 | 1487 | 0 | 3026 | 3026 | 0 | 243
-1487 | 1487 | 1487 | 0 | 3026 | 3026 | 0 | 244
-1488 | 1488 | 1488 | 0 | 3024 | 3024 | 0 | 245
-1488 | 1488 | 1488 | 0 | 3024 | 3024 | 0 | 246
-1489 | 1489 | 1489 | 0 | 3022 | 3022 | 0 | 247
-1489 | 1489 | 1489 | 0 | 3022 | 3022 | 0 | 248
-1489 | 1489 | 1489 | 0 | 3022 | 3022 | 0 | 249
-1489 | 1489 | 1489 | 0 | 3022 | 3022 | 0 | 250
-1489 | 1489 | 1489 | 0 | 3022 | 3022 | 0 | 251
-1489 | 1489 | 1489 | 0 | 3022 | 3022 | 0 | 252
-1489 | 1489 | 1489 | 0 | 3022 | 3022 | 0 | 253
-1489 | 1489 | 1489 | 0 | 3022 | 3022 | 0 | 254
-1489 | 1489 | 1489 | 0 | 3022 | 3022 | 0 | 255
-1488 | 1488 | 1488 | 0 | 3024 | 3024 | 0 | 256
-1488 | 1488 | 1488 | 0 | 3024 | 3024 | 0 | 257
-1488 | 1488 | 1488 | 0 | 3024 | 3024 | 0 | 258
-1488 | 1488 | 1488 | 0 | 3024 | 3024 | 0 | 259
-1488 | 1488 | 1488 | 0 | 3024 | 3024 | 0 | 260
-1489 | 1489 | 1489 | 0 | 3022 | 3022 | 0 | 261
-1489 | 1489 | 1489 | 0 | 3022 | 3022 | 0 | 262
-1489 | 1489 | 1489 | 0 | 3022 | 3022 | 0 | 263
-1490 | 1490 | 1490 | 0 | 3020 | 3020 | 0 | 264
-1490 | 1490 | 1490 | 0 | 3020 | 3020 | 0 | 265
-1490 | 1490 | 1490 | 0 | 3020 | 3020 | 0 | 266
-1490 | 1490 | 1490 | 0 | 3020 | 3020 | 0 | 267
-1490 | 1490 | 1490 | 0 | 3020 | 3020 | 0 | 268
-1490 | 1490 | 1490 | 0 | 3020 | 3020 | 0 | 269
-1490 | 1490 | 1490 | 0 | 3020 | 3020 | 0 | 270
-1490 | 1490 | 1490 | 0 | 3020 | 3020 | 0 | 271
-1490 | 1490 | 1490 | 0 | 3020 | 3020 | 0 | 272
-1490 | 1490 | 1490 | 0 | 3020 | 3020 | 0 | 273
-1490 | 1490 | 1490 | 0 | 3020 | 3020 | 0 | 274
-1489 | 1489 | 1489 | 0 | 3022 | 3022 | 0 | 275
-1489 | 1489 | 1489 | 0 | 3022 | 3022 | 0 | 276
-1489 | 1489 | 1489 | 0 | 3022 | 3022 | 0 | 277
-1489 | 1489 | 1489 | 0 | 3022 | 3022 | 0 | 278
-1489 | 1489 | 1489 | 0 | 3022 | 3022 | 0 | 279
-1489 | 1489 | 1489 | 0 | 3022 | 3022 | 0 | 280
-1489 | 1489 | 1489 | 0 | 3022 | 3022 | 0 | 281
-1489 | 1489 | 1489 | 0 | 3022 | 3022 | 0 | 282
-1489 | 1489 | 1489 | 0 | 3022 | 3022 | 0 | 283
-1487 | 1487 | 1487 | 0 | 3026 | 3026 | 0 | 284
-1487 | 1487 | 1487 | 0 | 3026 | 3026 | 0 | 285
-1487 | 1487 | 1487 | 0 | 3026 | 3026 | 0 | 286
-1487 | 1487 | 1487 | 0 | 3026 | 3026 | 0 | 287
-1487 | 1487 | 1487 | 0 | 3026 | 3026 | 0 | 288
-1487 | 1487 | 1487 | 0 | 3026 | 3026 | 0 | 289
-1489 | 1489 | 1489 | 0 | 3022 | 3022 | 0 | 290
-1489 | 1489 | 1489 | 0 | 3022 | 3022 | 0 | 291
-1490 | 1490 | 1490 | 0 | 3020 | 3020 | 0 | 292
-1490 | 1490 | 1490 | 0 | 3020 | 3020 | 0 | 293
-1490 | 1490 | 1490 | 0 | 3020 | 3020 | 0 | 294
-1490 | 1490 | 1490 | 0 | 3020 | 3020 | 0 | 295
-1494 | 1494 | 1494 | 0 | 3012 | 3012 | 0 | 296
-1494 | 1494 | 1494 | 0 | 3012 | 3012 | 0 | 297
-1494 | 1494 | 1494 | 0 | 3012 | 3012 | 0 | 298
-1494 | 1494 | 1494 | 0 | 3012 | 3012 | 0 | 299
-1495 | 1495 | 1495 | 0 | 3010 | 3010 | 0 | 300
-1495 | 1495 | 1495 | 0 | 3010 | 3010 | 0 | 301
-1496 | 1496 | 1496 | 0 | 3008 | 3008 | 0 | 302
-1496 | 1496 | 1496 | 0 | 3008 | 3008 | 0 | 303
-1496 | 1496 | 1496 | 0 | 3008 | 3008 | 0 | 304
-1496 | 1496 | 1496 | 0 | 3008 | 3008 | 0 | 305
-1496 | 1496 | 1496 | 0 | 3008 | 3008 | 0 | 306
-1496 | 1496 | 1496 | 0 | 3008 | 3008 | 0 | 307
-1496 | 1496 | 1496 | 0 | 3008 | 3008 | 0 | 308
-1496 | 1496 | 1496 | 0 | 3008 | 3008 | 0 | 309
-1496 | 1496 | 1496 | 0 | 3008 | 3008 | 0 | 310
-1496 | 1496 | 1496 | 0 | 3008 | 3008 | 0 | 311
-1496 | 1496 | 1496 | 0 | 3008 | 3008 | 0 | 312
-1496 | 1496 | 1496 | 0 | 3008 | 3008 | 0 | 313
-1496 | 1496 | 1496 | 0 | 3008 | 3008 | 0 | 314
-1496 | 1496 | 1496 | 0 | 3008 | 3008 | 0 | 315
-1496 | 1496 | 1496 | 0 | 3008 | 3008 | 0 | 316
-1496 | 1496 | 1496 | 0 | 3008 | 3008 | 0 | 317
-1497 | 1497 | 1497 | 0 | 3006 | 3006 | 0 | 318
-1497 | 1497 | 1497 | 0 | 3006 | 3006 | 0 | 319
-1497 | 1497 | 1497 | 0 | 3006 | 3006 | 0 | 320
-1499 | 1499 | 1499 | 0 | 3002 | 3002 | 0 | 321
-1499 | 1499 | 1499 | 0 | 3002 | 3002 | 0 | 322
-1499 | 1499 | 1499 | 0 | 3002 | 3002 | 0 | 323
-1499 | 1499 | 1499 | 0 | 3002 | 3002 | 0 | 324
-1499 | 1499 | 1499 | 0 | 3002 | 3002 | 0 | 325
-1499 | 1499 | 1499 | 0 | 3002 | 3002 | 0 | 326
-1499 | 1499 | 1499 | 0 | 3002 | 3002 | 0 | 327
-1501 | 1501 | 1501 | 0 | 2998 | 2998 | 0 | 328
-1501 | 1501 | 1501 | 0 | 2998 | 2998 | 0 | 329
-1501 | 1501 | 1501 | 0 | 2998 | 2998 | 0 | 330
-1501 | 1501 | 1501 | 0 | 2998 | 2998 | 0 | 331
-1501 | 1501 | 1501 | 0 | 2998 | 2998 | 0 | 332
-1503 | 1503 | 1503 | 0 | 2994 | 2994 | 0 | 333
-1503 | 1503 | 1503 | 0 | 2994 | 2994 | 0 | 334
-1503 | 1503 | 1503 | 0 | 2994 | 2994 | 0 | 335
-1503 | 1503 | 1503 | 0 | 2994 | 2994 | 0 | 336
-1503 | 1503 | 1503 | 0 | 2994 | 2994 | 0 | 337
-1503 | 1503 | 1503 | 0 | 2994 | 2994 | 0 | 338
-1503 | 1503 | 1503 | 0 | 2994 | 2994 | 0 | 339
-1503 | 1503 | 1503 | 0 | 2994 | 2994 | 0 | 340
-1504 | 1504 | 1504 | 0 | 2992 | 2992 | 0 | 341
-1504 | 1504 | 1504 | 0 | 2992 | 2992 | 0 | 342
-1504 | 1504 | 1504 | 0 | 2992 | 2992 | 0 | 343
-1505 | 1505 | 1505 | 0 | 2990 | 2990 | 0 | 344
-1505 | 1505 | 1505 | 0 | 2990 | 2990 | 0 | 345
-1505 | 1505 | 1505 | 0 | 2990 | 2990 | 0 | 346
-1505 | 1505 | 1505 | 0 | 2990 | 2990 | 0 | 347
-1505 | 1505 | 1505 | 0 | 2990 | 2990 | 0 | 348
-1505 | 1505 | 1505 | 0 | 2990 | 2990 | 0 | 349
-1505 | 1505 | 1505 | 0 | 2990 | 2990 | 0 | 350
-1505 | 1505 | 1505 | 0 | 2990 | 2990 | 0 | 351
-1506 | 1506 | 1506 | 0 | 2988 | 2988 | 0 | 352
-1506 | 1506 | 1506 | 0 | 2988 | 2988 | 0 | 353
-1507 | 1507 | 1507 | 0 | 2986 | 2986 | 0 | 354
-1508 | 1508 | 1508 | 0 | 2984 | 2984 | 0 | 355
-1508 | 1508 | 1508 | 0 | 2984 | 2984 | 0 | 356
-1508 | 1508 | 1508 | 0 | 2984 | 2984 | 0 | 357
-1508 | 1508 | 1508 | 0 | 2984 | 2984 | 0 | 358
-1508 | 1508 | 1508 | 0 | 2984 | 2984 | 0 | 359
-1508 | 1508 | 1508 | 0 | 2984 | 2984 | 0 | 360
-1508 | 1508 | 1508 | 0 | 2984 | 2984 | 0 | 361
-1508 | 1508 | 1508 | 0 | 2984 | 2984 | 0 | 362
-1508 | 1508 | 1508 | 0 | 2984 | 2984 | 0 | 363
-1508 | 1508 | 1508 | 0 | 2984 | 2984 | 0 | 364
-1508 | 1508 | 1508 | 0 | 2984 | 2984 | 0 | 365
-1508 | 1508 | 1508 | 0 | 2984 | 2984 | 0 | 366
-1508 | 1508 | 1508 | 0 | 2984 | 2984 | 0 | 367
-1508 | 1508 | 1508 | 0 | 2984 | 2984 | 0 | 368
-1508 | 1508 | 1508 | 0 | 2984 | 2984 | 0 | 369
-1509 | 1509 | 1509 | 0 | 2982 | 2982 | 0 | 370
-1509 | 1509 | 1509 | 0 | 2982 | 2982 | 0 | 371
-1508 | 1508 | 1508 | 0 | 2984 | 2984 | 0 | 372
-1508 | 1508 | 1508 | 0 | 2984 | 2984 | 0 | 373
-1508 | 1508 | 1508 | 0 | 2984 | 2984 | 0 | 374
-1508 | 1508 | 1508 | 0 | 2984 | 2984 | 0 | 375
-1508 | 1508 | 1508 | 0 | 2984 | 2984 | 0 | 376
-1508 | 1508 | 1508 | 0 | 2984 | 2984 | 0 | 377
-1508 | 1508 | 1508 | 0 | 2984 | 2984 | 0 | 378
-1507 | 1507 | 1507 | 0 | 2986 | 2986 | 0 | 379
-1507 | 1507 | 1507 | 0 | 2986 | 2986 | 0 | 380
-1507 | 1507 | 1507 | 0 | 2986 | 2986 | 0 | 381
-1507 | 1507 | 1507 | 0 | 2986 | 2986 | 0 | 382
-1507 | 1507 | 1507 | 0 | 2986 | 2986 | 0 | 383
-1507 | 1507 | 1507 | 0 | 2986 | 2986 | 0 | 384
-1509 | 1509 | 1509 | 0 | 2982 | 2982 | 0 | 385
-1509 | 1509 | 1509 | 0 | 2982 | 2982 | 0 | 386
-1509 | 1509 | 1509 | 0 | 2982 | 2982 | 0 | 387
-1509 | 1509 | 1509 | 0 | 2982 | 2982 | 0 | 388
-1509 | 1509 | 1509 | 0 | 2982 | 2982 | 0 | 389
-1509 | 1509 | 1509 | 0 | 2982 | 2982 | 0 | 390
-1509 | 1509 | 1509 | 0 | 2982 | 2982 | 0 | 391
-1509 | 1509 | 1509 | 0 | 2982 | 2982 | 0 | 392
-1510 | 1510 | 1510 | 0 | 2980 | 2980 | 0 | 393
-1510 | 1510 | 1510 | 0 | 2980 | 2980 | 0 | 394
-1510 | 1510 | 1510 | 0 | 2980 | 2980 | 0 | 395
-1510 | 1510 | 1510 | 0 | 2980 | 2980 | 0 | 396
-1511 | 1511 | 1511 | 0 | 2978 | 2978 | 0 | 397
-1513 | 1513 | 1513 | 0 | 2974 | 2974 | 0 | 398
-1513 | 1513 | 1513 | 0 | 2974 | 2974 | 0 | 399
-1513 | 1513 | 1513 | 0 | 2974 | 2974 | 0 | 400
-1513 | 1513 | 1513 | 0 | 2974 | 2974 | 0 | 401
-1514 | 1514 | 1514 | 0 | 2972 | 2972 | 0 | 402
-1517 | 1517 | 1517 | 0 | 2966 | 2966 | 0 | 403
-1517 | 1517 | 1517 | 0 | 2966 | 2966 | 0 | 404
-1517 | 1517 | 1517 | 0 | 2966 | 2966 | 0 | 405
-1517 | 1517 | 1517 | 0 | 2966 | 2966 | 0 | 406
-1517 | 1517 | 1517 | 0 | 2966 | 2966 | 0 | 407
-1517 | 1517 | 1517 | 0 | 2966 | 2966 | 0 | 408
-1517 | 1517 | 1517 | 0 | 2966 | 2966 | 0 | 409
-1517 | 1517 | 1517 | 0 | 2966 | 2966 | 0 | 410
-1517 | 1517 | 1517 | 0 | 2966 | 2966 | 0 | 411
-1517 | 1517 | 1517 | 0 | 2966 | 2966 | 0 | 412
-1517 | 1517 | 1517 | 0 | 2966 | 2966 | 0 | 413
-1517 | 1517 | 1517 | 0 | 2966 | 2966 | 0 | 414
-1517 | 1517 | 1517 | 0 | 2966 | 2966 | 0 | 415
-1517 | 1517 | 1517 | 0 | 2966 | 2966 | 0 | 416
-1517 | 1517 | 1517 | 0 | 2966 | 2966 | 0 | 417
-1516 | 1516 | 1516 | 0 | 2968 | 2968 | 0 | 418
-1516 | 1516 | 1516 | 0 | 2968 | 2968 | 0 | 419
-1516 | 1516 | 1516 | 0 | 2968 | 2968 | 0 | 420
-1516 | 1516 | 1516 | 0 | 2968 | 2968 | 0 | 421
-1516 | 1516 | 1516 | 0 | 2968 | 2968 | 0 | 422
-1519 | 1519 | 1519 | 0 | 2962 | 2962 | 0 | 423
-1517 | 1517 | 1517 | 0 | 2966 | 2966 | 0 | 424
-1518 | 1518 | 1518 | 0 | 2964 | 2964 | 0 | 425
-1518 | 1518 | 1518 | 0 | 2964 | 2964 | 0 | 426
-1518 | 1518 | 1518 | 0 | 2964 | 2964 | 0 | 427
-1518 | 1518 | 1518 | 0 | 2964 | 2964 | 0 | 428
-1520 | 1520 | 1520 | 0 | 2960 | 2960 | 0 | 429
-1520 | 1520 | 1520 | 0 | 2960 | 2960 | 0 | 430
-1520 | 1520 | 1520 | 0 | 2960 | 2960 | 0 | 431
-1520 | 1520 | 1520 | 0 | 2960 | 2960 | 0 | 432
-1520 | 1520 | 1520 | 0 | 2960 | 2960 | 0 | 433
-1520 | 1520 | 1520 | 0 | 2960 | 2960 | 0 | 434
-1520 | 1520 | 1520 | 0 | 2960 | 2960 | 0 | 435
-1520 | 1520 | 1520 | 0 | 2960 | 2960 | 0 | 436
-1520 | 1520 | 1520 | 0 | 2960 | 2960 | 0 | 437
-1521 | 1521 | 1521 | 0 | 2958 | 2958 | 0 | 438
-1521 | 1521 | 1521 | 0 | 2958 | 2958 | 0 | 439
-1521 | 1521 | 1521 | 0 | 2958 | 2958 | 0 | 440
-1521 | 1521 | 1521 | 0 | 2958 | 2958 | 0 | 441
-1521 | 1521 | 1521 | 0 | 2958 | 2958 | 0 | 442
-1521 | 1521 | 1521 | 0 | 2958 | 2958 | 0 | 443
-1521 | 1521 | 1521 | 0 | 2958 | 2958 | 0 | 444
-1521 | 1521 | 1521 | 0 | 2958 | 2958 | 0 | 445
-1520 | 1520 | 1520 | 0 | 2960 | 2960 | 0 | 446
-1520 | 1520 | 1520 | 0 | 2960 | 2960 | 0 | 447
-1520 | 1520 | 1520 | 0 | 2960 | 2960 | 0 | 448
-1520 | 1520 | 1520 | 0 | 2960 | 2960 | 0 | 449
-1520 | 1520 | 1520 | 0 | 2960 | 2960 | 0 | 450
-1520 | 1520 | 1520 | 0 | 2960 | 2960 | 0 | 451
-1520 | 1520 | 1520 | 0 | 2960 | 2960 | 0 | 452
-1520 | 1520 | 1520 | 0 | 2960 | 2960 | 0 | 453
-1520 | 1520 | 1520 | 0 | 2960 | 2960 | 0 | 454
-1520 | 1520 | 1520 | 0 | 2960 | 2960 | 0 | 455
-1520 | 1520 | 1520 | 0 | 2960 | 2960 | 0 | 456
-1520 | 1520 | 1520 | 0 | 2960 | 2960 | 0 | 457
-1520 | 1520 | 1520 | 0 | 2960 | 2960 | 0 | 458
-1520 | 1520 | 1520 | 0 | 2960 | 2960 | 0 | 459
-1520 | 1520 | 1520 | 0 | 2960 | 2960 | 0 | 460
-1519 | 1519 | 1519 | 0 | 2962 | 2962 | 0 | 461
-1519 | 1519 | 1519 | 0 | 2962 | 2962 | 0 | 462
-1519 | 1519 | 1519 | 0 | 2962 | 2962 | 0 | 463
-1520 | 1520 | 1520 | 0 | 2960 | 2960 | 0 | 464
-1520 | 1520 | 1520 | 0 | 2960 | 2960 | 0 | 465
-1520 | 1520 | 1520 | 0 | 2960 | 2960 | 0 | 466
-1520 | 1520 | 1520 | 0 | 2960 | 2960 | 0 | 467
-1520 | 1520 | 1520 | 0 | 2960 | 2960 | 0 | 468
-1519 | 1519 | 1519 | 0 | 2962 | 2962 | 0 | 469
-1519 | 1519 | 1519 | 0 | 2962 | 2962 | 0 | 470
-1519 | 1519 | 1519 | 0 | 2962 | 2962 | 0 | 471
-1519 | 1519 | 1519 | 0 | 2962 | 2962 | 0 | 472
-1519 | 1519 | 1519 | 0 | 2962 | 2962 | 0 | 473
-1519 | 1519 | 1519 | 0 | 2962 | 2962 | 0 | 474
-1519 | 1519 | 1519 | 0 | 2962 | 2962 | 0 | 475
-1519 | 1519 | 1519 | 0 | 2962 | 2962 | 0 | 476
-1519 | 1519 | 1519 | 0 | 2962 | 2962 | 0 | 477
-1519 | 1519 | 1519 | 0 | 2962 | 2962 | 0 | 478
-1519 | 1519 | 1519 | 0 | 2962 | 2962 | 0 | 479
-1519 | 1519 | 1519 | 0 | 2962 | 2962 | 0 | 480
-1519 | 1519 | 1519 | 0 | 2962 | 2962 | 0 | 481
-1519 | 1519 | 1519 | 0 | 2962 | 2962 | 0 | 482
-1519 | 1519 | 1519 | 0 | 2962 | 2962 | 0 | 483
-1519 | 1519 | 1519 | 0 | 2962 | 2962 | 0 | 484
-1518 | 1518 | 1518 | 0 | 2964 | 2964 | 0 | 485
-1518 | 1518 | 1518 | 0 | 2964 | 2964 | 0 | 486
-1518 | 1518 | 1518 | 0 | 2964 | 2964 | 0 | 487
-1518 | 1518 | 1518 | 0 | 2964 | 2964 | 0 | 488
-1518 | 1518 | 1518 | 0 | 2964 | 2964 | 0 | 489
-1517 | 1517 | 1517 | 0 | 2966 | 2966 | 0 | 490
-1517 | 1517 | 1517 | 0 | 2966 | 2966 | 0 | 491
-1517 | 1517 | 1517 | 0 | 2966 | 2966 | 0 | 492
-1517 | 1517 | 1517 | 0 | 2966 | 2966 | 0 | 493
-1515 | 1515 | 1515 | 0 | 2970 | 2970 | 0 | 494
-1515 | 1515 | 1515 | 0 | 2970 | 2970 | 0 | 495
-1515 | 1515 | 1515 | 0 | 2970 | 2970 | 0 | 496
-1515 | 1515 | 1515 | 0 | 2970 | 2970 | 0 | 497
-1515 | 1515 | 1515 | 0 | 2970 | 2970 | 0 | 498
-1517 | 1517 | 1517 | 0 | 2966 | 2966 | 0 | 499
-1517 | 1517 | 1517 | 0 | 2966 | 2966 | 0 | 500
-1519 | 1519 | 1519 | 0 | 2962 | 2962 | 0 | 501
-1518 | 1518 | 1518 | 0 | 2964 | 2964 | 0 | 502
-1517 | 1517 | 1517 | 0 | 2966 | 2966 | 0 | 503
-1517 | 1517 | 1517 | 0 | 2966 | 2966 | 0 | 504
-1517 | 1517 | 1517 | 0 | 2966 | 2966 | 0 | 505
-1517 | 1517 | 1517 | 0 | 2966 | 2966 | 0 | 506
-1517 | 1517 | 1517 | 0 | 2966 | 2966 | 0 | 507
-1517 | 1517 | 1517 | 0 | 2966 | 2966 | 0 | 508
-1517 | 1517 | 1517 | 0 | 2966 | 2966 | 0 | 509
-1517 | 1517 | 1517 | 0 | 2966 | 2966 | 0 | 510
-1517 | 1517 | 1517 | 0 | 2966 | 2966 | 0 | 511
-1515 | 1515 | 1515 | 0 | 2970 | 2970 | 0 | 512
-1515 | 1515 | 1515 | 0 | 2970 | 2970 | 0 | 513
-1518 | 1518 | 1518 | 0 | 2964 | 2964 | 0 | 514
-1518 | 1518 | 1518 | 0 | 2964 | 2964 | 0 | 515
-1518 | 1518 | 1518 | 0 | 2964 | 2964 | 0 | 516
-1518 | 1518 | 1518 | 0 | 2964 | 2964 | 0 | 517
-1519 | 1519 | 1519 | 0 | 2962 | 2962 | 0 | 518
-1520 | 1520 | 1520 | 0 | 2960 | 2960 | 0 | 519
-1520 | 1520 | 1520 | 0 | 2960 | 2960 | 0 | 520
-1522 | 1522 | 1522 | 0 | 2956 | 2956 | 0 | 521
-1522 | 1522 | 1522 | 0 | 2956 | 2956 | 0 | 522
-1522 | 1522 | 1522 | 0 | 2956 | 2956 | 0 | 523
-1522 | 1522 | 1522 | 0 | 2956 | 2956 | 0 | 524
-1520 | 1520 | 1520 | 0 | 2960 | 2960 | 0 | 525
-1520 | 1520 | 1520 | 0 | 2960 | 2960 | 0 | 526
-1520 | 1520 | 1520 | 0 | 2960 | 2960 | 0 | 527
-1521 | 1521 | 1521 | 0 | 2958 | 2958 | 0 | 528
-1521 | 1521 | 1521 | 0 | 2958 | 2958 | 0 | 529
-1521 | 1521 | 1521 | 0 | 2958 | 2958 | 0 | 530
-1521 | 1521 | 1521 | 0 | 2958 | 2958 | 0 | 531
-1521 | 1521 | 1521 | 0 | 2958 | 2958 | 0 | 532
-1521 | 1521 | 1521 | 0 | 2958 | 2958 | 0 | 533
-1521 | 1521 | 1521 | 0 | 2958 | 2958 | 0 | 534
-1521 | 1521 | 1521 | 0 | 2958 | 2958 | 0 | 535
-1521 | 1521 | 1521 | 0 | 2958 | 2958 | 0 | 536
-1521 | 1521 | 1521 | 0 | 2958 | 2958 | 0 | 537
-1521 | 1521 | 1521 | 0 | 2958 | 2958 | 0 | 538
-1521 | 1521 | 1521 | 0 | 2958 | 2958 | 0 | 539
-1521 | 1521 | 1521 | 0 | 2958 | 2958 | 0 | 540
-1521 | 1521 | 1521 | 0 | 2958 | 2958 | 0 | 541
-1521 | 1521 | 1521 | 0 | 2958 | 2958 | 0 | 542
-1521 | 1521 | 1521 | 0 | 2958 | 2958 | 0 | 543
-1521 | 1521 | 1521 | 0 | 2958 | 2958 | 0 | 544
-1521 | 1521 | 1521 | 0 | 2958 | 2958 | 0 | 545
-1521 | 1521 | 1521 | 0 | 2958 | 2958 | 0 | 546
-1521 | 1521 | 1521 | 0 | 2958 | 2958 | 0 | 547
-1521 | 1521 | 1521 | 0 | 2958 | 2958 | 0 | 548
-1521 | 1521 | 1521 | 0 | 2958 | 2958 | 0 | 549
-1521 | 1521 | 1521 | 0 | 2958 | 2958 | 0 | 550
-1521 | 1521 | 1521 | 0 | 2958 | 2958 | 0 | 551
-1521 | 1521 | 1521 | 0 | 2958 | 2958 | 0 | 552
-1521 | 1521 | 1521 | 0 | 2958 | 2958 | 0 | 553
-1521 | 1521 | 1521 | 0 | 2958 | 2958 | 0 | 554
-1521 | 1521 | 1521 | 0 | 2958 | 2958 | 0 | 555
-1523 | 1523 | 1523 | 0 | 2954 | 2954 | 0 | 556
-1523 | 1523 | 1523 | 0 | 2954 | 2954 | 0 | 557
-1523 | 1523 | 1523 | 0 | 2954 | 2954 | 0 | 558
-1523 | 1523 | 1523 | 0 | 2954 | 2954 | 0 | 559
-1522 | 1522 | 1522 | 0 | 2956 | 2956 | 0 | 560
-1522 | 1522 | 1522 | 0 | 2956 | 2956 | 0 | 561
-1522 | 1522 | 1522 | 0 | 2956 | 2956 | 0 | 562
-1522 | 1522 | 1522 | 0 | 2956 | 2956 | 0 | 563
-1522 | 1522 | 1522 | 0 | 2956 | 2956 | 0 | 564
-1522 | 1522 | 1522 | 0 | 2956 | 2956 | 0 | 565
-1522 | 1522 | 1522 | 0 | 2956 | 2956 | 0 | 566
-1522 | 1522 | 1522 | 0 | 2956 | 2956 | 0 | 567
-1522 | 1522 | 1522 | 0 | 2956 | 2956 | 0 | 568
-1522 | 1522 | 1522 | 0 | 2956 | 2956 | 0 | 569
-1521 | 1521 | 1521 | 0 | 2958 | 2958 | 0 | 570
-1519 | 1519 | 1519 | 0 | 2962 | 2962 | 0 | 571
-1519 | 1519 | 1519 | 0 | 2962 | 2962 | 0 | 572
-1519 | 1519 | 1519 | 0 | 2962 | 2962 | 0 | 573
-1519 | 1519 | 1519 | 0 | 2962 | 2962 | 0 | 574
-1519 | 1519 | 1519 | 0 | 2962 | 2962 | 0 | 575
-1519 | 1519 | 1519 | 0 | 2962 | 2962 | 0 | 576
-1519 | 1519 | 1519 | 0 | 2962 | 2962 | 0 | 577
-1519 | 1519 | 1519 | 0 | 2962 | 2962 | 0 | 578
-1519 | 1519 | 1519 | 0 | 2962 | 2962 | 0 | 579
-1519 | 1519 | 1519 | 0 | 2962 | 2962 | 0 | 580
-1519 | 1519 | 1519 | 0 | 2962 | 2962 | 0 | 581
-1519 | 1519 | 1519 | 0 | 2962 | 2962 | 0 | 582
-1519 | 1519 | 1519 | 0 | 2962 | 2962 | 0 | 583
-1519 | 1519 | 1519 | 0 | 2962 | 2962 | 0 | 584
-1521 | 1521 | 1521 | 0 | 2958 | 2958 | 0 | 585
-1521 | 1521 | 1521 | 0 | 2958 | 2958 | 0 | 586
-1521 | 1521 | 1521 | 0 | 2958 | 2958 | 0 | 587
-1521 | 1521 | 1521 | 0 | 2958 | 2958 | 0 | 588
-1521 | 1521 | 1521 | 0 | 2958 | 2958 | 0 | 589
-1521 | 1521 | 1521 | 0 | 2958 | 2958 | 0 | 590
-1521 | 1521 | 1521 | 0 | 2958 | 2958 | 0 | 591
-1521 | 1521 | 1521 | 0 | 2958 | 2958 | 0 | 592
-1521 | 1521 | 1521 | 0 | 2958 | 2958 | 0 | 593
-1521 | 1521 | 1521 | 0 | 2958 | 2958 | 0 | 594
-1521 | 1521 | 1521 | 0 | 2958 | 2958 | 0 | 595
-1521 | 1521 | 1521 | 0 | 2958 | 2958 | 0 | 596
-1519 | 1519 | 1519 | 0 | 2962 | 2962 | 0 | 597
-1519 | 1519 | 1519 | 0 | 2962 | 2962 | 0 | 598
-1519 | 1519 | 1519 | 0 | 2962 | 2962 | 0 | 599
-1519 | 1519 | 1519 | 0 | 2962 | 2962 | 0 | 600
-1519 | 1519 | 1519 | 0 | 2962 | 2962 | 0 | 601
-1519 | 1519 | 1519 | 0 | 2962 | 2962 | 0 | 602
-1519 | 1519 | 1519 | 0 | 2962 | 2962 | 0 | 603
-1519 | 1519 | 1519 | 0 | 2962 | 2962 | 0 | 604
-1519 | 1519 | 1519 | 0 | 2962 | 2962 | 0 | 605
-1519 | 1519 | 1519 | 0 | 2962 | 2962 | 0 | 606
-1519 | 1519 | 1519 | 0 | 2962 | 2962 | 0 | 607
-1519 | 1519 | 1519 | 0 | 2962 | 2962 | 0 | 608
-1519 | 1519 | 1519 | 0 | 2962 | 2962 | 0 | 609
-1519 | 1519 | 1519 | 0 | 2962 | 2962 | 0 | 610
-1518 | 1518 | 1518 | 0 | 2964 | 2964 | 0 | 611
-1519 | 1519 | 1519 | 0 | 2962 | 2962 | 0 | 612
-1520 | 1520 | 1520 | 0 | 2960 | 2960 | 0 | 613
-1520 | 1520 | 1520 | 0 | 2960 | 2960 | 0 | 614
-1520 | 1520 | 1520 | 0 | 2960 | 2960 | 0 | 615
-1520 | 1520 | 1520 | 0 | 2960 | 2960 | 0 | 616
-1520 | 1520 | 1520 | 0 | 2960 | 2960 | 0 | 617
-1522 | 1522 | 1522 | 0 | 2956 | 2956 | 0 | 618
-1522 | 1522 | 1522 | 0 | 2956 | 2956 | 0 | 619
-1522 | 1522 | 1522 | 0 | 2956 | 2956 | 0 | 620
-1522 | 1522 | 1522 | 0 | 2956 | 2956 | 0 | 621
-1522 | 1522 | 1522 | 0 | 2956 | 2956 | 0 | 622
-1522 | 1522 | 1522 | 0 | 2956 | 2956 | 0 | 623
-1522 | 1522 | 1522 | 0 | 2956 | 2956 | 0 | 624
-1522 | 1522 | 1522 | 0 | 2956 | 2956 | 0 | 625
-1523 | 1523 | 1523 | 0 | 2954 | 2954 | 0 | 626
-1523 | 1523 | 1523 | 0 | 2954 | 2954 | 0 | 627
-1523 | 1523 | 1523 | 0 | 2954 | 2954 | 0 | 628
-1523 | 1523 | 1523 | 0 | 2954 | 2954 | 0 | 629
-1523 | 1523 | 1523 | 0 | 2954 | 2954 | 0 | 630
-1523 | 1523 | 1523 | 0 | 2954 | 2954 | 0 | 631
-1523 | 1523 | 1523 | 0 | 2954 | 2954 | 0 | 632
-1523 | 1523 | 1523 | 0 | 2954 | 2954 | 0 | 633
-1523 | 1523 | 1523 | 0 | 2954 | 2954 | 0 | 634
-1523 | 1523 | 1523 | 0 | 2954 | 2954 | 0 | 635
-1523 | 1523 | 1523 | 0 | 2954 | 2954 | 0 | 636
-1523 | 1523 | 1523 | 0 | 2954 | 2954 | 0 | 637
-1523 | 1523 | 1523 | 0 | 2954 | 2954 | 0 | 638
-1523 | 1523 | 1523 | 0 | 2954 | 2954 | 0 | 639
-1524 | 1524 | 1524 | 0 | 2952 | 2952 | 0 | 640
-1524 | 1524 | 1524 | 0 | 2952 | 2952 | 0 | 641
-1524 | 1524 | 1524 | 0 | 2952 | 2952 | 0 | 642
-1524 | 1524 | 1524 | 0 | 2952 | 2952 | 0 | 643
-1524 | 1524 | 1524 | 0 | 2952 | 2952 | 0 | 644
-1524 | 1524 | 1524 | 0 | 2952 | 2952 | 0 | 645
-1524 | 1524 | 1524 | 0 | 2952 | 2952 | 0 | 646
-1524 | 1524 | 1524 | 0 | 2952 | 2952 | 0 | 647
-1524 | 1524 | 1524 | 0 | 2952 | 2952 | 0 | 648
-1525 | 1525 | 1525 | 0 | 2950 | 2950 | 0 | 649
-1525 | 1525 | 1525 | 0 | 2950 | 2950 | 0 | 650
-1525 | 1525 | 1525 | 0 | 2950 | 2950 | 0 | 651
-1525 | 1525 | 1525 | 0 | 2950 | 2950 | 0 | 652
-1526 | 1526 | 1526 | 0 | 2948 | 2948 | 0 | 653
-1526 | 1526 | 1526 | 0 | 2948 | 2948 | 0 | 654
-1527 | 1527 | 1527 | 0 | 2946 | 2946 | 0 | 655
-1527 | 1527 | 1527 | 0 | 2946 | 2946 | 0 | 656
-1527 | 1527 | 1527 | 0 | 2946 | 2946 | 0 | 657
-1527 | 1527 | 1527 | 0 | 2946 | 2946 | 0 | 658
-1526 | 1526 | 1526 | 0 | 2948 | 2948 | 0 | 659
-1526 | 1526 | 1526 | 0 | 2948 | 2948 | 0 | 660
-1526 | 1526 | 1526 | 0 | 2948 | 2948 | 0 | 661
-1526 | 1526 | 1526 | 0 | 2948 | 2948 | 0 | 662
-1526 | 1526 | 1526 | 0 | 2948 | 2948 | 0 | 663
-1526 | 1526 | 1526 | 0 | 2948 | 2948 | 0 | 664
-1527 | 1527 | 1527 | 0 | 2946 | 2946 | 0 | 665
-1527 | 1527 | 1527 | 0 | 2946 | 2946 | 0 | 666
-1527 | 1527 | 1527 | 0 | 2946 | 2946 | 0 | 667
-1527 | 1527 | 1527 | 0 | 2946 | 2946 | 0 | 668
-1527 | 1527 | 1527 | 0 | 2946 | 2946 | 0 | 669
-1527 | 1527 | 1527 | 0 | 2946 | 2946 | 0 | 670
-1527 | 1527 | 1527 | 0 | 2946 | 2946 | 0 | 671
-1527 | 1527 | 1527 | 0 | 2946 | 2946 | 0 | 672
-1527 | 1527 | 1527 | 0 | 2946 | 2946 | 0 | 673
-1527 | 1527 | 1527 | 0 | 2946 | 2946 | 0 | 674
-1527 | 1527 | 1527 | 0 | 2946 | 2946 | 0 | 675
-1527 | 1527 | 1527 | 0 | 2946 | 2946 | 0 | 676
-1527 | 1527 | 1527 | 0 | 2946 | 2946 | 0 | 677
-1527 | 1527 | 1527 | 0 | 2946 | 2946 | 0 | 678
-1527 | 1527 | 1527 | 0 | 2946 | 2946 | 0 | 679
-1527 | 1527 | 1527 | 0 | 2946 | 2946 | 0 | 680
-1527 | 1527 | 1527 | 0 | 2946 | 2946 | 0 | 681
-1527 | 1527 | 1527 | 0 | 2946 | 2946 | 0 | 682
-1527 | 1527 | 1527 | 0 | 2946 | 2946 | 0 | 683
-1527 | 1527 | 1527 | 0 | 2946 | 2946 | 0 | 684
-1527 | 1527 | 1527 | 0 | 2946 | 2946 | 0 | 685
-1527 | 1527 | 1527 | 0 | 2946 | 2946 | 0 | 686
-1527 | 1527 | 1527 | 0 | 2946 | 2946 | 0 | 687
-1527 | 1527 | 1527 | 0 | 2946 | 2946 | 0 | 688
-1527 | 1527 | 1527 | 0 | 2946 | 2946 | 0 | 689
-1527 | 1527 | 1527 | 0 | 2946 | 2946 | 0 | 690
-1527 | 1527 | 1527 | 0 | 2946 | 2946 | 0 | 691
-1527 | 1527 | 1527 | 0 | 2946 | 2946 | 0 | 692
-1527 | 1527 | 1527 | 0 | 2946 | 2946 | 0 | 693
-1527 | 1527 | 1527 | 0 | 2946 | 2946 | 0 | 694
-1527 | 1527 | 1527 | 0 | 2946 | 2946 | 0 | 695
-1527 | 1527 | 1527 | 0 | 2946 | 2946 | 0 | 696
-1527 | 1527 | 1527 | 0 | 2946 | 2946 | 0 | 697
-1527 | 1527 | 1527 | 0 | 2946 | 2946 | 0 | 698
-1527 | 1527 | 1527 | 0 | 2946 | 2946 | 0 | 699
-1527 | 1527 | 1527 | 0 | 2946 | 2946 | 0 | 700
-1527 | 1527 | 1527 | 0 | 2946 | 2946 | 0 | 701
-1527 | 1527 | 1527 | 0 | 2946 | 2946 | 0 | 702
-1527 | 1527 | 1527 | 0 | 2946 | 2946 | 0 | 703
-1527 | 1527 | 1527 | 0 | 2946 | 2946 | 0 | 704
-1527 | 1527 | 1527 | 0 | 2946 | 2946 | 0 | 705
-1527 | 1527 | 1527 | 0 | 2946 | 2946 | 0 | 706
-1527 | 1527 | 1527 | 0 | 2946 | 2946 | 0 | 707
-1528 | 1528 | 1528 | 0 | 2944 | 2944 | 0 | 708
-1528 | 1528 | 1528 | 0 | 2944 | 2944 | 0 | 709
-1528 | 1528 | 1528 | 0 | 2944 | 2944 | 0 | 710
-1528 | 1528 | 1528 | 0 | 2944 | 2944 | 0 | 711
-1528 | 1528 | 1528 | 0 | 2944 | 2944 | 0 | 712
-1528 | 1528 | 1528 | 0 | 2944 | 2944 | 0 | 713
-1528 | 1528 | 1528 | 0 | 2944 | 2944 | 0 | 714
-1528 | 1528 | 1528 | 0 | 2944 | 2944 | 0 | 715
-1528 | 1528 | 1528 | 0 | 2944 | 2944 | 0 | 716
-1528 | 1528 | 1528 | 0 | 2944 | 2944 | 0 | 717
-1528 | 1528 | 1528 | 0 | 2944 | 2944 | 0 | 718
-1528 | 1528 | 1528 | 0 | 2944 | 2944 | 0 | 719
-1528 | 1528 | 1528 | 0 | 2944 | 2944 | 0 | 720
-1528 | 1528 | 1528 | 0 | 2944 | 2944 | 0 | 721
-1528 | 1528 | 1528 | 0 | 2944 | 2944 | 0 | 722
-1529 | 1529 | 1529 | 0 | 2942 | 2942 | 0 | 723
-1529 | 1529 | 1529 | 0 | 2942 | 2942 | 0 | 724
-1529 | 1529 | 1529 | 0 | 2942 | 2942 | 0 | 725
-1529 | 1529 | 1529 | 0 | 2942 | 2942 | 0 | 726
-1529 | 1529 | 1529 | 0 | 2942 | 2942 | 0 | 727
-1529 | 1529 | 1529 | 0 | 2942 | 2942 | 0 | 728
-1529 | 1529 | 1529 | 0 | 2942 | 2942 | 0 | 729
-1529 | 1529 | 1529 | 0 | 2942 | 2942 | 0 | 730
-1529 | 1529 | 1529 | 0 | 2942 | 2942 | 0 | 731
-1529 | 1529 | 1529 | 0 | 2942 | 2942 | 0 | 732
-1529 | 1529 | 1529 | 0 | 2942 | 2942 | 0 | 733
-1529 | 1529 | 1529 | 0 | 2942 | 2942 | 0 | 734
-1529 | 1529 | 1529 | 0 | 2942 | 2942 | 0 | 735
-1529 | 1529 | 1529 | 0 | 2942 | 2942 | 0 | 736
-1529 | 1529 | 1529 | 0 | 2942 | 2942 | 0 | 737
-1529 | 1529 | 1529 | 0 | 2942 | 2942 | 0 | 738
-1529 | 1529 | 1529 | 0 | 2942 | 2942 | 0 | 739
-1529 | 1529 | 1529 | 0 | 2942 | 2942 | 0 | 740
-1529 | 1529 | 1529 | 0 | 2942 | 2942 | 0 | 741
-1527 | 1527 | 1527 | 0 | 2946 | 2946 | 0 | 742
-1527 | 1527 | 1527 | 0 | 2946 | 2946 | 0 | 743
-1527 | 1527 | 1527 | 0 | 2946 | 2946 | 0 | 744
-1528 | 1528 | 1528 | 0 | 2944 | 2944 | 0 | 745
-1528 | 1528 | 1528 | 0 | 2944 | 2944 | 0 | 746
-1528 | 1528 | 1528 | 0 | 2944 | 2944 | 0 | 747
-1529 | 1529 | 1529 | 0 | 2942 | 2942 | 0 | 748
-1529 | 1529 | 1529 | 0 | 2942 | 2942 | 0 | 749
-1529 | 1529 | 1529 | 0 | 2942 | 2942 | 0 | 750
-1529 | 1529 | 1529 | 0 | 2942 | 2942 | 0 | 751
-1531 | 1531 | 1531 | 0 | 2938 | 2938 | 0 | 752
-1531 | 1531 | 1531 | 0 | 2938 | 2938 | 0 | 753
-1531 | 1531 | 1531 | 0 | 2938 | 2938 | 0 | 754
-1531 | 1531 | 1531 | 0 | 2938 | 2938 | 0 | 755
-1531 | 1531 | 1531 | 0 | 2938 | 2938 | 0 | 756
-1531 | 1531 | 1531 | 0 | 2938 | 2938 | 0 | 757
-1531 | 1531 | 1531 | 0 | 2938 | 2938 | 0 | 758
-1531 | 1531 | 1531 | 0 | 2938 | 2938 | 0 | 759
-1531 | 1531 | 1531 | 0 | 2938 | 2938 | 0 | 760
-1532 | 1532 | 1532 | 0 | 2936 | 2936 | 0 | 761
-1532 | 1532 | 1532 | 0 | 2936 | 2936 | 0 | 762
-1532 | 1532 | 1532 | 0 | 2936 | 2936 | 0 | 763
-1532 | 1532 | 1532 | 0 | 2936 | 2936 | 0 | 764
-1532 | 1532 | 1532 | 0 | 2936 | 2936 | 0 | 765
-1532 | 1532 | 1532 | 0 | 2936 | 2936 | 0 | 766
-1532 | 1532 | 1532 | 0 | 2936 | 2936 | 0 | 767
-1532 | 1532 | 1532 | 0 | 2936 | 2936 | 0 | 768
-1532 | 1532 | 1532 | 0 | 2936 | 2936 | 0 | 769
-1532 | 1532 | 1532 | 0 | 2936 | 2936 | 0 | 770
-1532 | 1532 | 1532 | 0 | 2936 | 2936 | 0 | 771
-1532 | 1532 | 1532 | 0 | 2936 | 2936 | 0 | 772
-1532 | 1532 | 1532 | 0 | 2936 | 2936 | 0 | 773
-1532 | 1532 | 1532 | 0 | 2936 | 2936 | 0 | 774
-1532 | 1532 | 1532 | 0 | 2936 | 2936 | 0 | 775
-1532 | 1532 | 1532 | 0 | 2936 | 2936 | 0 | 776
-1532 | 1532 | 1532 | 0 | 2936 | 2936 | 0 | 777
-1532 | 1532 | 1532 | 0 | 2936 | 2936 | 0 | 778
-1532 | 1532 | 1532 | 0 | 2936 | 2936 | 0 | 779
-1532 | 1532 | 1532 | 0 | 2936 | 2936 | 0 | 780
-1532 | 1532 | 1532 | 0 | 2936 | 2936 | 0 | 781
-1532 | 1532 | 1532 | 0 | 2936 | 2936 | 0 | 782
-1533 | 1533 | 1533 | 0 | 2934 | 2934 | 0 | 783
-1533 | 1533 | 1533 | 0 | 2934 | 2934 | 0 | 784
-1533 | 1533 | 1533 | 0 | 2934 | 2934 | 0 | 785
-1533 | 1533 | 1533 | 0 | 2934 | 2934 | 0 | 786
-1534 | 1534 | 1534 | 0 | 2932 | 2932 | 0 | 787
-1534 | 1534 | 1534 | 0 | 2932 | 2932 | 0 | 788
-1534 | 1534 | 1534 | 0 | 2932 | 2932 | 0 | 789
-1535 | 1535 | 1535 | 0 | 2930 | 2930 | 0 | 790
-1535 | 1535 | 1535 | 0 | 2930 | 2930 | 0 | 791
-1535 | 1535 | 1535 | 0 | 2930 | 2930 | 0 | 792
-1534 | 1534 | 1534 | 0 | 2932 | 2932 | 0 | 793
-1534 | 1534 | 1534 | 0 | 2932 | 2932 | 0 | 794
-1534 | 1534 | 1534 | 0 | 2932 | 2932 | 0 | 795
-1534 | 1534 | 1534 | 0 | 2932 | 2932 | 0 | 796
-1534 | 1534 | 1534 | 0 | 2932 | 2932 | 0 | 797
-1534 | 1534 | 1534 | 0 | 2932 | 2932 | 0 | 798
-1536 | 1536 | 1536 | 0 | 2928 | 2928 | 0 | 799
-1535 | 1535 | 1535 | 0 | 2930 | 2930 | 0 | 800
-1536 | 1536 | 1536 | 0 | 2928 | 2928 | 0 | 801
-1538 | 1538 | 1538 | 0 | 2924 | 2924 | 0 | 802
-1538 | 1538 | 1538 | 0 | 2924 | 2924 | 0 | 803
-1538 | 1538 | 1538 | 0 | 2924 | 2924 | 0 | 804
-1538 | 1538 | 1538 | 0 | 2924 | 2924 | 0 | 805
-1538 | 1538 | 1538 | 0 | 2924 | 2924 | 0 | 806
-1538 | 1538 | 1538 | 0 | 2924 | 2924 | 0 | 807
-1538 | 1538 | 1538 | 0 | 2924 | 2924 | 0 | 808
-1538 | 1538 | 1538 | 0 | 2924 | 2924 | 0 | 809
-1538 | 1538 | 1538 | 0 | 2924 | 2924 | 0 | 810
-1538 | 1538 | 1538 | 0 | 2924 | 2924 | 0 | 811
-1538 | 1538 | 1538 | 0 | 2924 | 2924 | 0 | 812
-1538 | 1538 | 1538 | 0 | 2924 | 2924 | 0 | 813
-1539 | 1539 | 1539 | 0 | 2922 | 2922 | 0 | 814
-1539 | 1539 | 1539 | 0 | 2922 | 2922 | 0 | 815
-1539 | 1539 | 1539 | 0 | 2922 | 2922 | 0 | 816
-1539 | 1539 | 1539 | 0 | 2922 | 2922 | 0 | 817
-1537 | 1537 | 1537 | 0 | 2926 | 2926 | 0 | 818
-1537 | 1537 | 1537 | 0 | 2926 | 2926 | 0 | 819
-1537 | 1537 | 1537 | 0 | 2926 | 2926 | 0 | 820
-1537 | 1537 | 1537 | 0 | 2926 | 2926 | 0 | 821
-1537 | 1537 | 1537 | 0 | 2926 | 2926 | 0 | 822
-1537 | 1537 | 1537 | 0 | 2926 | 2926 | 0 | 823
-1537 | 1537 | 1537 | 0 | 2926 | 2926 | 0 | 824
-1539 | 1539 | 1539 | 0 | 2922 | 2922 | 0 | 825
-1539 | 1539 | 1539 | 0 | 2922 | 2922 | 0 | 826
-1539 | 1539 | 1539 | 0 | 2922 | 2922 | 0 | 827
-1539 | 1539 | 1539 | 0 | 2922 | 2922 | 0 | 828
-1539 | 1539 | 1539 | 0 | 2922 | 2922 | 0 | 829
-1539 | 1539 | 1539 | 0 | 2922 | 2922 | 0 | 830
-1539 | 1539 | 1539 | 0 | 2922 | 2922 | 0 | 831
-1539 | 1539 | 1539 | 0 | 2922 | 2922 | 0 | 832
-1540 | 1540 | 1540 | 0 | 2920 | 2920 | 0 | 833
-1540 | 1540 | 1540 | 0 | 2920 | 2920 | 0 | 834
-1540 | 1540 | 1540 | 0 | 2920 | 2920 | 0 | 835
-1542 | 1542 | 1542 | 0 | 2916 | 2916 | 0 | 836
-1542 | 1542 | 1542 | 0 | 2916 | 2916 | 0 | 837
-1542 | 1542 | 1542 | 0 | 2916 | 2916 | 0 | 838
-1542 | 1542 | 1542 | 0 | 2916 | 2916 | 0 | 839
-1542 | 1542 | 1542 | 0 | 2916 | 2916 | 0 | 840
-1542 | 1542 | 1542 | 0 | 2916 | 2916 | 0 | 841
-1542 | 1542 | 1542 | 0 | 2916 | 2916 | 0 | 842
-1542 | 1542 | 1542 | 0 | 2916 | 2916 | 0 | 843
-1542 | 1542 | 1542 | 0 | 2916 | 2916 | 0 | 844
-1542 | 1542 | 1542 | 0 | 2916 | 2916 | 0 | 845
-1541 | 1541 | 1541 | 0 | 2918 | 2918 | 0 | 846
-1541 | 1541 | 1541 | 0 | 2918 | 2918 | 0 | 847
-1541 | 1541 | 1541 | 0 | 2918 | 2918 | 0 | 848
-1541 | 1541 | 1541 | 0 | 2918 | 2918 | 0 | 849
-1541 | 1541 | 1541 | 0 | 2918 | 2918 | 0 | 850
-1541 | 1541 | 1541 | 0 | 2918 | 2918 | 0 | 851
-1541 | 1541 | 1541 | 0 | 2918 | 2918 | 0 | 852
-1541 | 1541 | 1541 | 0 | 2918 | 2918 | 0 | 853
-1541 | 1541 | 1541 | 0 | 2918 | 2918 | 0 | 854
-1543 | 1543 | 1543 | 0 | 2914 | 2914 | 0 | 855
-1543 | 1543 | 1543 | 0 | 2914 | 2914 | 0 | 856
-1542 | 1542 | 1542 | 0 | 2916 | 2916 | 0 | 857
-1543 | 1543 | 1543 | 0 | 2914 | 2914 | 0 | 858
-1543 | 1543 | 1543 | 0 | 2914 | 2914 | 0 | 859
-1544 | 1544 | 1544 | 0 | 2912 | 2912 | 0 | 860
-1544 | 1544 | 1544 | 0 | 2912 | 2912 | 0 | 861
-1544 | 1544 | 1544 | 0 | 2912 | 2912 | 0 | 862
-1545 | 1545 | 1545 | 0 | 2910 | 2910 | 0 | 863
-1545 | 1545 | 1545 | 0 | 2910 | 2910 | 0 | 864
-1545 | 1545 | 1545 | 0 | 2910 | 2910 | 0 | 865
-1545 | 1545 | 1545 | 0 | 2910 | 2910 | 0 | 866
-1545 | 1545 | 1545 | 0 | 2910 | 2910 | 0 | 867
-1545 | 1545 | 1545 | 0 | 2910 | 2910 | 0 | 868
-1545 | 1545 | 1545 | 0 | 2910 | 2910 | 0 | 869
-1545 | 1545 | 1545 | 0 | 2910 | 2910 | 0 | 870
-1545 | 1545 | 1545 | 0 | 2910 | 2910 | 0 | 871
-1545 | 1545 | 1545 | 0 | 2910 | 2910 | 0 | 872
-1545 | 1545 | 1545 | 0 | 2910 | 2910 | 0 | 873
-1545 | 1545 | 1545 | 0 | 2910 | 2910 | 0 | 874
-1545 | 1545 | 1545 | 0 | 2910 | 2910 | 0 | 875
-1545 | 1545 | 1545 | 0 | 2910 | 2910 | 0 | 876
-1545 | 1545 | 1545 | 0 | 2910 | 2910 | 0 | 877
-1545 | 1545 | 1545 | 0 | 2910 | 2910 | 0 | 878
-1545 | 1545 | 1545 | 0 | 2910 | 2910 | 0 | 879
-1545 | 1545 | 1545 | 0 | 2910 | 2910 | 0 | 880
-1545 | 1545 | 1545 | 0 | 2910 | 2910 | 0 | 881
-1545 | 1545 | 1545 | 0 | 2910 | 2910 | 0 | 882
-1545 | 1545 | 1545 | 0 | 2910 | 2910 | 0 | 883
-1545 | 1545 | 1545 | 0 | 2910 | 2910 | 0 | 884
-1545 | 1545 | 1545 | 0 | 2910 | 2910 | 0 | 885
-1545 | 1545 | 1545 | 0 | 2910 | 2910 | 0 | 886
-1546 | 1546 | 1546 | 0 | 2908 | 2908 | 0 | 887
-1546 | 1546 | 1546 | 0 | 2908 | 2908 | 0 | 888
-1546 | 1546 | 1546 | 0 | 2908 | 2908 | 0 | 889
-1546 | 1546 | 1546 | 0 | 2908 | 2908 | 0 | 890
-1546 | 1546 | 1546 | 0 | 2908 | 2908 | 0 | 891
-1546 | 1546 | 1546 | 0 | 2908 | 2908 | 0 | 892
-1546 | 1546 | 1546 | 0 | 2908 | 2908 | 0 | 893
-1548 | 1548 | 1548 | 0 | 2904 | 2904 | 0 | 894
-1550 | 1550 | 1550 | 0 | 2900 | 2900 | 0 | 895
-1549 | 1549 | 1549 | 0 | 2902 | 2902 | 0 | 896
-1548 | 1548 | 1548 | 0 | 2904 | 2904 | 0 | 897
-1548 | 1548 | 1548 | 0 | 2904 | 2904 | 0 | 898
-1548 | 1548 | 1548 | 0 | 2904 | 2904 | 0 | 899
-1548 | 1548 | 1548 | 0 | 2904 | 2904 | 0 | 900
-1548 | 1548 | 1548 | 0 | 2904 | 2904 | 0 | 901
-1549 | 1549 | 1549 | 0 | 2902 | 2902 | 0 | 902
-1549 | 1549 | 1549 | 0 | 2902 | 2902 | 0 | 903
-1549 | 1549 | 1549 | 0 | 2902 | 2902 | 0 | 904
-1549 | 1549 | 1549 | 0 | 2902 | 2902 | 0 | 905
-1549 | 1549 | 1549 | 0 | 2902 | 2902 | 0 | 906
-1549 | 1549 | 1549 | 0 | 2902 | 2902 | 0 | 907
-1549 | 1549 | 1549 | 0 | 2902 | 2902 | 0 | 908
-1549 | 1549 | 1549 | 0 | 2902 | 2902 | 0 | 909
-1549 | 1549 | 1549 | 0 | 2902 | 2902 | 0 | 910
-1549 | 1549 | 1549 | 0 | 2902 | 2902 | 0 | 911
-1548 | 1548 | 1548 | 0 | 2904 | 2904 | 0 | 912
-1548 | 1548 | 1548 | 0 | 2904 | 2904 | 0 | 913
-1548 | 1548 | 1548 | 0 | 2904 | 2904 | 0 | 914
-1548 | 1548 | 1548 | 0 | 2904 | 2904 | 0 | 915
-1548 | 1548 | 1548 | 0 | 2904 | 2904 | 0 | 916
-1548 | 1548 | 1548 | 0 | 2904 | 2904 | 0 | 917
-1548 | 1548 | 1548 | 0 | 2904 | 2904 | 0 | 918
-1548 | 1548 | 1548 | 0 | 2904 | 2904 | 0 | 919
-1548 | 1548 | 1548 | 0 | 2904 | 2904 | 0 | 920
-1548 | 1548 | 1548 | 0 | 2904 | 2904 | 0 | 921
-1548 | 1548 | 1548 | 0 | 2904 | 2904 | 0 | 922
-1548 | 1548 | 1548 | 0 | 2904 | 2904 | 0 | 923
-1547 | 1547 | 1547 | 0 | 2906 | 2906 | 0 | 924
-1547 | 1547 | 1547 | 0 | 2906 | 2906 | 0 | 925
-1548 | 1548 | 1548 | 0 | 2904 | 2904 | 0 | 926
-1548 | 1548 | 1548 | 0 | 2904 | 2904 | 0 | 927
-1548 | 1548 | 1548 | 0 | 2904 | 2904 | 0 | 928
-1548 | 1548 | 1548 | 0 | 2904 | 2904 | 0 | 929
-1548 | 1548 | 1548 | 0 | 2904 | 2904 | 0 | 930
-1548 | 1548 | 1548 | 0 | 2904 | 2904 | 0 | 931
-1547 | 1547 | 1547 | 0 | 2906 | 2906 | 0 | 932
-1547 | 1547 | 1547 | 0 | 2906 | 2906 | 0 | 933
-1547 | 1547 | 1547 | 0 | 2906 | 2906 | 0 | 934
-1547 | 1547 | 1547 | 0 | 2906 | 2906 | 0 | 935
-1548 | 1548 | 1548 | 0 | 2904 | 2904 | 0 | 936
-1548 | 1548 | 1548 | 0 | 2904 | 2904 | 0 | 937
-1548 | 1548 | 1548 | 0 | 2904 | 2904 | 0 | 938
-1548 | 1548 | 1548 | 0 | 2904 | 2904 | 0 | 939
-1548 | 1548 | 1548 | 0 | 2904 | 2904 | 0 | 940
-1548 | 1548 | 1548 | 0 | 2904 | 2904 | 0 | 941
-1548 | 1548 | 1548 | 0 | 2904 | 2904 | 0 | 942
-1548 | 1548 | 1548 | 0 | 2904 | 2904 | 0 | 943
-1548 | 1548 | 1548 | 0 | 2904 | 2904 | 0 | 944
-1548 | 1548 | 1548 | 0 | 2904 | 2904 | 0 | 945
-1547 | 1547 | 1547 | 0 | 2906 | 2906 | 0 | 946
-1547 | 1547 | 1547 | 0 | 2906 | 2906 | 0 | 947
-1547 | 1547 | 1547 | 0 | 2906 | 2906 | 0 | 948
-1547 | 1547 | 1547 | 0 | 2906 | 2906 | 0 | 949
-1547 | 1547 | 1547 | 0 | 2906 | 2906 | 0 | 950
-1547 | 1547 | 1547 | 0 | 2906 | 2906 | 0 | 951
-1547 | 1547 | 1547 | 0 | 2906 | 2906 | 0 | 952
-1547 | 1547 | 1547 | 0 | 2906 | 2906 | 0 | 953
-1547 | 1547 | 1547 | 0 | 2906 | 2906 | 0 | 954
-1547 | 1547 | 1547 | 0 | 2906 | 2906 | 0 | 955
-1547 | 1547 | 1547 | 0 | 2906 | 2906 | 0 | 956
-1547 | 1547 | 1547 | 0 | 2906 | 2906 | 0 | 957
-1547 | 1547 | 1547 | 0 | 2906 | 2906 | 0 | 958
-1547 | 1547 | 1547 | 0 | 2906 | 2906 | 0 | 959
-1548 | 1548 | 1548 | 0 | 2904 | 2904 | 0 | 960
-1548 | 1548 | 1548 | 0 | 2904 | 2904 | 0 | 961
-1548 | 1548 | 1548 | 0 | 2904 | 2904 | 0 | 962
-1548 | 1548 | 1548 | 0 | 2904 | 2904 | 0 | 963
-1548 | 1548 | 1548 | 0 | 2904 | 2904 | 0 | 964
-1548 | 1548 | 1548 | 0 | 2904 | 2904 | 0 | 965
-1550 | 1550 | 1550 | 0 | 2900 | 2900 | 0 | 966
-1550 | 1550 | 1550 | 0 | 2900 | 2900 | 0 | 967
-1551 | 1551 | 1551 | 0 | 2898 | 2898 | 0 | 968
-1551 | 1551 | 1551 | 0 | 2898 | 2898 | 0 | 969
-1551 | 1551 | 1551 | 0 | 2898 | 2898 | 0 | 970
-1551 | 1551 | 1551 | 0 | 2898 | 2898 | 0 | 971
-1551 | 1551 | 1551 | 0 | 2898 | 2898 | 0 | 972
-1551 | 1551 | 1551 | 0 | 2898 | 2898 | 0 | 973
-1551 | 1551 | 1551 | 0 | 2898 | 2898 | 0 | 974
-1551 | 1551 | 1551 | 0 | 2898 | 2898 | 0 | 975
-1551 | 1551 | 1551 | 0 | 2898 | 2898 | 0 | 976
-1552 | 1552 | 1552 | 0 | 2896 | 2896 | 0 | 977
-1552 | 1552 | 1552 | 0 | 2896 | 2896 | 0 | 978
-1552 | 1552 | 1552 | 0 | 2896 | 2896 | 0 | 979
-1553 | 1553 | 1553 | 0 | 2894 | 2894 | 0 | 980
-1553 | 1553 | 1553 | 0 | 2894 | 2894 | 0 | 981
-1553 | 1553 | 1553 | 0 | 2894 | 2894 | 0 | 982
-1553 | 1553 | 1553 | 0 | 2894 | 2894 | 0 | 983
-1553 | 1553 | 1553 | 0 | 2894 | 2894 | 0 | 984
-1553 | 1553 | 1553 | 0 | 2894 | 2894 | 0 | 985
-1553 | 1553 | 1553 | 0 | 2894 | 2894 | 0 | 986
-1553 | 1553 | 1553 | 0 | 2894 | 2894 | 0 | 987
-1553 | 1553 | 1553 | 0 | 2894 | 2894 | 0 | 988
-1553 | 1553 | 1553 | 0 | 2894 | 2894 | 0 | 989
-1554 | 1554 | 1554 | 0 | 2892 | 2892 | 0 | 990
-1554 | 1554 | 1554 | 0 | 2892 | 2892 | 0 | 991
-1554 | 1554 | 1554 | 0 | 2892 | 2892 | 0 | 992
-1554 | 1554 | 1554 | 0 | 2892 | 2892 | 0 | 993
-1554 | 1554 | 1554 | 0 | 2892 | 2892 | 0 | 994
-1554 | 1554 | 1554 | 0 | 2892 | 2892 | 0 | 995
-1554 | 1554 | 1554 | 0 | 2892 | 2892 | 0 | 996
-1554 | 1554 | 1554 | 0 | 2892 | 2892 | 0 | 997
-1557 | 1557 | 1557 | 0 | 2886 | 2886 | 0 | 998
-1558 | 1558 | 1558 | 0 | 2884 | 2884 | 0 | 999
-1558 | 1558 | 1558 | 0 | 2884 | 2884 | 0 | 1000
