START for Step 0.
0 | 0 | 0 | 0 | 0 | 0 | 
0 | 0 | 0 | 0 | 0 | 
0 | 0 | 0 | 0 | 
0 | 0 | 0 | 0 | 0 | 
0 | 0 | 0 | 0 | 0 | 
0 | 0 | 0 | 0 | 
0 | 0 | 0 | 0 | 0 | 
0 | 0 | 0 | 0 | 0 | 0 | 
END. 
START for Step 1.
0 | 0 | 0 | 0 | 0 | 0 | 
0 | 0 | 0 | 0 | 0 | 
0 | 0 | 0 | 0 | 
0 | 0 | 0 | 0 | 0 | 
0 | 0 | 0 | 0 | 0 | 
0 | 0 | 0 | 0 | 
0 | 0 | 0 | 0 | 0 | 
0 | 0 | 0 | 0 | 0 | 0 | 
END. 
START for Step 2.
0 | 0 | 0 | 0 | 0 | 0 | 
0 | 0 | 0 | 0 | 0 | 
0 | 0 | 0 | 0 | 
0 | 0 | 0 | 0 | 0 | 
0 | 0 | 0 | 0 | 0 | 
0 | 0 | 0 | 0 | 
0 | 0 | 0 | 0 | 0 | 
0 | 0 | 0 | 0 | 0 | 0 | 
END. 
