-1056 | 124 | 352 | 0 | 0
-1056 | 124 | 352 | 0 | 1
-1056 | 124 | 352 | 0 | 2
-1056 | 124 | 352 | 0 | 3
-1056 | 124 | 352 | 0 | 4
-1056 | 124 | 352 | 0 | 5
-1056 | 124 | 352 | 0 | 6
-1056 | 124 | 352 | 0 | 7
-1056 | 124 | 352 | 0 | 8
-1056 | 124 | 352 | 0 | 9
-1056 | 124 | 352 | 0 | 10
-1056 | 124 | 352 | 0 | 11
-1056 | 124 | 352 | 0 | 12
-1062 | 123 | 354 | 0 | 13
-1062 | 123 | 354 | 0 | 14
-1062 | 123 | 354 | 0 | 15
-1062 | 123 | 354 | 0 | 16
-1062 | 123 | 354 | 0 | 17
-1062 | 123 | 354 | 0 | 18
-1062 | 123 | 354 | 0 | 19
-1062 | 123 | 354 | 0 | 20
-1062 | 123 | 354 | 0 | 21
-1062 | 123 | 354 | 0 | 22
-1068 | 122 | 356 | 0 | 23
-1068 | 122 | 356 | 0 | 24
-1068 | 122 | 356 | 0 | 25
-1068 | 122 | 356 | 0 | 26
-1068 | 122 | 356 | 0 | 27
-1068 | 122 | 356 | 0 | 28
-1068 | 122 | 356 | 0 | 29
-1068 | 122 | 356 | 0 | 30
-1068 | 122 | 356 | 0 | 31
-1068 | 122 | 356 | 0 | 32
-1068 | 122 | 356 | 0 | 33
-1068 | 122 | 356 | 0 | 34
-1098 | 117 | 366 | 0 | 35
-1098 | 117 | 366 | 0 | 36
-1098 | 117 | 366 | 0 | 37
-1098 | 117 | 366 | 0 | 38
-1098 | 117 | 366 | 0 | 39
-1098 | 117 | 366 | 0 | 40
-1098 | 117 | 366 | 0 | 41
-1098 | 117 | 366 | 0 | 42
-1110 | 115 | 370 | 0 | 43
-1110 | 115 | 370 | 0 | 44
-1110 | 115 | 370 | 0 | 45
-1110 | 115 | 370 | 0 | 46
-1110 | 115 | 370 | 0 | 47
-1110 | 115 | 370 | 0 | 48
-1110 | 115 | 370 | 0 | 49
-1110 | 115 | 370 | 0 | 50
-1110 | 115 | 370 | 0 | 51
-1110 | 115 | 370 | 0 | 52
-1116 | 114 | 372 | 0 | 53
-1116 | 114 | 372 | 0 | 54
-1116 | 114 | 372 | 0 | 55
-1116 | 114 | 372 | 0 | 56
-1116 | 114 | 372 | 0 | 57
-1116 | 114 | 372 | 0 | 58
-1116 | 114 | 372 | 0 | 59
-1116 | 114 | 372 | 0 | 60
-1116 | 114 | 372 | 0 | 61
-1116 | 114 | 372 | 0 | 62
-1116 | 114 | 372 | 0 | 63
-1116 | 114 | 372 | 0 | 64
-1122 | 113 | 374 | 0 | 65
-1122 | 113 | 374 | 0 | 66
-1122 | 113 | 374 | 0 | 67
-1122 | 113 | 374 | 0 | 68
-1122 | 113 | 374 | 0 | 69
-1122 | 113 | 374 | 0 | 70
-1122 | 113 | 374 | 0 | 71
-1122 | 113 | 374 | 0 | 72
-1122 | 113 | 374 | 0 | 73
-1122 | 113 | 374 | 0 | 74
-1122 | 113 | 374 | 0 | 75
-1122 | 113 | 374 | 0 | 76
-1122 | 113 | 374 | 0 | 77
-1122 | 113 | 374 | 0 | 78
-1122 | 113 | 374 | 0 | 79
-1122 | 113 | 374 | 0 | 80
-1122 | 113 | 374 | 0 | 81
-1122 | 113 | 374 | 0 | 82
-1122 | 113 | 374 | 0 | 83
-1122 | 113 | 374 | 0 | 84
-1122 | 113 | 374 | 0 | 85
-1122 | 113 | 374 | 0 | 86
-1122 | 113 | 374 | 0 | 87
-1122 | 113 | 374 | 0 | 88
-1122 | 113 | 374 | 0 | 89
-1122 | 113 | 374 | 0 | 90
-1122 | 113 | 374 | 0 | 91
-1122 | 113 | 374 | 0 | 92
-1122 | 113 | 374 | 0 | 93
-1122 | 113 | 374 | 0 | 94
-1122 | 113 | 374 | 0 | 95
-1122 | 113 | 374 | 0 | 96
-1122 | 113 | 374 | 0 | 97
-1122 | 113 | 374 | 0 | 98
-1128 | 112 | 376 | 0 | 99
-1128 | 112 | 376 | 0 | 100
-1128 | 112 | 376 | 0 | 101
-1128 | 112 | 376 | 0 | 102
-1128 | 112 | 376 | 0 | 103
-1128 | 112 | 376 | 0 | 104
-1128 | 112 | 376 | 0 | 105
-1128 | 112 | 376 | 0 | 106
-1128 | 112 | 376 | 0 | 107
-1128 | 112 | 376 | 0 | 108
-1128 | 112 | 376 | 0 | 109
-1128 | 112 | 376 | 0 | 110
-1128 | 112 | 376 | 0 | 111
-1128 | 112 | 376 | 0 | 112
-1128 | 112 | 376 | 0 | 113
-1128 | 112 | 376 | 0 | 114
-1128 | 112 | 376 | 0 | 115
-1128 | 112 | 376 | 0 | 116
-1128 | 112 | 376 | 0 | 117
-1128 | 112 | 376 | 0 | 118
-1128 | 112 | 376 | 0 | 119
-1128 | 112 | 376 | 0 | 120
-1128 | 112 | 376 | 0 | 121
-1128 | 112 | 376 | 0 | 122
-1128 | 112 | 376 | 0 | 123
-1128 | 112 | 376 | 0 | 124
-1128 | 112 | 376 | 0 | 125
-1128 | 112 | 376 | 0 | 126
-1128 | 112 | 376 | 0 | 127
-1128 | 112 | 376 | 0 | 128
-1128 | 112 | 376 | 0 | 129
-1128 | 112 | 376 | 0 | 130
-1128 | 112 | 376 | 0 | 131
-1128 | 112 | 376 | 0 | 132
-1128 | 112 | 376 | 0 | 133
-1128 | 112 | 376 | 0 | 134
-1128 | 112 | 376 | 0 | 135
-1128 | 112 | 376 | 0 | 136
-1128 | 112 | 376 | 0 | 137
-1128 | 112 | 376 | 0 | 138
-1128 | 112 | 376 | 0 | 139
-1128 | 112 | 376 | 0 | 140
-1128 | 112 | 376 | 0 | 141
-1128 | 112 | 376 | 0 | 142
-1128 | 112 | 376 | 0 | 143
-1128 | 112 | 376 | 0 | 144
-1128 | 112 | 376 | 0 | 145
-1128 | 112 | 376 | 0 | 146
-1128 | 112 | 376 | 0 | 147
-1128 | 112 | 376 | 0 | 148
-1128 | 112 | 376 | 0 | 149
-1128 | 112 | 376 | 0 | 150
-1128 | 112 | 376 | 0 | 151
-1128 | 112 | 376 | 0 | 152
-1128 | 112 | 376 | 0 | 153
-1128 | 112 | 376 | 0 | 154
-1128 | 112 | 376 | 0 | 155
-1128 | 112 | 376 | 0 | 156
-1128 | 112 | 376 | 0 | 157
-1128 | 112 | 376 | 0 | 158
-1128 | 112 | 376 | 0 | 159
-1128 | 112 | 376 | 0 | 160
-1128 | 112 | 376 | 0 | 161
-1128 | 112 | 376 | 0 | 162
-1128 | 112 | 376 | 0 | 163
-1128 | 112 | 376 | 0 | 164
-1128 | 112 | 376 | 0 | 165
-1128 | 112 | 376 | 0 | 166
-1128 | 112 | 376 | 0 | 167
-1128 | 112 | 376 | 0 | 168
-1128 | 112 | 376 | 0 | 169
-1128 | 112 | 376 | 0 | 170
-1128 | 112 | 376 | 0 | 171
-1128 | 112 | 376 | 0 | 172
-1128 | 112 | 376 | 0 | 173
-1128 | 112 | 376 | 0 | 174
-1128 | 112 | 376 | 0 | 175
-1128 | 112 | 376 | 0 | 176
-1128 | 112 | 376 | 0 | 177
-1128 | 112 | 376 | 0 | 178
-1128 | 112 | 376 | 0 | 179
-1128 | 112 | 376 | 0 | 180
-1128 | 112 | 376 | 0 | 181
-1128 | 112 | 376 | 0 | 182
-1128 | 112 | 376 | 0 | 183
-1128 | 112 | 376 | 0 | 184
-1128 | 112 | 376 | 0 | 185
-1128 | 112 | 376 | 0 | 186
-1128 | 112 | 376 | 0 | 187
-1128 | 112 | 376 | 0 | 188
-1128 | 112 | 376 | 0 | 189
-1128 | 112 | 376 | 0 | 190
-1128 | 112 | 376 | 0 | 191
-1128 | 112 | 376 | 0 | 192
-1128 | 112 | 376 | 0 | 193
-1128 | 112 | 376 | 0 | 194
-1128 | 112 | 376 | 0 | 195
-1128 | 112 | 376 | 0 | 196
-1128 | 112 | 376 | 0 | 197
-1128 | 112 | 376 | 0 | 198
-1128 | 112 | 376 | 0 | 199
-1128 | 112 | 376 | 0 | 200
-1128 | 112 | 376 | 0 | 201
-1128 | 112 | 376 | 0 | 202
-1128 | 112 | 376 | 0 | 203
-1128 | 112 | 376 | 0 | 204
-1128 | 112 | 376 | 0 | 205
-1128 | 112 | 376 | 0 | 206
-1128 | 112 | 376 | 0 | 207
-1128 | 112 | 376 | 0 | 208
-1128 | 112 | 376 | 0 | 209
-1128 | 112 | 376 | 0 | 210
-1128 | 112 | 376 | 0 | 211
-1128 | 112 | 375 | 1 | 212
-1128 | 112 | 375 | 1 | 213
-1128 | 112 | 375 | 1 | 214
-1128 | 112 | 375 | 1 | 215
-1128 | 112 | 375 | 1 | 216
-1128 | 112 | 375 | 1 | 217
-1128 | 112 | 375 | 1 | 218
-1128 | 112 | 375 | 1 | 219
-1128 | 112 | 375 | 1 | 220
-1128 | 112 | 376 | 0 | 221
-1128 | 112 | 376 | 0 | 222
-1128 | 112 | 376 | 0 | 223
-1128 | 112 | 376 | 0 | 224
-1128 | 112 | 376 | 0 | 225
-1128 | 112 | 376 | 0 | 226
-1128 | 112 | 376 | 0 | 227
-1128 | 112 | 376 | 0 | 228
-1128 | 112 | 376 | 0 | 229
-1128 | 112 | 376 | 0 | 230
-1128 | 112 | 376 | 0 | 231
-1128 | 112 | 376 | 0 | 232
-1128 | 112 | 376 | 0 | 233
-1128 | 112 | 376 | 0 | 234
-1128 | 112 | 376 | 0 | 235
-1128 | 112 | 376 | 0 | 236
-1128 | 112 | 376 | 0 | 237
-1128 | 112 | 376 | 0 | 238
-1128 | 112 | 376 | 0 | 239
-1128 | 112 | 376 | 0 | 240
-1128 | 112 | 376 | 0 | 241
-1128 | 112 | 376 | 0 | 242
-1128 | 112 | 376 | 0 | 243
-1128 | 112 | 376 | 0 | 244
-1128 | 112 | 376 | 0 | 245
-1128 | 112 | 376 | 0 | 246
-1128 | 112 | 376 | 0 | 247
-1128 | 112 | 376 | 0 | 248
-1128 | 112 | 376 | 0 | 249
-1134 | 111 | 378 | 0 | 250
-1134 | 111 | 378 | 0 | 251
-1134 | 111 | 378 | 0 | 252
-1134 | 111 | 378 | 0 | 253
-1134 | 111 | 378 | 0 | 254
-1134 | 111 | 378 | 0 | 255
-1134 | 111 | 378 | 0 | 256
-1134 | 111 | 378 | 0 | 257
-1134 | 111 | 378 | 0 | 258
-1134 | 111 | 378 | 0 | 259
-1134 | 111 | 378 | 0 | 260
-1140 | 110 | 380 | 0 | 261
-1140 | 110 | 380 | 0 | 262
-1140 | 110 | 380 | 0 | 263
-1140 | 110 | 380 | 0 | 264
-1140 | 110 | 380 | 0 | 265
-1140 | 110 | 380 | 0 | 266
-1140 | 110 | 380 | 0 | 267
-1140 | 110 | 380 | 0 | 268
-1140 | 110 | 380 | 0 | 269
-1140 | 110 | 380 | 0 | 270
-1140 | 110 | 380 | 0 | 271
-1140 | 110 | 380 | 0 | 272
-1140 | 110 | 380 | 0 | 273
-1140 | 110 | 380 | 0 | 274
-1140 | 110 | 380 | 0 | 275
-1140 | 110 | 380 | 0 | 276
-1140 | 110 | 380 | 0 | 277
-1140 | 110 | 380 | 0 | 278
-1140 | 110 | 380 | 0 | 279
-1140 | 110 | 380 | 0 | 280
-1140 | 110 | 380 | 0 | 281
-1140 | 110 | 380 | 0 | 282
-1140 | 110 | 380 | 0 | 283
-1140 | 110 | 380 | 0 | 284
-1140 | 110 | 380 | 0 | 285
-1140 | 110 | 380 | 0 | 286
-1140 | 110 | 380 | 0 | 287
-1140 | 110 | 380 | 0 | 288
-1140 | 110 | 380 | 0 | 289
-1140 | 110 | 380 | 0 | 290
-1140 | 110 | 380 | 0 | 291
-1140 | 110 | 380 | 0 | 292
-1140 | 110 | 380 | 0 | 293
-1140 | 110 | 380 | 0 | 294
-1140 | 110 | 380 | 0 | 295
-1140 | 110 | 380 | 0 | 296
-1140 | 110 | 380 | 0 | 297
-1140 | 110 | 380 | 0 | 298
-1140 | 110 | 380 | 0 | 299
-1140 | 110 | 380 | 0 | 300
-1140 | 110 | 380 | 0 | 301
-1140 | 110 | 380 | 0 | 302
-1140 | 110 | 380 | 0 | 303
-1140 | 110 | 380 | 0 | 304
-1140 | 110 | 380 | 0 | 305
-1140 | 110 | 380 | 0 | 306
-1140 | 110 | 380 | 0 | 307
-1140 | 110 | 380 | 0 | 308
-1140 | 110 | 380 | 0 | 309
-1140 | 110 | 380 | 0 | 310
-1140 | 110 | 380 | 0 | 311
-1140 | 110 | 380 | 0 | 312
-1140 | 110 | 380 | 0 | 313
-1140 | 110 | 380 | 0 | 314
-1140 | 110 | 380 | 0 | 315
-1140 | 110 | 380 | 0 | 316
-1140 | 110 | 380 | 0 | 317
-1140 | 110 | 380 | 0 | 318
-1140 | 110 | 380 | 0 | 319
-1140 | 110 | 380 | 0 | 320
-1140 | 110 | 380 | 0 | 321
-1140 | 110 | 380 | 0 | 322
-1140 | 110 | 380 | 0 | 323
-1140 | 110 | 380 | 0 | 324
-1140 | 110 | 380 | 0 | 325
-1140 | 110 | 380 | 0 | 326
-1140 | 110 | 380 | 0 | 327
-1140 | 110 | 380 | 0 | 328
-1140 | 110 | 380 | 0 | 329
-1140 | 110 | 380 | 0 | 330
-1140 | 110 | 380 | 0 | 331
-1140 | 110 | 380 | 0 | 332
-1140 | 110 | 380 | 0 | 333
-1140 | 110 | 380 | 0 | 334
-1140 | 110 | 380 | 0 | 335
-1140 | 110 | 380 | 0 | 336
-1140 | 110 | 380 | 0 | 337
-1140 | 110 | 380 | 0 | 338
-1140 | 110 | 380 | 0 | 339
-1140 | 110 | 380 | 0 | 340
-1140 | 110 | 380 | 0 | 341
-1140 | 110 | 380 | 0 | 342
-1140 | 110 | 380 | 0 | 343
-1140 | 110 | 380 | 0 | 344
-1140 | 110 | 380 | 0 | 345
-1140 | 110 | 380 | 0 | 346
-1140 | 110 | 380 | 0 | 347
-1140 | 110 | 380 | 0 | 348
-1140 | 110 | 380 | 0 | 349
-1140 | 110 | 380 | 0 | 350
-1140 | 110 | 380 | 0 | 351
-1140 | 110 | 380 | 0 | 352
-1140 | 110 | 380 | 0 | 353
-1140 | 110 | 380 | 0 | 354
