START POLYMER 0
0 0 0
0 0 5001
0 5001 5001
0 5001 5000
0 5000 5000
0 5000 5001
1 5000 5001
1 5000 5000
1 5000 4999
1 5000 4998
1 4999 4998
0 4999 4998
0 5000 4998
5001 5000 4998
5000 5000 4998
5000 4999 4998
5000 4999 4997
5001 4999 4997
5001 4999 4996
5001 5000 4996
5001 5000 4997
0 5000 4997
1 5000 4997
1 5000 4996
1 5001 4996
1 5001 4997
1 0 4997
1 1 4997
1 2 4997
2 2 4997
2 3 4997
3 3 4997
3 3 4996
3 4 4996
2 4 4996
2 3 4996
2 2 4996
2 2 4995
2 2 4994
2 3 4994
3 3 4994
3 3 4995
3 4 4995
2 4 4995
2 3 4995
1 3 4995
1 3 4996
1 2 4996
0 2 4996
0 2 4997
5001 2 4997
5000 2 4997
5000 2 4996
5000 2 4995
5001 2 4995
5001 1 4995
5001 0 4995
5000 0 4995
5000 0 4994
5000 5001 4994
5000 5001 4993
4999 5001 4993
4999 5000 4993
4999 4999 4993
4999 4998 4993
4999 4997 4993
5000 4997 4993
5000 4997 4994
5000 4998 4994
5000 4998 4993
5001 4998 4993
5001 4998 4992
0 4998 4992
0 4997 4992
5001 4997 4992
5001 4997 4993
5001 4997 4994
5001 4998 4994
5001 4998 4995
0 4998 4995
0 4999 4995
5001 4999 4995
5001 4999 4994
5000 4999 4994
5000 4999 4993
5000 5000 4993
5001 5000 4993
5001 5001 4993
5001 5001 4992
5001 5000 4992
5001 5000 4991
0 5000 4991
1 5000 4991
1 5001 4991
0 5001 4991
0 0 4991
5001 0 4991
5001 0 4992
0 0 4992
0 1 4992
5001 1 4992
5000 1 4992
5000 2 4992
5000 2 4991
4999 2 4991
4999 3 4991
4999 3 4992
4998 3 4992
4998 3 4991
4998 2 4991
4998 1 4991
4998 1 4990
4998 1 4989
4997 1 4989
4997 0 4989
4997 5001 4989
4997 5000 4989
4996 5000 4989
4996 5001 4989
4996 0 4989
4996 1 4989
4995 1 4989
4995 1 4988
4995 0 4988
4995 0 4989
4995 5001 4989
4995 5000 4989
4995 5000 4988
4995 5001 4988
4995 5001 4987
4995 0 4987
4994 0 4987
4994 5001 4987
4994 5000 4987
4994 5000 4986
4995 5000 4986
4995 5001 4986
4994 5001 4986
4993 5001 4986
4993 0 4986
4993 0 4987
4993 1 4987
4993 1 4988
4993 2 4988
4993 2 4987
4993 2 4986
4994 2 4986
4994 3 4986
4994 3 4987
4994 2 4987
4995 2 4987
4995 3 4987
4995 3 4988
4995 3 4989
4994 3 4989
4994 3 4988
4994 2 4988
4994 1 4988
4994 0 4988
4993 0 4988
4992 0 4988
4992 0 4989
4992 1 4989
4992 1 4988
4992 1 4987
4992 2 4987
4992 3 4987
4992 3 4988
4991 3 4988
4991 2 4988
4991 2 4989
4991 1 4989
4991 1 4990
4991 0 4990
4991 5001 4990
4991 5000 4990
4991 5000 4991
4991 4999 4991
4991 4999 4990
4990 4999 4990
4989 4999 4990
4989 4999 4989
4989 4998 4989
4989 4998 4990
4990 4998 4990
4990 4997 4990
4989 4997 4990
4989 4997 4989
4989 4997 4988
4989 4998 4988
4989 4998 4987
4989 4997 4987
4990 4997 4987
4990 4996 4987
4990 4996 4988
4991 4996 4988
4991 4996 4987
4992 4996 4987
4992 4996 4988
4992 4996 4989
4993 4996 4989
4993 4996 4988
4993 4995 4988
4992 4995 4988
4992 4995 4987
4992 4995 4986
4992 4996 4986
4992 4996 4985
4992 4996 4984
4992 4995 4984
4993 4995 4984
4993 4994 4984
4992 4994 4984
4992 4994 4985
4992 4994 4986
4992 4993 4986
4992 4993 4987
4992 4994 4987
4993 4994 4987
4994 4994 4987
4994 4994 4986
4994 4995 4986
4994 4996 4986
4994 4997 4986
4994 4997 4987
4993 4997 4987
4993 4996 4987
4993 4996 4986
4993 4995 4986
4993 4995 4985
4993 4994 4985
4993 4993 4985
4993 4992 4985
4993 4992 4984
4994 4992 4984
4994 4992 4983
4994 4993 4983
4994 4993 4984
4995 4993 4984
4996 4993 4984
4996 4992 4984
4996 4992 4985
4996 4991 4985
4996 4990 4985
4996 4990 4984
4996 4990 4983
4996 4990 4982
4997 4990 4982
4998 4990 4982
4998 4990 4981
4998 4990 4980
4998 4990 4979
4998 4990 4978
4999 4990 4978
4999 4990 4977
4999 4991 4977
4999 4991 4978
5000 4991 4978
5001 4991 4978
5001 4992 4978
5000 4992 4978
5000 4992 4977
5000 4991 4977
5000 4990 4977
5000 4990 4978
5001 4990 4978
5001 4990 4977
5001 4991 4977
5001 4991 4976
5001 4992 4976
0 4992 4976
1 4992 4976
2 4992 4976
3 4992 4976
3 4992 4977
3 4992 4978
4 4992 4978
5 4992 4978
5 4992 4979
5 4992 4980
4 4992 4980
4 4991 4980
4 4990 4980
3 4990 4980
2 4990 4980
2 4991 4980
3 4991 4980
3 4991 4979
4 4991 4979
4 4990 4979
5 4990 4979
6 4990 4979
6 4990 4978
6 4989 4978
6 4989 4979
7 4989 4979
7 4989 4980
7 4990 4980
7 4990 4981
8 4990 4981
8 4990 4980
8 4991 4980
9 4991 4980
10 4991 4980
10 4992 4980
9 4992 4980
9 4993 4980
10 4993 4980
10 4994 4980
10 4995 4980
10 4995 4979
9 4995 4979
8 4995 4979
7 4995 4979
7 4995 4978
7 4996 4978
7 4997 4978
7 4997 4979
6 4997 4979
6 4997 4980
7 4997 4980
8 4997 4980
8 4996 4980
8 4995 4980
8 4995 4981
8 4995 4982
9 4995 4982
9 4995 4983
9 4996 4983
8 4996 4983
8 4996 4984
8 4997 4984
9 4997 4984
9 4996 4984
9 4996 4985
9 4995 4985
9 4994 4985
10 4994 4985
10 4994 4986
9 4994 4986
8 4994 4986
8 4994 4987
9 4994 4987
9 4993 4987
9 4993 4988
9 4992 4988
8 4992 4988
8 4993 4988
8 4994 4988
7 4994 4988
7 4994 4989
8 4994 4989
8 4993 4989
8 4992 4989
8 4991 4989
8 4991 4988
8 4990 4988
9 4990 4988
9 4989 4988
8 4989 4988
8 4989 4987
8 4989 4986
8 4988 4986
8 4988 4985
8 4989 4985
8 4989 4984
8 4990 4984
9 4990 4984
9 4989 4984
9 4988 4984
8 4988 4984
8 4988 4983
8 4989 4983
8 4989 4982
8 4988 4982
8 4988 4981
7 4988 4981
7 4987 4981
7 4987 4982
8 4987 4982
8 4987 4981
8 4987 4980
7 4987 4980
7 4988 4980
8 4988 4980
8 4988 4979
9 4988 4979
9 4989 4979
9 4989 4980
8 4989 4980
8 4989 4979
8 4990 4979
8 4990 4978
8 4991 4978
8 4991 4977
9 4991 4977
10 4991 4977
10 4992 4977
9 4992 4977
9 4992 4976
10 4992 4976
10 4993 4976
10 4993 4975
10 4994 4975
10 4995 4975
10 4996 4975
10 4997 4975
10 4997 4974
10 4997 4973
10 4997 4972
10 4996 4972
11 4996 4972
12 4996 4972
13 4996 4972
13 4997 4972
13 4997 4971
13 4998 4971
13 4998 4972
12 4998 4972
12 4999 4972
12 4999 4971
11 4999 4971
11 4998 4971
11 4997 4971
11 4996 4971
10 4996 4971
10 4996 4970
11 4996 4970
11 4997 4970
11 4998 4970
11 4998 4969
11 4998 4968
11 4997 4968
11 4997 4969
12 4997 4969
12 4997 4970
12 4996 4970
12 4996 4969
12 4996 4968
13 4996 4968
13 4996 4969
14 4996 4969
14 4997 4969
13 4997 4969
13 4998 4969
14 4998 4969
14 4998 4970
13 4998 4970
12 4998 4970
12 4998 4971
12 4997 4971
12 4996 4971
13 4996 4971
13 4995 4971
14 4995 4971
14 4994 4971
14 4994 4970
14 4993 4970
13 4993 4970
13 4993 4969
13 4993 4968
12 4993 4968
12 4992 4968
12 4991 4968
12 4991 4969
12 4992 4969
12 4992 4970
12 4991 4970
11 4991 4970
11 4991 4969
11 4992 4969
11 4992 4970
10 4992 4970
9 4992 4970
9 4993 4970
8 4993 4970
8 4993 4969
7 4993 4969
7 4994 4969
7 4995 4969
6 4995 4969
6 4996 4969
6 4997 4969
6 4997 4968
6 4996 4968
6 4995 4968
5 4995 4968
5 4996 4968
4 4996 4968
4 4996 4967
3 4996 4967
3 4995 4967
3 4995 4968
4 4995 4968
4 4994 4968
4 4994 4969
4 4995 4969
4 4996 4969
4 4997 4969
5 4997 4969
5 4997 4970
5 4996 4970
5 4996 4969
5 4995 4969
5 4994 4969
5 4994 4968
5 4993 4968
6 4993 4968
6 4994 4968
6 4994 4969
6 4994 4970
7 4994 4970
7 4995 4970
7 4995 4971
7 4994 4971
7 4994 4972
6 4994 4972
5 4994 4972
4 4994 4972
4 4995 4972
3 4995 4972
3 4996 4972
3 4996 4971
3 4996 4970
2 4996 4970
1 4996 4970
1 4995 4970
2 4995 4970
2 4995 4971
1 4995 4971
1 4995 4972
1 4994 4972
1 4994 4973
1 4994 4974
1 4995 4974
1 4995 4973
1 4996 4973
0 4996 4973
0 4996 4974
0 4996 4975
1 4996 4975
2 4996 4975
3 4996 4975
3 4996 4976
2 4996 4976
1 4996 4976
0 4996 4976
0 4996 4977
0 4997 4977
0 4997 4978
0 4996 4978
0 4996 4979
0 4995 4979
1 4995 4979
1 4996 4979
2 4996 4979
2 4996 4978
3 4996 4978
3 4996 4977
2 4996 4977
2 4995 4977
1 4995 4977
1 4996 4977
1 4996 4978
1 4997 4978
1 4997 4977
2 4997 4977
2 4997 4978
2 4997 4979
3 4997 4979
3 4996 4979
4 4996 4979
4 4996 4980
4 4995 4980
5 4995 4980
6 4995 4980
6 4996 4980
6 4996 4979
6 4995 4979
5 4995 4979
4 4995 4979
4 4995 4978
4 4994 4978
4 4994 4977
4 4994 4976
5 4994 4976
6 4994 4976
6 4994 4975
5 4994 4975
5 4994 4974
4 4994 4974
3 4994 4974
2 4994 4974
2 4994 4975
3 4994 4975
4 4994 4975
4 4993 4975
4 4992 4975
4 4992 4976
5 4992 4976
5 4992 4975
5 4992 4974
4 4992 4974
3 4992 4974
3 4992 4973
3 4991 4973
4 4991 4973
4 4990 4973
3 4990 4973
3 4989 4973
3 4989 4974
3 4989 4975
3 4989 4976
2 4989 4976
1 4989 4976
1 4990 4976
1 4991 4976
0 4991 4976
0 4990 4976
0 4989 4976
5001 4989 4976
5000 4989 4976
5000 4989 4975
5001 4989 4975
5001 4989 4974
5001 4988 4974
5000 4988 4974
5000 4987 4974
5001 4987 4974
5001 4986 4974
5001 4985 4974
5001 4985 4975
5001 4984 4975
0 4984 4975
1 4984 4975
1 4983 4975
0 4983 4975
0 4982 4975
0 4982 4976
1 4982 4976
1 4983 4976
2 4983 4976
2 4984 4976
2 4984 4975
2 4984 4974
3 4984 4974
3 4984 4975
3 4985 4975
3 4985 4974
3 4985 4973
3 4984 4973
4 4984 4973
5 4984 4973
5 4984 4974
6 4984 4974
7 4984 4974
7 4984 4973
8 4984 4973
8 4984 4972
9 4984 4972
9 4983 4972
10 4983 4972
10 4982 4972
10 4981 4972
9 4981 4972
9 4981 4973
8 4981 4973
8 4981 4974
9 4981 4974
9 4981 4975
10 4981 4975
10 4980 4975
10 4980 4976
11 4980 4976
12 4980 4976
12 4979 4976
13 4979 4976
13 4980 4976
13 4980 4977
12 4980 4977
11 4980 4977
11 4980 4978
11 4980 4979
12 4980 4979
13 4980 4979
13 4980 4978
14 4980 4978
14 4980 4979
14 4981 4979
14 4982 4979
14 4983 4979
14 4983 4978
15 4983 4978
15 4983 4977
15 4982 4977
14 4982 4977
14 4982 4976
13 4982 4976
12 4982 4976
12 4983 4976
13 4983 4976
13 4983 4977
13 4982 4977
13 4981 4977
12 4981 4977
12 4981 4978
12 4981 4979
11 4981 4979
11 4981 4980
11 4982 4980
12 4982 4980
12 4982 4979
11 4982 4979
11 4982 4978
12 4982 4978
12 4983 4978
12 4984 4978
13 4984 4978
13 4984 4977
12 4984 4977
12 4985 4977
12 4985 4976
12 4985 4975
12 4986 4975
13 4986 4975
13 4985 4975
14 4985 4975
14 4984 4975
14 4984 4976
14 4984 4977
15 4984 4977
15 4985 4977
15 4985 4978
15 4986 4978
15 4987 4978
16 4987 4978
16 4987 4979
16 4987 4980
16 4986 4980
16 4985 4980
17 4985 4980
17 4985 4981
16 4985 4981
15 4985 4981
15 4985 4980
15 4985 4979
15 4984 4979
15 4984 4978
16 4984 4978
16 4984 4977
16 4985 4977
16 4985 4978
17 4985 4978
17 4985 4977
18 4985 4977
18 4986 4977
18 4987 4977
18 4987 4978
17 4987 4978
17 4987 4977
16 4987 4977
15 4987 4977
14 4987 4977
13 4987 4977
13 4986 4977
12 4986 4977
12 4986 4978
12 4986 4979
12 4985 4979
12 4985 4978
11 4985 4978
11 4985 4979
11 4985 4980
11 4985 4981
11 4985 4982
11 4985 4983
11 4985 4984
11 4985 4985
12 4985 4985
12 4984 4985
12 4983 4985
13 4983 4985
13 4983 4984
13 4982 4984
13 4982 4985
13 4982 4986
13 4983 4986
14 4983 4986
14 4984 4986
14 4984 4987
14 4983 4987
15 4983 4987
16 4983 4987
16 4984 4987
15 4984 4987
15 4984 4988
16 4984 4988
17 4984 4988
18 4984 4988
18 4983 4988
18 4982 4988
19 4982 4988
19 4982 4989
18 4982 4989
18 4981 4989
17 4981 4989
17 4981 4990
18 4981 4990
18 4980 4990
19 4980 4990
20 4980 4990
20 4979 4990
20 4978 4990
20 4978 4989
20 4978 4988
20 4979 4988
19 4979 4988
19 4978 4988
19 4978 4989
18 4978 4989
18 4978 4988
18 4978 4987
18 4979 4987
19 4979 4987
19 4979 4986
19 4978 4986
20 4978 4986
20 4978 4987
19 4978 4987
19 4977 4987
20 4977 4987
20 4977 4986
21 4977 4986
21 4976 4986
21 4976 4985
21 4975 4985
20 4975 4985
20 4974 4985
19 4974 4985
19 4974 4984
18 4974 4984
17 4974 4984
16 4974 4984
16 4973 4984
16 4973 4985
15 4973 4985
15 4972 4985
16 4972 4985
16 4972 4984
15 4972 4984
15 4973 4984
15 4974 4984
14 4974 4984
14 4975 4984
15 4975 4984
16 4975 4984
16 4975 4983
16 4974 4983
16 4973 4983
16 4972 4983
16 4971 4983
17 4971 4983
18 4971 4983
18 4972 4983
18 4973 4983
18 4973 4984
18 4973 4985
18 4974 4985
18 4975 4985
17 4975 4985
17 4975 4984
18 4975 4984
19 4975 4984
19 4976 4984
19 4976 4985
19 4975 4985
19 4975 4986
19 4974 4986
19 4973 4986
19 4972 4986
19 4972 4985
18 4972 4985
18 4972 4986
18 4972 4987
19 4972 4987
20 4972 4987
20 4971 4987
21 4971 4987
21 4971 4986
21 4970 4986
22 4970 4986
23 4970 4986
23 4971 4986
23 4972 4986
23 4973 4986
23 4974 4986
23 4974 4987
23 4973 4987
24 4973 4987
24 4973 4986
24 4973 4985
24 4972 4985
25 4972 4985
26 4972 4985
27 4972 4985
28 4972 4985
29 4972 4985
29 4973 4985
29 4973 4984
29 4974 4984
29 4974 4983
29 4974 4982
29 4973 4982
29 4973 4983
30 4973 4983
30 4973 4982
31 4973 4982
31 4973 4983
32 4973 4983
33 4973 4983
33 4973 4984
33 4974 4984
33 4975 4984
32 4975 4984
32 4975 4983
32 4974 4983
31 4974 4983
31 4975 4983
31 4975 4982
31 4974 4982
32 4974 4982
33 4974 4982
33 4974 4981
33 4974 4980
32 4974 4980
32 4975 4980
32 4975 4979
33 4975 4979
34 4975 4979
34 4975 4980
33 4975 4980
33 4976 4980
34 4976 4980
34 4977 4980
34 4977 4979
34 4976 4979
35 4976 4979
36 4976 4979
36 4977 4979
37 4977 4979
38 4977 4979
38 4978 4979
38 4978 4980
38 4977 4980
37 4977 4980
37 4976 4980
37 4976 4979
37 4976 4978
36 4976 4978
36 4975 4978
36 4975 4979
35 4975 4979
35 4975 4978
35 4975 4977
35 4975 4976
34 4975 4976
34 4976 4976
34 4976 4975
34 4976 4974
33 4976 4974
33 4976 4975
33 4975 4975
33 4975 4976
33 4974 4976
34 4974 4976
35 4974 4976
36 4974 4976
36 4974 4975
36 4973 4975
37 4973 4975
37 4972 4975
37 4972 4974
38 4972 4974
38 4973 4974
38 4974 4974
39 4974 4974
39 4974 4975
39 4974 4976
38 4974 4976
37 4974 4976
37 4975 4976
36 4975 4976
36 4975 4975
35 4975 4975
34 4975 4975
34 4975 4974
34 4974 4974
34 4974 4975
35 4974 4975
35 4973 4975
35 4972 4975
36 4972 4975
36 4972 4976
36 4973 4976
35 4973 4976
35 4973 4977
35 4974 4977
35 4974 4978
35 4974 4979
35 4973 4979
35 4972 4979
34 4972 4979
34 4971 4979
34 4971 4980
34 4972 4980
34 4973 4980
33 4973 4980
32 4973 4980
31 4973 4980
31 4973 4981
32 4973 4981
32 4972 4981
32 4972 4982
32 4972 4983
31 4972 4983
31 4971 4983
30 4971 4983
29 4971 4983
29 4971 4982
29 4970 4982
29 4970 4981
29 4970 4980
29 4969 4980
29 4968 4980
29 4968 4981
30 4968 4981
30 4967 4981
30 4967 4980
30 4968 4980
30 4969 4980
30 4969 4981
31 4969 4981
31 4970 4981
31 4970 4982
31 4971 4982
32 4971 4982
33 4971 4982
34 4971 4982
35 4971 4982
35 4971 4981
35 4971 4980
35 4972 4980
35 4972 4981
34 4972 4981
34 4972 4982
34 4972 4983
33 4972 4983
33 4972 4984
32 4972 4984
31 4972 4984
30 4972 4984
30 4972 4983
29 4972 4983
29 4972 4982
29 4972 4981
29 4971 4981
28 4971 4981
28 4970 4981
28 4970 4980
27 4970 4980
27 4970 4979
27 4970 4978
26 4970 4978
26 4970 4977
26 4971 4977
26 4972 4977
26 4973 4977
26 4973 4978
26 4972 4978
26 4971 4978
27 4971 4978
27 4972 4978
27 4972 4979
28 4972 4979
28 4971 4979
27 4971 4979
26 4971 4979
26 4971 4980
27 4971 4980
28 4971 4980
28 4972 4980
27 4972 4980
26 4972 4980
26 4972 4979
26 4973 4979
26 4974 4979
26 4975 4979
26 4975 4980
26 4974 4980
26 4973 4980
25 4973 4980
25 4974 4980
24 4974 4980
24 4974 4981
24 4974 4982
23 4974 4982
23 4973 4982
23 4973 4981
23 4974 4981
23 4974 4980
23 4974 4979
24 4974 4979
24 4975 4979
25 4975 4979
25 4975 4978
25 4976 4978
25 4977 4978
24 4977 4978
24 4978 4978
24 4978 4977
24 4979 4977
24 4980 4977
24 4980 4978
24 4981 4978
25 4981 4978
25 4981 4979
25 4981 4980
26 4981 4980
26 4981 4979
26 4981 4978
26 4982 4978
26 4983 4978
27 4983 4978
27 4982 4978
27 4982 4979
26 4982 4979
26 4983 4979
25 4983 4979
24 4983 4979
24 4984 4979
25 4984 4979
25 4984 4978
25 4984 4977
24 4984 4977
24 4984 4976
25 4984 4976
25 4984 4975
25 4983 4975
24 4983 4975
23 4983 4975
23 4983 4974
23 4983 4973
23 4984 4973
24 4984 4973
25 4984 4973
25 4985 4973
25 4985 4974
25 4984 4974
26 4984 4974
26 4983 4974
26 4983 4975
26 4984 4975
26 4984 4976
27 4984 4976
27 4984 4977
27 4985 4977
28 4985 4977
28 4984 4977
28 4984 4976
29 4984 4976
29 4983 4976
30 4983 4976
30 4983 4975
30 4984 4975
29 4984 4975
29 4985 4975
29 4986 4975
29 4986 4976
30 4986 4976
30 4985 4976
30 4985 4975
31 4985 4975
32 4985 4975
32 4985 4976
32 4984 4976
32 4984 4977
32 4983 4977
32 4983 4978
31 4983 4978
31 4982 4978
32 4982 4978
32 4981 4978
31 4981 4978
30 4981 4978
30 4980 4978
31 4980 4978
31 4979 4978
32 4979 4978
32 4980 4978
33 4980 4978
33 4979 4978
33 4978 4978
34 4978 4978
34 4977 4978
34 4976 4978
34 4975 4978
34 4974 4978
33 4974 4978
33 4974 4977
32 4974 4977
32 4974 4976
31 4974 4976
31 4974 4975
32 4974 4975
33 4974 4975
33 4974 4974
33 4973 4974
33 4973 4973
33 4973 4972
33 4973 4971
32 4973 4971
32 4972 4971
32 4971 4971
33 4971 4971
34 4971 4971
34 4972 4971
34 4972 4972
34 4973 4972
35 4973 4972
35 4973 4971
35 4974 4971
35 4974 4970
34 4974 4970
34 4974 4969
34 4974 4968
33 4974 4968
33 4974 4969
32 4974 4969
32 4975 4969
32 4975 4970
31 4975 4970
31 4976 4970
32 4976 4970
32 4976 4971
33 4976 4971
33 4975 4971
33 4974 4971
34 4974 4971
34 4975 4971
35 4975 4971
35 4976 4971
35 4976 4970
35 4976 4969
35 4977 4969
35 4977 4968
36 4977 4968
36 4977 4967
36 4978 4967
36 4979 4967
35 4979 4967
35 4979 4966
36 4979 4966
36 4980 4966
36 4980 4965
37 4980 4965
37 4980 4966
38 4980 4966
38 4980 4967
39 4980 4967
39 4979 4967
40 4979 4967
40 4978 4967
40 4978 4968
40 4979 4968
41 4979 4968
41 4979 4969
42 4979 4969
42 4980 4969
42 4980 4968
42 4979 4968
42 4978 4968
43 4978 4968
43 4979 4968
43 4979 4967
43 4979 4966
43 4978 4966
43 4978 4965
43 4977 4965
43 4977 4966
43 4977 4967
43 4976 4967
44 4976 4967
44 4975 4967
45 4975 4967
45 4976 4967
45 4976 4966
45 4976 4965
45 4977 4965
45 4978 4965
46 4978 4965
46 4978 4966
46 4979 4966
45 4979 4966
45 4980 4966
45 4980 4967
45 4979 4967
44 4979 4967
44 4979 4966
44 4978 4966
44 4978 4967
45 4978 4967
46 4978 4967
47 4978 4967
47 4978 4966
48 4978 4966
48 4979 4966
48 4980 4966
47 4980 4966
47 4979 4966
47 4979 4967
47 4980 4967
47 4980 4968
46 4980 4968
46 4980 4969
45 4980 4969
45 4980 4968
45 4981 4968
44 4981 4968
43 4981 4968
43 4980 4968
44 4980 4968
44 4980 4969
44 4980 4970
44 4980 4971
44 4979 4971
45 4979 4971
45 4979 4970
45 4979 4969
44 4979 4969
44 4979 4968
45 4979 4968
46 4979 4968
46 4979 4969
46 4978 4969
47 4978 4969
47 4978 4970
48 4978 4970
48 4979 4970
48 4980 4970
47 4980 4970
46 4980 4970
46 4979 4970
47 4979 4970
47 4979 4969
47 4979 4968
47 4978 4968
47 4977 4968
46 4977 4968
46 4977 4969
47 4977 4969
48 4977 4969
48 4977 4970
48 4977 4971
49 4977 4971
49 4978 4971
49 4978 4972
49 4978 4973
49 4977 4973
50 4977 4973
50 4976 4973
50 4976 4974
50 4977 4974
51 4977 4974
51 4978 4974
51 4979 4974
51 4979 4975
51 4980 4975
50 4980 4975
50 4979 4975
49 4979 4975
48 4979 4975
48 4978 4975
49 4978 4975
50 4978 4975
50 4978 4974
50 4978 4973
50 4978 4972
50 4978 4971
50 4978 4970
51 4978 4970
51 4978 4971
51 4978 4972
51 4978 4973
52 4978 4973
53 4978 4973
53 4978 4972
53 4978 4971
54 4978 4971
55 4978 4971
55 4977 4971
54 4977 4971
54 4977 4972
53 4977 4972
53 4976 4972
53 4976 4971
52 4976 4971
51 4976 4971
50 4976 4971
50 4976 4972
51 4976 4972
51 4975 4972
51 4974 4972
50 4974 4972
49 4974 4972
49 4974 4973
48 4974 4973
47 4974 4973
47 4975 4973
47 4975 4974
48 4975 4974
48 4975 4975
48 4974 4975
48 4974 4974
49 4974 4974
49 4975 4974
49 4975 4975
49 4975 4976
49 4975 4977
49 4974 4977
49 4974 4976
48 4974 4976
47 4974 4976
47 4975 4976
47 4975 4975
46 4975 4975
46 4976 4975
45 4976 4975
45 4975 4975
45 4975 4976
45 4974 4976
44 4974 4976
44 4975 4976
43 4975 4976
43 4976 4976
43 4976 4975
44 4976 4975
44 4977 4975
44 4978 4975
43 4978 4975
43 4977 4975
42 4977 4975
42 4978 4975
42 4979 4975
42 4979 4976
43 4979 4976
43 4978 4976
44 4978 4976
44 4977 4976
43 4977 4976
42 4977 4976
42 4978 4976
42 4978 4977
43 4978 4977
44 4978 4977
44 4979 4977
44 4979 4978
44 4979 4979
45 4979 4979
46 4979 4979
46 4980 4979
46 4981 4979
46 4981 4978
46 4982 4978
46 4982 4979
47 4982 4979
48 4982 4979
49 4982 4979
49 4982 4980
49 4983 4980
48 4983 4980
48 4983 4979
49 4983 4979
49 4984 4979
49 4985 4979
48 4985 4979
48 4984 4979
47 4984 4979
47 4984 4978
47 4983 4978
47 4983 4979
47 4983 4980
46 4983 4980
46 4983 4979
45 4983 4979
45 4983 4978
45 4984 4978
45 4984 4977
44 4984 4977
44 4984 4978
44 4985 4978
44 4986 4978
45 4986 4978
46 4986 4978
47 4986 4978
47 4986 4979
48 4986 4979
48 4987 4979
49 4987 4979
49 4987 4978
49 4988 4978
50 4988 4978
50 4987 4978
51 4987 4978
52 4987 4978
52 4986 4978
52 4986 4977
51 4986 4977
51 4987 4977
51 4987 4976
51 4987 4975
50 4987 4975
50 4987 4974
50 4988 4974
50 4989 4974
49 4989 4974
49 4989 4973
48 4989 4973
48 4989 4974
48 4990 4974
48 4990 4973
49 4990 4973
50 4990 4973
51 4990 4973
51 4991 4973
52 4991 4973
53 4991 4973
53 4990 4973
54 4990 4973
54 4990 4972
53 4990 4972
53 4989 4972
54 4989 4972
54 4989 4973
54 4988 4973
54 4988 4974
54 4989 4974
55 4989 4974
55 4989 4973
55 4988 4973
55 4988 4974
55 4987 4974
56 4987 4974
56 4987 4975
56 4986 4975
57 4986 4975
57 4987 4975
57 4988 4975
57 4988 4976
56 4988 4976
56 4988 4975
56 4989 4975
55 4989 4975
55 4989 4976
55 4988 4976
55 4988 4975
54 4988 4975
54 4987 4975
54 4987 4976
54 4987 4977
55 4987 4977
55 4987 4978
55 4988 4978
55 4988 4977
56 4988 4977
56 4988 4978
56 4987 4978
56 4987 4977
56 4987 4976
55 4987 4976
55 4987 4975
55 4986 4975
55 4986 4976
55 4986 4977
55 4986 4978
55 4986 4979
56 4986 4979
57 4986 4979
57 4986 4978
57 4986 4977
57 4986 4976
57 4987 4976
57 4987 4977
57 4988 4977
57 4988 4978
58 4988 4978
59 4988 4978
59 4988 4977
59 4989 4977
59 4990 4977
59 4991 4977
58 4991 4977
57 4991 4977
57 4992 4977
57 4992 4976
57 4991 4976
58 4991 4976
58 4991 4975
58 4992 4975
57 4992 4975
57 4993 4975
57 4993 4976
57 4994 4976
56 4994 4976
56 4994 4977
57 4994 4977
58 4994 4977
58 4993 4977
57 4993 4977
57 4993 4978
57 4993 4979
58 4993 4979
58 4993 4978
58 4994 4978
59 4994 4978
59 4993 4978
60 4993 4978
60 4994 4978
60 4995 4978
60 4995 4979
60 4996 4979
60 4996 4978
60 4996 4977
60 4995 4977
60 4994 4977
59 4994 4977
59 4994 4976
59 4993 4976
59 4993 4975
58 4993 4975
58 4993 4974
57 4993 4974
57 4994 4974
56 4994 4974
56 4993 4974
56 4993 4973
55 4993 4973
55 4993 4972
55 4993 4971
55 4994 4971
55 4994 4972
54 4994 4972
54 4994 4973
54 4995 4973
54 4995 4972
54 4995 4971
54 4995 4970
55 4995 4970
56 4995 4970
56 4995 4969
56 4996 4969
56 4996 4968
56 4997 4968
56 4997 4967
56 4996 4967
56 4995 4967
57 4995 4967
57 4996 4967
57 4996 4968
57 4995 4968
57 4994 4968
58 4994 4968
58 4995 4968
58 4995 4969
57 4995 4969
57 4994 4969
57 4994 4970
57 4994 4971
56 4994 4971
56 4995 4971
57 4995 4971
57 4995 4970
57 4996 4970
57 4996 4969
57 4997 4969
56 4997 4969
56 4997 4970
56 4997 4971
56 4998 4971
56 4999 4971
57 4999 4971
57 4999 4972
57 4999 4973
56 4999 4973
56 4999 4972
55 4999 4972
54 4999 4972
54 4999 4973
54 4998 4973
53 4998 4973
53 4998 4972
53 4997 4972
52 4997 4972
52 4997 4971
53 4997 4971
53 4997 4970
53 4998 4970
54 4998 4970
54 4997 4970
54 4997 4969
55 4997 4969
55 4997 4968
55 4996 4968
54 4996 4968
54 4995 4968
54 4995 4969
54 4994 4969
53 4994 4969
53 4994 4970
52 4994 4970
51 4994 4970
50 4994 4970
50 4993 4970
51 4993 4970
51 4993 4971
51 4993 4972
50 4993 4972
50 4992 4972
50 4992 4971
50 4993 4971
49 4993 4971
48 4993 4971
47 4993 4971
47 4993 4972
46 4993 4972
46 4993 4973
47 4993 4973
47 4992 4973
47 4991 4973
46 4991 4973
45 4991 4973
44 4991 4973
44 4992 4973
44 4992 4972
44 4992 4971
44 4993 4971
44 4994 4971
44 4995 4971
44 4996 4971
44 4996 4972
43 4996 4972
43 4996 4973
43 4997 4973
43 4997 4974
43 4997 4975
43 4997 4976
43 4996 4976
43 4995 4976
43 4995 4977
44 4995 4977
44 4995 4978
44 4996 4978
44 4996 4979
43 4996 4979
42 4996 4979
42 4995 4979
42 4995 4980
43 4995 4980
43 4995 4979
44 4995 4979
44 4994 4979
45 4994 4979
45 4994 4978
44 4994 4978
44 4994 4977
45 4994 4977
46 4994 4977
46 4994 4978
46 4995 4978
45 4995 4978
45 4995 4977
45 4996 4977
44 4996 4977
43 4996 4977
43 4997 4977
42 4997 4977
42 4996 4977
42 4995 4977
42 4994 4977
42 4993 4977
43 4993 4977
43 4992 4977
44 4992 4977
44 4992 4978
45 4992 4978
45 4992 4979
45 4992 4980
46 4992 4980
47 4992 4980
47 4992 4981
48 4992 4981
48 4991 4981
48 4990 4981
48 4990 4982
48 4991 4982
48 4991 4983
49 4991 4983
50 4991 4983
51 4991 4983
52 4991 4983
52 4991 4984
51 4991 4984
51 4990 4984
51 4990 4985
51 4991 4985
52 4991 4985
53 4991 4985
53 4991 4984
54 4991 4984
54 4992 4984
53 4992 4984
53 4992 4985
52 4992 4985
52 4993 4985
52 4993 4984
52 4993 4983
52 4992 4983
52 4992 4984
51 4992 4984
51 4993 4984
51 4993 4985
50 4993 4985
50 4993 4984
50 4994 4984
50 4995 4984
51 4995 4984
51 4995 4985
51 4994 4985
50 4994 4985
49 4994 4985
48 4994 4985
48 4994 4984
47 4994 4984
46 4994 4984
46 4993 4984
46 4993 4985
46 4993 4986
45 4993 4986
45 4994 4986
44 4994 4986
44 4994 4987
44 4993 4987
44 4992 4987
44 4992 4988
43 4992 4988
43 4993 4988
43 4993 4987
43 4992 4987
43 4991 4987
43 4991 4988
42 4991 4988
42 4992 4988
41 4992 4988
41 4992 4989
42 4992 4989
42 4992 4990
41 4992 4990
41 4992 4991
41 4992 4992
41 4992 4993
41 4991 4993
41 4991 4994
41 4992 4994
42 4992 4994
42 4992 4993
42 4993 4993
42 4993 4992
42 4993 4991
41 4993 4991
41 4993 4990
42 4993 4990
42 4994 4990
42 4994 4989
43 4994 4989
44 4994 4989
45 4994 4989
45 4993 4989
44 4993 4989
43 4993 4989
43 4992 4989
44 4992 4989
44 4991 4989
45 4991 4989
45 4991 4990
44 4991 4990
43 4991 4990
43 4991 4991
42 4991 4991
42 4992 4991
43 4992 4991
43 4993 4991
43 4993 4990
43 4994 4990
44 4994 4990
44 4994 4991
44 4993 4991
44 4993 4990
45 4993 4990
45 4992 4990
45 4992 4991
44 4992 4991
44 4991 4991
44 4991 4992
45 4991 4992
45 4990 4992
45 4990 4993
46 4990 4993
46 4990 4992
47 4990 4992
47 4991 4992
47 4991 4993
47 4992 4993
47 4992 4992
46 4992 4992
46 4993 4992
47 4993 4992
47 4994 4992
47 4994 4993
48 4994 4993
48 4995 4993
47 4995 4993
47 4995 4992
47 4995 4991
47 4995 4990
47 4996 4990
47 4997 4990
47 4997 4989
48 4997 4989
49 4997 4989
50 4997 4989
50 4997 4990
50 4997 4991
50 4996 4991
50 4996 4990
51 4996 4990
52 4996 4990
53 4996 4990
53 4995 4990
53 4995 4989
53 4995 4988
53 4996 4988
53 4997 4988
53 4997 4989
53 4996 4989
52 4996 4989
51 4996 4989
51 4997 4989
51 4998 4989
51 4998 4988
50 4998 4988
50 4997 4988
50 4996 4988
50 4996 4989
49 4996 4989
49 4996 4990
49 4997 4990
48 4997 4990
48 4996 4990
48 4995 4990
48 4995 4989
47 4995 4989
47 4994 4989
47 4994 4988
47 4995 4988
47 4995 4987
47 4995 4986
47 4996 4986
47 4996 4987
46 4996 4987
45 4996 4987
44 4996 4987
44 4995 4987
44 4995 4988
44 4994 4988
45 4994 4988
45 4993 4988
45 4993 4987
45 4994 4987
46 4994 4987
46 4995 4987
46 4995 4988
46 4994 4988
46 4993 4988
46 4993 4987
47 4993 4987
47 4993 4986
47 4993 4985
48 4993 4985
48 4992 4985
47 4992 4985
47 4992 4986
47 4992 4987
46 4992 4987
45 4992 4987
45 4991 4987
45 4991 4988
45 4992 4988
45 4992 4989
46 4992 4989
46 4991 4989
46 4991 4988
46 4991 4987
47 4991 4987
48 4991 4987
48 4990 4987
47 4990 4987
46 4990 4987
46 4990 4986
46 4991 4986
46 4991 4985
46 4990 4985
45 4990 4985
44 4990 4985
44 4990 4986
44 4990 4987
44 4990 4988
43 4990 4988
43 4990 4987
43 4990 4986
43 4989 4986
44 4989 4986
45 4989 4986
45 4988 4986
45 4987 4986
45 4987 4985
44 4987 4985
44 4987 4986
43 4987 4986
43 4987 4985
43 4988 4985
43 4988 4984
43 4987 4984
43 4986 4984
43 4985 4984
43 4985 4983
43 4984 4983
42 4984 4983
41 4984 4983
41 4984 4982
41 4984 4981
41 4983 4981
42 4983 4981
43 4983 4981
43 4983 4980
43 4983 4979
43 4984 4979
43 4985 4979
42 4985 4979
42 4985 4978
43 4985 4978
43 4986 4978
42 4986 4978
42 4987 4978
42 4988 4978
43 4988 4978
43 4988 4979
43 4988 4980
43 4987 4980
42 4987 4980
41 4987 4980
41 4987 4981
41 4987 4982
41 4986 4982
41 4986 4981
41 4986 4980
42 4986 4980
42 4986 4981
43 4986 4981
43 4987 4981
44 4987 4981
45 4987 4981
45 4986 4981
45 4985 4981
45 4985 4982
45 4984 4982
44 4984 4982
44 4985 4982
44 4986 4982
44 4986 4983
45 4986 4983
45 4987 4983
45 4987 4984
44 4987 4984
44 4987 4983
43 4987 4983
43 4987 4982
42 4987 4982
42 4988 4982
41 4988 4982
40 4988 4982
40 4987 4982
40 4987 4983
40 4986 4983
39 4986 4983
39 4986 4982
39 4987 4982
39 4987 4981
39 4987 4980
39 4987 4979
38 4987 4979
38 4987 4978
39 4987 4978
39 4986 4978
39 4986 4979
38 4986 4979
38 4985 4979
38 4985 4980
38 4985 4981
38 4984 4981
38 4983 4981
38 4983 4980
38 4982 4980
38 4982 4981
39 4982 4981
39 4981 4981
39 4980 4981
39 4980 4980
39 4981 4980
39 4982 4980
39 4983 4980
39 4983 4981
39 4983 4982
39 4982 4982
40 4982 4982
40 4981 4982
40 4981 4983
40 4981 4984
41 4981 4984
42 4981 4984
42 4982 4984
42 4982 4983
41 4982 4983
40 4982 4983
39 4982 4983
39 4982 4984
39 4983 4984
39 4984 4984
39 4984 4985
39 4983 4985
38 4983 4985
38 4983 4986
38 4984 4986
38 4984 4987
38 4985 4987
39 4985 4987
40 4985 4987
41 4985 4987
41 4986 4987
41 4986 4988
40 4986 4988
40 4987 4988
39 4987 4988
39 4987 4987
39 4988 4987
38 4988 4987
38 4989 4987
38 4989 4986
38 4990 4986
37 4990 4986
36 4990 4986
36 4991 4986
35 4991 4986
34 4991 4986
34 4991 4987
34 4992 4987
34 4993 4987
33 4993 4987
33 4993 4988
32 4993 4988
32 4993 4987
32 4994 4987
31 4994 4987
30 4994 4987
29 4994 4987
29 4995 4987
30 4995 4987
31 4995 4987
31 4995 4986
32 4995 4986
33 4995 4986
33 4994 4986
33 4994 4987
33 4995 4987
33 4995 4988
33 4995 4989
33 4995 4990
33 4995 4991
33 4995 4992
34 4995 4992
35 4995 4992
35 4996 4992
35 4996 4991
36 4996 4991
37 4996 4991
37 4996 4992
37 4997 4992
37 4997 4991
37 4998 4991
37 4999 4991
36 4999 4991
36 4999 4992
36 4999 4993
36 4998 4993
36 4998 4994
35 4998 4994
34 4998 4994
34 4998 4995
34 4998 4996
35 4998 4996
35 4998 4995
36 4998 4995
37 4998 4995
37 4999 4995
36 4999 4995
36 5000 4995
36 5000 4996
36 4999 4996
36 4998 4996
36 4998 4997
36 4997 4997
37 4997 4997
38 4997 4997
38 4997 4998
39 4997 4998
39 4996 4998
39 4996 4999
39 4997 4999
39 4998 4999
39 4998 4998
38 4998 4998
37 4998 4998
37 4998 4997
38 4998 4997
39 4998 4997
39 4997 4997
39 4996 4997
38 4996 4997
38 4996 4996
38 4997 4996
37 4997 4996
37 4998 4996
37 4999 4996
38 4999 4996
38 5000 4996
39 5000 4996
39 5001 4996
39 5001 4995
39 0 4995
39 1 4995
39 1 4996
39 2 4996
39 2 4997
39 2 4998
39 3 4998
39 3 4997
38 3 4997
38 4 4997
38 5 4997
38 5 4996
38 4 4996
38 4 4995
38 3 4995
37 3 4995
37 3 4996
37 2 4996
37 2 4995
37 2 4994
37 2 4993
38 2 4993
39 2 4993
39 2 4994
39 3 4994
39 3 4993
39 4 4993
39 5 4993
39 6 4993
40 6 4993
41 6 4993
41 6 4992
42 6 4992
43 6 4992
43 7 4992
43 8 4992
43 9 4992
43 10 4992
43 10 4991
44 10 4991
44 10 4990
44 9 4990
44 9 4989
43 9 4989
43 9 4988
42 9 4988
42 9 4987
43 9 4987
43 9 4986
44 9 4986
44 9 4985
44 8 4985
44 8 4984
44 9 4984
44 10 4984
45 10 4984
45 10 4985
44 10 4985
43 10 4985
43 9 4985
43 8 4985
43 7 4985
44 7 4985
44 6 4985
43 6 4985
43 6 4986
43 6 4987
42 6 4987
42 7 4987
42 7 4988
42 6 4988
42 5 4988
42 5 4989
42 5 4990
42 6 4990
42 6 4991
43 6 4991
43 6 4990
43 7 4990
43 7 4989
44 7 4989
44 8 4989
44 8 4990
44 8 4991
43 8 4991
43 8 4990
42 8 4990
42 8 4991
42 7 4991
42 7 4990
41 7 4990
41 8 4990
41 8 4989
41 7 4989
41 6 4989
41 6 4990
41 5 4990
41 4 4990
40 4 4990
40 3 4990
40 3 4991
41 3 4991
41 3 4992
41 4 4992
40 4 4992
40 3 4992
40 3 4993
40 2 4993
41 2 4993
41 1 4993
41 0 4993
41 5001 4993
41 5001 4992
41 0 4992
42 0 4992
42 0 4993
43 0 4993
43 0 4992
44 0 4992
44 5001 4992
45 5001 4992
45 0 4992
46 0 4992
46 0 4993
46 5001 4993
46 5001 4992
46 5000 4992
45 5000 4992
44 5000 4992
44 5000 4993
43 5000 4993
43 5001 4993
43 5001 4992
43 5000 4992
42 5000 4992
42 4999 4992
42 4998 4992
43 4998 4992
44 4998 4992
44 4998 4991
45 4998 4991
46 4998 4991
46 4998 4992
46 4997 4992
47 4997 4992
47 4997 4993
47 4997 4994
47 4996 4994
47 4996 4993
47 4996 4992
48 4996 4992
48 4996 4993
49 4996 4993
49 4996 4994
49 4995 4994
49 4995 4995
49 4995 4996
49 4995 4997
49 4995 4998
49 4995 4999
49 4995 5000
49 4994 5000
49 4994 5001
49 4993 5001
49 4993 0
49 4993 1
49 4992 1
50 4992 1
50 4991 1
50 4991 2
50 4992 2
49 4992 2
49 4992 3
49 4992 4
50 4992 4
50 4992 3
51 4992 3
51 4991 3
51 4990 3
51 4990 4
51 4990 5
51 4989 5
51 4988 5
52 4988 5
52 4989 5
52 4990 5
52 4990 6
52 4989 6
53 4989 6
54 4989 6
54 4990 6
54 4990 5
55 4990 5
55 4989 5
55 4989 6
55 4990 6
55 4991 6
55 4992 6
54 4992 6
54 4991 6
54 4991 5
54 4991 4
53 4991 4
53 4992 4
52 4992 4
52 4993 4
51 4993 4
51 4992 4
51 4991 4
52 4991 4
52 4991 3
53 4991 3
53 4991 2
53 4990 2
54 4990 2
55 4990 2
56 4990 2
57 4990 2
57 4991 2
58 4991 2
58 4992 2
57 4992 2
56 4992 2
56 4992 1
56 4991 1
55 4991 1
55 4991 0
54 4991 0
54 4990 0
54 4989 0
53 4989 0
53 4989 5001
53 4988 5001
54 4988 5001
54 4988 5000
53 4988 5000
53 4987 5000
52 4987 5000
52 4986 5000
52 4985 5000
52 4985 4999
52 4985 4998
52 4986 4998
53 4986 4998
53 4986 4999
52 4986 4999
51 4986 4999
51 4986 5000
51 4987 5000
51 4987 4999
50 4987 4999
50 4986 4999
50 4986 4998
50 4985 4998
50 4985 4997
50 4984 4997
50 4983 4997
50 4983 4998
50 4983 4999
49 4983 4999
49 4982 4999
50 4982 4999
50 4981 4999
50 4981 5000
49 4981 5000
49 4981 5001
50 4981 5001
50 4981 0
49 4981 0
49 4981 1
48 4981 1
48 4981 0
47 4981 0
47 4981 5001
48 4981 5001
48 4980 5001
48 4980 0
49 4980 0
49 4980 5001
49 4980 5000
49 4979 5000
49 4978 5000
48 4978 5000
47 4978 5000
47 4978 5001
47 4978 0
47 4977 0
48 4977 0
48 4978 0
49 4978 0
49 4977 0
50 4977 0
50 4977 1
50 4977 2
50 4978 2
49 4978 2
49 4979 2
49 4979 3
49 4978 3
49 4977 3
49 4977 2
48 4977 2
48 4977 3
48 4978 3
48 4978 4
48 4979 4
48 4979 3
48 4980 3
48 4980 2
48 4981 2
48 4981 3
49 4981 3
49 4981 2
49 4980 2
49 4980 1
50 4980 1
51 4980 1
51 4980 0
51 4979 0
51 4978 0
51 4978 1
52 4978 1
52 4978 2
51 4978 2
51 4978 3
50 4978 3
50 4979 3
50 4979 4
50 4980 4
51 4980 4
51 4980 3
51 4980 2
51 4981 2
52 4981 2
53 4981 2
54 4981 2
55 4981 2
56 4981 2
57 4981 2
57 4980 2
57 4980 1
58 4980 1
58 4979 1
58 4978 1
58 4977 1
58 4977 0
59 4977 0
60 4977 0
60 4977 1
59 4977 1
59 4977 2
59 4977 3
59 4978 3
60 4978 3
61 4978 3
61 4978 2
60 4978 2
60 4977 2
61 4977 2
62 4977 2
62 4977 1
62 4977 0
62 4978 0
62 4978 5001
62 4979 5001
63 4979 5001
63 4980 5001
64 4980 5001
64 4980 5000
63 4980 5000
63 4981 5000
62 4981 5000
62 4981 5001
62 4981 0
63 4981 0
63 4981 1
62 4981 1
62 4982 1
63 4982 1
63 4982 2
63 4982 3
63 4982 4
62 4982 4
61 4982 4
61 4981 4
61 4981 5
60 4981 5
60 4981 6
61 4981 6
62 4981 6
62 4981 5
63 4981 5
63 4982 5
62 4982 5
62 4982 6
62 4983 6
62 4984 6
62 4985 6
62 4985 7
62 4984 7
63 4984 7
63 4984 6
63 4985 6
64 4985 6
64 4984 6
64 4984 7
64 4984 8
64 4983 8
65 4983 8
65 4982 8
64 4982 8
63 4982 8
63 4981 8
63 4980 8
62 4980 8
62 4981 8
61 4981 8
60 4981 8
60 4981 7
61 4981 7
61 4980 7
62 4980 7
63 4980 7
63 4980 6
64 4980 6
64 4981 6
64 4981 5
64 4982 5
64 4982 4
64 4983 4
64 4983 5
65 4983 5
65 4983 6
65 4983 7
64 4983 7
64 4982 7
64 4982 6
64 4983 6
63 4983 6
63 4982 6
63 4982 7
62 4982 7
62 4981 7
63 4981 7
64 4981 7
65 4981 7
65 4982 7
66 4982 7
67 4982 7
67 4982 8
67 4983 8
68 4983 8
68 4982 8
68 4981 8
69 4981 8
69 4980 8
69 4980 7
69 4981 7
69 4982 7
70 4982 7
70 4982 8
69 4982 8
69 4983 8
69 4983 7
68 4983 7
67 4983 7
67 4984 7
67 4984 6
67 4983 6
68 4983 6
68 4983 5
67 4983 5
66 4983 5
66 4983 6
66 4984 6
65 4984 6
65 4985 6
65 4985 7
64 4985 7
64 4985 8
64 4985 9
64 4985 10
64 4984 10
64 4983 10
63 4983 10
62 4983 10
62 4984 10
62 4985 10
63 4985 10
63 4986 10
63 4987 10
63 4987 11
62 4987 11
62 4988 11
62 4988 12
62 4987 12
61 4987 12
60 4987 12
59 4987 12
59 4987 11
58 4987 11
58 4987 12
58 4988 12
58 4989 12
59 4989 12
59 4990 12
60 4990 12
61 4990 12
61 4989 12
61 4988 12
61 4988 11
61 4988 10
61 4988 9
61 4989 9
61 4989 8
61 4988 8
61 4988 7
61 4987 7
60 4987 7
60 4988 7
60 4989 7
60 4990 7
60 4990 6
60 4990 5
60 4990 4
61 4990 4
61 4990 3
60 4990 3
59 4990 3
58 4990 3
58 4989 3
58 4988 3
58 4988 4
58 4987 4
58 4986 4
57 4986 4
56 4986 4
55 4986 4
55 4985 4
55 4984 4
55 4983 4
55 4983 5
54 4983 5
54 4982 5
54 4982 6
55 4982 6
56 4982 6
56 4982 7
57 4982 7
57 4983 7
57 4983 8
57 4982 8
57 4981 8
57 4980 8
57 4980 7
57 4980 6
56 4980 6
55 4980 6
55 4980 5
55 4979 5
56 4979 5
56 4980 5
56 4981 5
56 4981 4
56 4981 3
56 4980 3
55 4980 3
55 4980 4
56 4980 4
56 4979 4
55 4979 4
54 4979 4
54 4979 3
54 4980 3
54 4980 2
55 4980 2
55 4979 2
54 4979 2
54 4979 1
54 4979 0
54 4978 0
55 4978 0
55 4977 0
55 4976 0
54 4976 0
53 4976 0
53 4976 5001
54 4976 5001
54 4975 5001
54 4975 0
54 4975 1
54 4976 1
54 4977 1
53 4977 1
53 4978 1
53 4979 1
53 4979 2
53 4980 2
53 4980 3
53 4981 3
54 4981 3
54 4981 4
54 4981 5
54 4981 6
54 4980 6
54 4980 7
54 4980 8
54 4981 8
54 4982 8
54 4982 9
53 4982 9
53 4982 10
53 4983 10
53 4984 10
52 4984 10
51 4984 10
51 4984 11
51 4985 11
51 4985 12
51 4986 12
51 4986 13
52 4986 13
52 4985 13
53 4985 13
53 4985 12
53 4986 12
53 4987 12
54 4987 12
54 4988 12
55 4988 12
55 4988 11
56 4988 11
56 4987 11
55 4987 11
55 4986 11
55 4985 11
55 4984 11
55 4984 10
56 4984 10
57 4984 10
57 4984 11
56 4984 11
56 4984 12
56 4983 12
56 4983 11
55 4983 11
55 4983 10
54 4983 10
54 4984 10
54 4984 11
54 4983 11
53 4983 11
53 4984 11
53 4985 11
53 4985 10
54 4985 10
54 4985 9
54 4985 8
54 4986 8
54 4987 8
54 4987 9
53 4987 9
52 4987 9
51 4987 9
51 4987 8
51 4986 8
51 4985 8
50 4985 8
49 4985 8
49 4985 7
48 4985 7
48 4985 6
48 4984 6
48 4983 6
48 4982 6
48 4982 7
49 4982 7
49 4983 7
49 4984 7
50 4984 7
50 4983 7
50 4983 6
51 4983 6
52 4983 6
52 4984 6
52 4984 7
52 4983 7
53 4983 7
53 4984 7
53 4985 7
53 4986 7
54 4986 7
54 4987 7
53 4987 7
52 4987 7
52 4986 7
52 4986 6
52 4987 6
52 4987 5
51 4987 5
50 4987 5
50 4986 5
49 4986 5
49 4986 6
50 4986 6
50 4985 6
51 4985 6
51 4984 6
51 4984 7
51 4985 7
52 4985 7
52 4985 6
52 4985 5
53 4985 5
53 4986 5
53 4986 4
53 4985 4
52 4985 4
52 4985 3
52 4986 3
53 4986 3
53 4987 3
53 4988 3
53 4989 3
54 4989 3
54 4988 3
54 4988 2
54 4987 2
54 4987 1
54 4986 1
55 4986 1
55 4986 2
54 4986 2
53 4986 2
53 4987 2
53 4988 2
53 4989 2
52 4989 2
52 4989 3
52 4988 3
52 4988 4
51 4988 4
51 4989 4
50 4989 4
50 4989 3
50 4988 3
50 4988 4
50 4987 4
50 4987 3
49 4987 3
49 4987 2
49 4987 1
48 4987 1
48 4987 2
48 4986 2
47 4986 2
47 4986 1
47 4986 0
47 4987 0
47 4987 5001
46 4987 5001
46 4987 0
46 4986 0
45 4986 0
45 4987 0
44 4987 0
44 4988 0
44 4988 1
45 4988 1
45 4988 2
45 4987 2
44 4987 2
44 4986 2
44 4985 2
45 4985 2
45 4986 2
45 4986 3
45 4986 4
45 4985 4
44 4985 4
44 4985 5
44 4985 6
44 4985 7
44 4986 7
43 4986 7
43 4986 6
43 4986 5
43 4985 5
43 4985 6
43 4985 7
42 4985 7
42 4984 7
42 4984 6
42 4984 5
42 4983 5
42 4983 4
42 4982 4
43 4982 4
43 4982 3
42 4982 3
41 4982 3
41 4983 3
41 4983 2
42 4983 2
43 4983 2
44 4983 2
44 4983 3
44 4982 3
44 4982 4
44 4982 5
44 4981 5
44 4980 5
43 4980 5
43 4980 4
43 4980 3
43 4980 2
43 4979 2
43 4979 3
44 4979 3
45 4979 3
45 4979 4
44 4979 4
43 4979 4
43 4978 4
42 4978 4
42 4979 4
42 4979 3
42 4978 3
42 4978 2
42 4978 1
42 4979 1
42 4979 0
43 4979 0
44 4979 0
44 4978 0
44 4978 5001
45 4978 5001
45 4978 5000
46 4978 5000
46 4978 4999
46 4979 4999
46 4980 4999
47 4980 4999
47 4980 5000
47 4981 5000
46 4981 5000
46 4981 5001
46 4982 5001
46 4982 5000
46 4982 4999
45 4982 4999
45 4981 4999
44 4981 4999
43 4981 4999
43 4980 4999
43 4979 4999
43 4979 5000
42 4979 5000
42 4978 5000
41 4978 5000
40 4978 5000
39 4978 5000
39 4978 5001
38 4978 5001
38 4978 0
38 4977 0
38 4977 5001
38 4976 5001
38 4975 5001
38 4975 0
39 4975 0
40 4975 0
40 4974 0
41 4974 0
42 4974 0
43 4974 0
43 4975 0
42 4975 0
41 4975 0
41 4976 0
41 4976 1
42 4976 1
42 4976 2
43 4976 2
43 4975 2
42 4975 2
41 4975 2
41 4975 1
40 4975 1
40 4975 2
39 4975 2
38 4975 2
38 4974 2
38 4973 2
39 4973 2
39 4974 2
40 4974 2
41 4974 2
41 4973 2
40 4973 2
40 4973 3
40 4974 3
40 4975 3
40 4975 4
40 4976 4
40 4976 3
41 4976 3
42 4976 3
42 4975 3
41 4975 3
41 4975 4
41 4976 4
42 4976 4
42 4977 4
42 4977 3
41 4977 3
41 4977 2
41 4977 1
40 4977 1
40 4976 1
39 4976 1
39 4977 1
39 4978 1
39 4978 0
40 4978 0
40 4979 0
41 4979 0
41 4978 0
41 4978 1
41 4979 1
40 4979 1
40 4980 1
41 4980 1
42 4980 1
42 4981 1
42 4982 1
42 4982 0
42 4983 0
42 4983 1
43 4983 1
43 4983 0
43 4983 5001
42 4983 5001
42 4982 5001
41 4982 5001
40 4982 5001
39 4982 5001
38 4982 5001
38 4982 5000
37 4982 5000
37 4983 5000
36 4983 5000
35 4983 5000
34 4983 5000
34 4984 5000
35 4984 5000
35 4984 4999
35 4984 4998
35 4985 4998
35 4985 4999
36 4985 4999
36 4986 4999
36 4987 4999
35 4987 4999
35 4987 4998
35 4987 4997
36 4987 4997
36 4988 4997
37 4988 4997
37 4989 4997
36 4989 4997
35 4989 4997
35 4989 4998
35 4989 4999
35 4989 5000
35 4990 5000
35 4991 5000
35 4991 4999
35 4990 4999
35 4990 4998
34 4990 4998
34 4991 4998
34 4991 4997
34 4992 4997
34 4992 4998
34 4992 4999
35 4992 4999
35 4993 4999
35 4994 4999
35 4995 4999
36 4995 4999
36 4995 4998
36 4994 4998
36 4994 4997
35 4994 4997
35 4993 4997
35 4993 4998
35 4992 4998
36 4992 4998
36 4993 4998
37 4993 4998
37 4994 4998
37 4994 4999
37 4993 4999
38 4993 4999
38 4993 4998
38 4992 4998
38 4991 4998
37 4991 4998
37 4991 4999
37 4992 4999
37 4992 5000
38 4992 5000
39 4992 5000
39 4992 5001
39 4991 5001
39 4991 5000
40 4991 5000
40 4991 5001
40 4990 5001
40 4990 5000
40 4990 4999
40 4990 4998
40 4989 4998
40 4989 4999
39 4989 4999
39 4989 4998
39 4989 4997
40 4989 4997
40 4988 4997
39 4988 4997
39 4988 4998
38 4988 4998
38 4987 4998
39 4987 4998
40 4987 4998
40 4987 4999
40 4986 4999
39 4986 4999
39 4986 5000
39 4986 5001
39 4985 5001
40 4985 5001
40 4985 0
41 4985 0
41 4985 1
41 4986 1
40 4986 1
40 4987 1
40 4988 1
41 4988 1
41 4987 1
42 4987 1
42 4986 1
42 4986 2
42 4986 3
42 4985 3
41 4985 3
40 4985 3
40 4984 3
41 4984 3
41 4984 4
41 4983 4
40 4983 4
40 4983 3
39 4983 3
39 4982 3
38 4982 3
38 4982 2
38 4982 1
39 4982 1
39 4982 2
40 4982 2
40 4982 1
40 4981 1
41 4981 1
41 4981 2
40 4981 2
40 4980 2
39 4980 2
38 4980 2
37 4980 2
37 4981 2
37 4981 3
36 4981 3
36 4982 3
35 4982 3
35 4982 4
35 4981 4
35 4981 5
34 4981 5
34 4980 5
35 4980 5
35 4979 5
35 4979 6
36 4979 6
37 4979 6
37 4979 5
37 4978 5
37 4977 5
37 4977 6
37 4977 7
37 4976 7
37 4976 8
37 4976 9
37 4976 10
37 4977 10
38 4977 10
38 4978 10
38 4979 10
37 4979 10
37 4979 9
38 4979 9
39 4979 9
39 4979 10
39 4978 10
40 4978 10
40 4977 10
40 4977 9
41 4977 9
41 4977 8
41 4978 8
41 4978 9
41 4978 10
41 4977 10
41 4976 10
40 4976 10
40 4975 10
40 4975 9
39 4975 9
38 4975 9
38 4975 8
38 4975 7
39 4975 7
40 4975 7
40 4975 8
41 4975 8
41 4975 7
41 4975 6
42 4975 6
42 4975 7
42 4976 7
41 4976 7
41 4976 8
41 4976 9
41 4975 9
41 4974 9
41 4974 8
42 4974 8
42 4974 7
42 4974 6
43 4974 6
44 4974 6
45 4974 6
46 4974 6
46 4974 7
45 4974 7
45 4973 7
46 4973 7
46 4973 8
46 4972 8
46 4972 9
46 4972 10
47 4972 10
47 4972 11
47 4971 11
48 4971 11
48 4971 10
49 4971 10
50 4971 10
50 4971 9
50 4970 9
50 4970 10
50 4970 11
50 4969 11
50 4969 12
50 4968 12
50 4968 11
51 4968 11
51 4968 12
51 4968 13
51 4968 14
51 4968 15
50 4968 15
50 4968 16
50 4968 17
49 4968 17
49 4968 16
49 4969 16
49 4969 17
50 4969 17
51 4969 17
52 4969 17
53 4969 17
54 4969 17
54 4969 18
55 4969 18
55 4969 19
55 4968 19
55 4968 18
55 4967 18
55 4966 18
56 4966 18
56 4966 19
55 4966 19
54 4966 19
54 4965 19
54 4964 19
53 4964 19
53 4963 19
53 4963 18
53 4962 18
52 4962 18
52 4962 17
53 4962 17
53 4963 17
54 4963 17
55 4963 17
55 4963 16
54 4963 16
54 4962 16
54 4962 15
55 4962 15
56 4962 15
56 4963 15
55 4963 15
54 4963 15
53 4963 15
52 4963 15
51 4963 15
50 4963 15
50 4963 14
50 4963 13
50 4962 13
50 4962 14
50 4962 15
50 4961 15
49 4961 15
49 4960 15
49 4960 14
49 4959 14
50 4959 14
50 4958 14
49 4958 14
48 4958 14
48 4957 14
48 4957 13
48 4956 13
48 4956 12
48 4956 11
47 4956 11
47 4955 11
48 4955 11
48 4955 12
48 4955 13
49 4955 13
49 4955 12
49 4954 12
49 4953 12
49 4953 11
49 4954 11
48 4954 11
47 4954 11
47 4954 12
48 4954 12
48 4953 12
48 4953 11
48 4952 11
47 4952 11
47 4952 12
46 4952 12
46 4951 12
46 4950 12
46 4950 11
47 4950 11
47 4951 11
48 4951 11
48 4951 12
48 4951 13
49 4951 13
49 4951 14
49 4951 15
48 4951 15
48 4951 16
48 4952 16
49 4952 16
50 4952 16
51 4952 16
51 4953 16
51 4953 17
51 4953 18
52 4953 18
52 4954 18
53 4954 18
53 4954 19
53 4954 20
52 4954 20
52 4954 19
52 4955 19
53 4955 19
53 4955 20
52 4955 20
52 4956 20
52 4957 20
51 4957 20
50 4957 20
50 4957 21
50 4957 22
49 4957 22
49 4957 21
49 4958 21
49 4958 20
49 4959 20
48 4959 20
47 4959 20
47 4959 21
47 4958 21
48 4958 21
48 4958 20
48 4958 19
48 4959 19
48 4960 19
49 4960 19
49 4959 19
49 4958 19
49 4958 18
49 4958 17
49 4959 17
50 4959 17
50 4959 16
50 4959 15
51 4959 15
51 4960 15
51 4960 14
52 4960 14
52 4960 13
52 4960 12
52 4961 12
53 4961 12
53 4961 13
54 4961 13
54 4961 14
55 4961 14
55 4962 14
55 4963 14
56 4963 14
56 4962 14
56 4961 14
56 4960 14
55 4960 14
54 4960 14
53 4960 14
53 4961 14
53 4962 14
53 4963 14
53 4964 14
54 4964 14
54 4965 14
55 4965 14
55 4965 15
56 4965 15
56 4965 16
55 4965 16
55 4964 16
54 4964 16
54 4964 15
53 4964 15
52 4964 15
52 4964 16
52 4964 17
52 4965 17
52 4965 16
52 4966 16
52 4966 15
53 4966 15
54 4966 15
55 4966 15
56 4966 15
56 4966 16
56 4966 17
56 4967 17
56 4967 18
56 4968 18
56 4969 18
56 4969 19
56 4969 20
57 4969 20
57 4968 20
56 4968 20
55 4968 20
55 4967 20
56 4967 20
57 4967 20
57 4966 20
56 4966 20
55 4966 20
55 4965 20
54 4965 20
54 4965 21
54 4966 21
54 4966 22
54 4967 22
53 4967 22
53 4966 22
53 4966 21
53 4966 20
53 4966 19
52 4966 19
52 4966 18
52 4965 18
52 4964 18
53 4964 18
54 4964 18
54 4963 18
54 4963 19
55 4963 19
56 4963 19
56 4963 20
57 4963 20
57 4962 20
56 4962 20
55 4962 20
55 4961 20
55 4961 21
55 4960 21
56 4960 21
56 4959 21
57 4959 21
57 4958 21
57 4958 22
57 4958 23
56 4958 23
56 4959 23
56 4959 22
56 4960 22
55 4960 22
55 4960 23
55 4961 23
55 4961 24
55 4960 24
55 4960 25
55 4961 25
55 4962 25
55 4962 24
56 4962 24
56 4962 25
57 4962 25
57 4961 25
56 4961 25
56 4961 26
55 4961 26
55 4962 26
56 4962 26
56 4962 27
56 4961 27
55 4961 27
55 4960 27
55 4959 27
56 4959 27
56 4958 27
56 4958 26
56 4959 26
56 4959 25
56 4960 25
56 4960 26
56 4960 27
56 4960 28
55 4960 28
55 4959 28
56 4959 28
56 4958 28
57 4958 28
58 4958 28
59 4958 28
59 4958 29
58 4958 29
58 4958 30
57 4958 30
57 4958 29
57 4957 29
57 4957 30
57 4956 30
57 4955 30
57 4955 31
56 4955 31
55 4955 31
55 4954 31
55 4953 31
56 4953 31
56 4954 31
56 4954 32
56 4954 33
56 4953 33
56 4953 32
55 4953 32
55 4954 32
55 4955 32
55 4955 33
55 4955 34
56 4955 34
57 4955 34
57 4955 35
57 4954 35
57 4953 35
57 4953 34
57 4953 33
58 4953 33
58 4952 33
58 4951 33
58 4950 33
58 4950 32
58 4949 32
58 4948 32
58 4948 33
59 4948 33
60 4948 33
60 4949 33
61 4949 33
62 4949 33
62 4949 34
62 4948 34
61 4948 34
60 4948 34
60 4948 35
61 4948 35
61 4947 35
60 4947 35
60 4946 35
61 4946 35
62 4946 35
63 4946 35
63 4946 36
63 4947 36
62 4947 36
61 4947 36
61 4946 36
60 4946 36
60 4945 36
60 4945 37
61 4945 37
61 4946 37
60 4946 37
60 4946 38
59 4946 38
59 4946 37
59 4947 37
59 4948 37
60 4948 37
60 4948 36
61 4948 36
61 4948 37
62 4948 37
63 4948 37
63 4949 37
64 4949 37
65 4949 37
66 4949 37
66 4948 37
65 4948 37
65 4947 37
66 4947 37
66 4946 37
66 4945 37
67 4945 37
67 4945 38
66 4945 38
66 4946 38
66 4946 39
66 4945 39
65 4945 39
65 4944 39
65 4944 40
65 4943 40
65 4943 39
65 4942 39
64 4942 39
64 4941 39
64 4941 38
64 4940 38
64 4939 38
65 4939 38
65 4940 38
66 4940 38
66 4940 39
67 4940 39
67 4940 40
66 4940 40
66 4941 40
65 4941 40
65 4940 40
65 4939 40
65 4938 40
66 4938 40
66 4938 41
65 4938 41
65 4939 41
65 4939 42
66 4939 42
66 4939 43
65 4939 43
64 4939 43
63 4939 43
63 4940 43
63 4941 43
62 4941 43
62 4941 42
62 4940 42
63 4940 42
63 4940 41
63 4940 40
63 4939 40
63 4939 39
64 4939 39
64 4938 39
64 4937 39
63 4937 39
62 4937 39
62 4938 39
62 4938 38
63 4938 38
63 4938 37
63 4937 37
64 4937 37
64 4937 36
64 4937 35
63 4937 35
62 4937 35
62 4937 36
62 4937 37
61 4937 37
60 4937 37
60 4937 38
59 4937 38
59 4938 38
60 4938 38
60 4939 38
59 4939 38
59 4939 37
59 4938 37
60 4938 37
61 4938 37
61 4938 38
61 4939 38
62 4939 38
62 4940 38
62 4941 38
62 4942 38
62 4942 37
63 4942 37
63 4943 37
63 4944 37
63 4945 37
64 4945 37
64 4945 38
64 4945 39
64 4945 40
63 4945 40
63 4946 40
62 4946 40
62 4946 39
63 4946 39
63 4946 38
63 4946 37
64 4946 37
64 4946 38
64 4947 38
63 4947 38
63 4947 39
64 4947 39
64 4946 39
65 4946 39
65 4947 39
65 4947 38
65 4948 38
64 4948 38
64 4948 37
64 4948 36
64 4949 36
65 4949 36
65 4949 35
65 4950 35
65 4951 35
65 4951 34
65 4951 33
64 4951 33
63 4951 33
63 4950 33
63 4950 32
62 4950 32
61 4950 32
61 4950 31
60 4950 31
60 4951 31
61 4951 31
61 4951 30
60 4951 30
60 4952 30
59 4952 30
58 4952 30
57 4952 30
57 4952 29
57 4951 29
57 4951 30
57 4951 31
57 4952 31
58 4952 31
58 4952 32
59 4952 32
60 4952 32
61 4952 32
61 4952 33
61 4953 33
60 4953 33
59 4953 33
59 4952 33
60 4952 33
60 4952 34
60 4953 34
61 4953 34
61 4954 34
60 4954 34
60 4955 34
61 4955 34
61 4955 35
61 4955 36
60 4955 36
60 4956 36
60 4957 36
61 4957 36
61 4956 36
61 4956 35
61 4957 35
61 4958 35
62 4958 35
62 4957 35
63 4957 35
64 4957 35
64 4958 35
63 4958 35
63 4958 34
63 4957 34
64 4957 34
64 4957 33
65 4957 33
65 4958 33
66 4958 33
67 4958 33
67 4957 33
66 4957 33
66 4957 32
66 4958 32
66 4958 31
66 4957 31
65 4957 31
65 4956 31
65 4955 31
65 4955 30
65 4956 30
65 4956 29
66 4956 29
66 4956 30
67 4956 30
67 4955 30
67 4955 31
66 4955 31
66 4954 31
67 4954 31
68 4954 31
69 4954 31
69 4954 32
68 4954 32
68 4953 32
69 4953 32
69 4953 33
69 4952 33
69 4951 33
68 4951 33
68 4950 33
67 4950 33
67 4950 34
67 4951 34
68 4951 34
68 4952 34
69 4952 34
69 4952 35
69 4951 35
70 4951 35
70 4952 35
70 4952 34
70 4953 34
71 4953 34
71 4953 33
71 4952 33
71 4951 33
71 4951 34
70 4951 34
70 4951 33
70 4952 33
70 4953 33
70 4954 33
70 4954 32
70 4953 32
70 4952 32
71 4952 32
71 4951 32
70 4951 32
70 4951 31
69 4951 31
69 4951 30
69 4952 30
69 4952 31
69 4953 31
70 4953 31
70 4954 31
70 4954 30
69 4954 30
69 4954 29
69 4953 29
69 4952 29
68 4952 29
68 4952 30
67 4952 30
67 4951 30
68 4951 30
68 4950 30
68 4950 29
68 4949 29
68 4948 29
68 4948 28
68 4948 27
68 4947 27
67 4947 27
66 4947 27
66 4947 26
66 4946 26
66 4945 26
66 4944 26
66 4944 27
67 4944 27
67 4944 28
67 4944 29
67 4944 30
68 4944 30
69 4944 30
69 4943 30
70 4943 30
70 4944 30
70 4944 29
71 4944 29
71 4945 29
71 4945 28
71 4945 27
71 4946 27
71 4947 27
71 4948 27
72 4948 27
72 4948 26
72 4948 25
73 4948 25
73 4948 26
74 4948 26
74 4948 27
75 4948 27
75 4948 28
75 4948 29
76 4948 29
77 4948 29
77 4949 29
77 4950 29
76 4950 29
76 4951 29
76 4951 30
77 4951 30
77 4951 29
78 4951 29
78 4951 28
78 4951 27
78 4951 26
78 4950 26
79 4950 26
80 4950 26
80 4950 25
80 4951 25
80 4951 24
80 4951 23
80 4951 22
80 4951 21
81 4951 21
82 4951 21
82 4951 20
81 4951 20
81 4951 19
82 4951 19
82 4951 18
81 4951 18
81 4951 17
80 4951 17
80 4951 16
80 4951 15
81 4951 15
81 4951 14
81 4952 14
81 4953 14
80 4953 14
79 4953 14
79 4953 15
79 4952 15
79 4951 15
79 4951 16
79 4952 16
80 4952 16
80 4953 16
81 4953 16
81 4954 16
81 4954 17
80 4954 17
79 4954 17
78 4954 17
78 4954 16
77 4954 16
77 4955 16
76 4955 16
75 4955 16
75 4955 15
75 4956 15
75 4956 16
76 4956 16
77 4956 16
78 4956 16
78 4956 17
78 4956 18
78 4957 18
78 4957 19
78 4956 19
79 4956 19
79 4957 19
79 4957 18
79 4956 18
79 4956 17
79 4955 17
79 4955 16
79 4954 16
79 4954 15
79 4955 15
79 4955 14
79 4954 14
79 4954 13
80 4954 13
80 4954 12
79 4954 12
78 4954 12
78 4953 12
78 4953 13
77 4953 13
77 4953 14
76 4953 14
76 4953 13
76 4954 13
75 4954 13
74 4954 13
74 4953 13
73 4953 13
72 4953 13
72 4954 13
72 4954 14
73 4954 14
73 4954 13
73 4955 13
74 4955 13
74 4956 13
74 4957 13
74 4957 14
73 4957 14
73 4958 14
73 4958 13
73 4959 13
73 4959 12
73 4958 12
73 4958 11
73 4958 10
72 4958 10
72 4958 9
73 4958 9
73 4959 9
74 4959 9
74 4959 10
74 4959 11
74 4960 11
75 4960 11
75 4959 11
75 4959 10
75 4960 10
76 4960 10
76 4960 9
76 4960 8
77 4960 8
77 4960 9
78 4960 9
79 4960 9
79 4960 10
79 4960 11
79 4961 11
79 4961 12
79 4961 13
79 4960 13
80 4960 13
80 4960 12
79 4960 12
78 4960 12
78 4959 12
78 4958 12
78 4958 13
78 4959 13
77 4959 13
76 4959 13
75 4959 13
75 4960 13
74 4960 13
74 4959 13
74 4959 12
75 4959 12
75 4960 12
74 4960 12
73 4960 12
73 4960 11
72 4960 11
72 4961 11
72 4962 11
72 4962 10
73 4962 10
73 4963 10
72 4963 10
72 4963 9
72 4963 8
73 4963 8
73 4963 7
72 4963 7
72 4963 6
73 4963 6
73 4962 6
73 4961 6
74 4961 6
75 4961 6
75 4962 6
75 4962 7
76 4962 7
76 4961 7
77 4961 7
77 4961 8
77 4962 8
76 4962 8
76 4962 9
75 4962 9
75 4962 8
75 4961 8
75 4960 8
75 4960 9
74 4960 9
74 4961 9
74 4961 8
74 4960 8
74 4959 8
74 4958 8
74 4958 9
74 4957 9
73 4957 9
73 4957 8
73 4956 8
74 4956 8
74 4956 9
73 4956 9
73 4955 9
73 4955 10
73 4955 11
73 4954 11
73 4954 10
72 4954 10
72 4954 11
72 4954 12
73 4954 12
73 4955 12
73 4956 12
73 4957 12
74 4957 12
75 4957 12
75 4957 11
75 4957 10
75 4958 10
75 4958 11
75 4958 12
75 4958 13
76 4958 13
76 4957 13
76 4957 14
76 4957 15
76 4957 16
77 4957 16
77 4957 17
77 4956 17
77 4955 17
77 4955 18
77 4955 19
77 4954 19
77 4954 20
76 4954 20
76 4954 19
75 4954 19
75 4953 19
76 4953 19
77 4953 19
77 4952 19
77 4951 19
77 4951 20
76 4951 20
75 4951 20
75 4951 19
75 4952 19
76 4952 19
76 4951 19
76 4950 19
77 4950 19
78 4950 19
78 4949 19
78 4949 18
78 4950 18
78 4950 17
78 4951 17
78 4951 16
78 4952 16
77 4952 16
76 4952 16
76 4951 16
77 4951 16
77 4950 16
77 4950 15
78 4950 15
78 4949 15
78 4949 14
78 4949 13
77 4949 13
77 4949 14
76 4949 14
76 4948 14
76 4948 15
76 4948 16
76 4949 16
77 4949 16
77 4949 15
77 4948 15
77 4948 16
78 4948 16
79 4948 16
79 4948 17
79 4949 17
79 4950 17
79 4950 18
79 4949 18
79 4948 18
78 4948 18
77 4948 18
76 4948 18
75 4948 18
75 4948 19
75 4947 19
74 4947 19
73 4947 19
73 4946 19
73 4945 19
73 4944 19
73 4944 20
74 4944 20
74 4945 20
75 4945 20
75 4945 19
74 4945 19
74 4944 19
74 4943 19
75 4943 19
75 4944 19
76 4944 19
76 4945 19
76 4945 18
76 4944 18
75 4944 18
74 4944 18
74 4943 18
73 4943 18
73 4942 18
72 4942 18
72 4942 17
72 4942 16
72 4941 16
72 4940 16
72 4940 17
73 4940 17
73 4940 16
73 4939 16
73 4939 17
74 4939 17
74 4939 16
75 4939 16
75 4938 16
75 4937 16
75 4937 15
75 4937 14
76 4937 14
76 4937 15
77 4937 15
77 4938 15
76 4938 15
76 4938 16
76 4938 17
76 4939 17
77 4939 17
77 4939 16
77 4940 16
77 4940 15
77 4940 14
76 4940 14
76 4941 14
77 4941 14
77 4942 14
77 4943 14
78 4943 14
78 4943 15
78 4943 16
79 4943 16
79 4944 16
78 4944 16
77 4944 16
77 4944 15
77 4945 15
77 4945 14
78 4945 14
78 4945 13
78 4946 13
79 4946 13
79 4945 13
80 4945 13
80 4944 13
80 4944 14
80 4945 14
80 4946 14
80 4946 13
81 4946 13
81 4946 14
81 4945 14
81 4944 14
81 4944 15
81 4945 15
82 4945 15
82 4945 14
82 4945 13
82 4944 13
82 4944 14
83 4944 14
84 4944 14
84 4944 15
83 4944 15
83 4943 15
82 4943 15
82 4944 15
82 4944 16
82 4944 17
81 4944 17
81 4945 17
81 4946 17
81 4946 16
82 4946 16
82 4946 15
82 4947 15
82 4947 16
82 4948 16
82 4949 16
83 4949 16
83 4948 16
83 4948 17
82 4948 17
82 4949 17
83 4949 17
84 4949 17
84 4948 17
84 4948 18
84 4949 18
84 4949 19
83 4949 19
83 4949 20
84 4949 20
84 4950 20
83 4950 20
83 4950 19
83 4950 18
83 4951 18
83 4952 18
83 4952 19
83 4952 20
83 4952 21
83 4951 21
83 4951 20
84 4951 20
84 4951 19
84 4952 19
84 4952 18
84 4952 17
84 4952 16
84 4953 16
84 4953 15
84 4954 15
85 4954 15
86 4954 15
86 4953 15
86 4953 14
86 4954 14
85 4954 14
85 4954 13
85 4955 13
85 4955 14
86 4955 14
86 4955 13
86 4955 12
86 4956 12
86 4957 12
87 4957 12
87 4956 12
87 4956 13
87 4955 13
87 4955 14
87 4956 14
88 4956 14
89 4956 14
89 4957 14
89 4957 13
88 4957 13
88 4958 13
88 4958 14
87 4958 14
86 4958 14
86 4958 15
85 4958 15
85 4958 16
85 4959 16
84 4959 16
83 4959 16
83 4958 16
83 4958 15
83 4957 15
83 4957 14
83 4957 13
82 4957 13
81 4957 13
81 4957 12
82 4957 12
82 4958 12
82 4959 12
81 4959 12
81 4960 12
81 4960 13
81 4960 14
81 4959 14
81 4958 14
80 4958 14
80 4958 15
80 4959 15
80 4959 14
80 4960 14
80 4960 15
80 4961 15
81 4961 15
82 4961 15
82 4960 15
82 4960 16
83 4960 16
84 4960 16
84 4961 16
83 4961 16
82 4961 16
81 4961 16
80 4961 16
80 4961 17
80 4960 17
81 4960 17
81 4959 17
82 4959 17
82 4960 17
82 4961 17
82 4961 18
82 4961 19
82 4961 20
82 4960 20
82 4960 21
82 4961 21
82 4961 22
82 4960 22
82 4959 22
81 4959 22
81 4959 21
81 4960 21
81 4960 22
81 4960 23
81 4961 23
81 4962 23
81 4963 23
81 4963 24
82 4963 24
82 4963 25
81 4963 25
81 4963 26
81 4963 27
81 4963 28
81 4963 29
81 4963 30
81 4963 31
82 4963 31
83 4963 31
83 4963 30
82 4963 30
82 4962 30
81 4962 30
80 4962 30
79 4962 30
79 4962 29
78 4962 29
78 4961 29
78 4960 29
78 4959 29
79 4959 29
79 4959 30
80 4959 30
80 4960 30
80 4961 30
80 4961 29
79 4961 29
79 4961 30
78 4961 30
78 4962 30
78 4963 30
78 4963 31
78 4963 32
78 4962 32
79 4962 32
80 4962 32
80 4962 31
80 4961 31
80 4961 32
79 4961 32
79 4961 33
79 4961 34
79 4961 35
78 4961 35
78 4960 35
78 4959 35
78 4959 34
78 4958 34
78 4958 35
78 4958 36
77 4958 36
76 4958 36
76 4958 37
76 4958 38
77 4958 38
78 4958 38
78 4958 39
78 4957 39
77 4957 39
77 4957 38
78 4957 38
78 4957 37
79 4957 37
79 4958 37
79 4959 37
79 4960 37
79 4961 37
79 4962 37
78 4962 37
78 4962 38
77 4962 38
77 4963 38
77 4963 37
76 4963 37
76 4963 36
77 4963 36
78 4963 36
78 4964 36
79 4964 36
79 4965 36
79 4965 37
79 4965 38
79 4964 38
79 4963 38
79 4962 38
80 4962 38
80 4962 37
81 4962 37
81 4962 36
81 4963 36
80 4963 36
80 4964 36
80 4965 36
80 4966 36
80 4967 36
80 4967 35
79 4967 35
79 4967 36
79 4967 37
78 4967 37
78 4967 38
78 4966 38
78 4965 38
78 4964 38
77 4964 38
77 4964 39
76 4964 39
76 4964 40
76 4965 40
76 4966 40
76 4967 40
76 4967 39
76 4967 38
77 4967 38
77 4967 39
77 4966 39
77 4966 38
77 4965 38
77 4965 39
77 4965 40
77 4966 40
77 4966 41
78 4966 41
78 4966 42
78 4965 42
78 4965 41
78 4965 40
79 4965 40
79 4965 41
79 4965 42
80 4965 42
80 4965 43
79 4965 43
78 4965 43
78 4964 43
78 4964 44
78 4965 44
77 4965 44
77 4965 43
76 4965 43
76 4965 44
75 4965 44
75 4965 43
75 4964 43
74 4964 43
74 4964 42
74 4964 41
73 4964 41
73 4965 41
73 4965 40
74 4965 40
75 4965 40
75 4965 41
75 4965 42
76 4965 42
76 4964 42
77 4964 42
77 4964 43
76 4964 43
76 4964 44
75 4964 44
75 4963 44
74 4963 44
74 4964 44
73 4964 44
73 4963 44
73 4963 43
73 4962 43
74 4962 43
74 4961 43
74 4960 43
75 4960 43
75 4959 43
75 4958 43
75 4958 42
75 4957 42
75 4957 43
76 4957 43
76 4957 42
77 4957 42
77 4958 42
78 4958 42
78 4959 42
77 4959 42
77 4960 42
77 4961 42
77 4961 43
77 4960 43
77 4959 43
76 4959 43
76 4960 43
76 4960 42
76 4959 42
76 4958 42
76 4958 41
75 4958 41
74 4958 41
74 4958 42
73 4958 42
73 4957 42
72 4957 42
72 4957 43
72 4958 43
72 4958 42
71 4958 42
71 4958 43
71 4958 44
72 4958 44
72 4959 44
72 4960 44
73 4960 44
73 4960 43
72 4960 43
72 4959 43
72 4959 42
73 4959 42
74 4959 42
74 4959 41
75 4959 41
75 4959 42
75 4960 42
74 4960 42
73 4960 42
73 4961 42
72 4961 42
72 4961 41
72 4962 41
72 4963 41
72 4963 40
73 4963 40
73 4962 40
73 4962 39
73 4962 38
73 4962 37
73 4963 37
72 4963 37
72 4963 38
71 4963 38
71 4963 37
71 4963 36
71 4962 36
72 4962 36
72 4961 36
73 4961 36
74 4961 36
74 4962 36
74 4962 37
75 4962 37
75 4961 37
75 4961 36
75 4960 36
75 4960 37
76 4960 37
76 4960 36
76 4961 36
77 4961 36
77 4961 35
77 4962 35
77 4963 35
76 4963 35
76 4962 35
75 4962 35
75 4963 35
75 4964 35
76 4964 35
77 4964 35
77 4964 36
77 4964 37
76 4964 37
76 4964 38
75 4964 38
75 4965 38
75 4965 37
74 4965 37
74 4966 37
74 4967 37
73 4967 37
73 4967 38
72 4967 38
72 4968 38
72 4969 38
72 4969 39
72 4968 39
72 4968 40
71 4968 40
71 4967 40
70 4967 40
70 4967 39
70 4967 38
70 4968 38
70 4968 37
70 4969 37
70 4970 37
70 4970 36
69 4970 36
69 4969 36
68 4969 36
67 4969 36
67 4970 36
66 4970 36
66 4971 36
66 4971 35
66 4972 35
65 4972 35
65 4972 34
66 4972 34
66 4973 34
66 4973 35
67 4973 35
67 4973 34
67 4972 34
68 4972 34
68 4972 35
68 4972 36
67 4972 36
66 4972 36
66 4972 37
66 4973 37
66 4974 37
66 4974 38
66 4974 39
66 4974 40
67 4974 40
68 4974 40
68 4974 39
68 4974 38
68 4975 38
67 4975 38
67 4975 37
66 4975 37
66 4975 36
65 4975 36
65 4975 35
65 4975 34
64 4975 34
64 4975 33
64 4974 33
64 4973 33
64 4972 33
END POLYMER 0