0.01, 12.000000000000277
0.02, 6.000000000000135
0.03, 3.99999999817319
0.04, 2.9999988297888227
0.05, 2.3999462662948408
0.060000000000000005, 1.999333716624405
0.06999999999999999, 1.7103568265899327
0.08, 1.485397954206226
0.09, 1.2933633548709143
0.09999999999999999, 1.1115685145868146
0.11, 0.9231897699022235
0.12, 0.7164721829764088
0.13, 0.484244186436176
0.14, 0.22331297549796783
0.15000000000000002, -0.06628539098058518
0.16, -0.3820931541497419
0.17, -0.7200049367134905
0.18000000000000002, -1.074947998664232
0.19, -1.4414387649606673
0.2, -1.8140089191220674
0.21000000000000002, -2.18750917943364
0.22, -2.5573069755522915
0.23, -2.9193975750357866
0.24000000000000002, -3.2704484240780025
0.25, -3.6077948216070377
0.26, -3.9294024460254007
0.27, -4.233809319344864
0.28, -4.520056922042438
0.29000000000000004, -4.787617593682084
0.3, -5.0363231784279545
0.31, -5.266298128508905
0.32, -5.477898939367859
0.33, -5.671660807264253
0.34, -5.848251712163401
0.35000000000000003, -6.0084336740432756
0.36000000000000004, -6.153030653015999
0.37, -6.282902415002566
0.38, -6.398923626348282
0.39, -6.50196744260882
0.4, -6.592892896227376
0.41000000000000003, -6.672535448662444
0.42000000000000004, -6.741700143355179
0.43, -6.801156869155307
0.44, -6.851637314646942
0.45, -6.893833259415653
0.46, -6.9283959072397225
0.47000000000000003, -6.9559360179597
0.48000000000000004, -6.97702463945553
0.49, -6.992194279166759
0.5, -7.001940386542718
0.51, -7.006723044400424
0.52, -7.006968789101167
0.53, -7.003072497403842
0.54, -6.995399292428605
0.55, -6.984286432917106
0.56, -6.9700451593848785
0.5700000000000001, -6.952962478239012
0.5800000000000001, -6.933302870831013
0.59, -6.911309919024332
0.6, -6.887207842424847
0.61, -6.86120294515311
0.62, -6.833484972097411
0.63, -6.804228376113077
0.64, -6.7735934987377036
0.65, -6.741727667764513
0.66, -6.708766215529693
0.67, -6.67483342208301
0.68, -6.640043387571263
0.6900000000000001, -6.604500838208486
0.7000000000000001, -6.568301870164944
0.7100000000000001, -6.531534635602304
0.72, -6.494279974933282
0.73, -6.456611999204798
0.74, -6.418598626305287
0.75, -6.380302074487957
0.76, -6.3417793164885845
0.77, -6.303082497304029
0.78, -6.264259318489226
0.79, -6.225353391628779
0.8, -6.18640456344592
0.81, -6.1474492148277875
0.8200000000000001, -6.1085205358723575
0.8300000000000001, -6.069648778899111
0.8400000000000001, -6.030861491212894
0.85, -5.992183729268025
0.86, -5.953638255747475
0.87, -5.915245720949257
0.88, -5.877024829758774
0.89, -5.838992495381126
0.9, -5.801163980910828
0.91, -5.763553029727522
0.92, -5.726171985624537
0.93, -5.68903190350204
0.9400000000000001, -5.652142651387575
0.9500000000000001, -5.6155130044835815
0.9600000000000001, -5.579150731883429
0.97, -5.543062676544408
0.98, -5.507254829057343
0.99, -5.471732395707959
1.0, -5.436499861284187
1.01, -5.401561047046242
1.02, -5.366919164242017
1.03, -5.332576863518962
1.04, -5.298536280554885
1.05, -5.264799078203841
1.06, -5.231366485429144
1.07, -5.198239333273495
1.08, -5.165418088095988
1.09, -5.1329028822872855
1.1, -5.100693542657212
1.11, -5.06878961667353
1.12, -5.037190396716343
1.1300000000000001, -5.005894942499562
1.1400000000000001, -4.974902101798803
1.1500000000000001, -4.944210529614146
1.1600000000000001, -4.913818705886027
1.17, -4.883724951873327
1.18, -4.853927445294148
1.19, -4.824424234321994
1.2, -4.7952132505228535
1.21, -4.766292320812103
1.22, -4.737659178504068
1.23, -4.7093114735214945
1.24, -4.681246781827041
1.25, -4.653462614134194
1.26, -4.625956423950628
1.27, -4.598725615003046
1.28, -4.571767548088841
1.29, -4.545079547396505
1.3, -4.518658906333586
1.31, -4.492502892898107
1.32, -4.4666087546266695
1.33, -4.440973723150051
1.34, -4.415595018384755
1.35, -4.390469852386992
1.36, -4.365595432893488
1.37, -4.34096896657187
1.3800000000000001, -4.316587662001623
1.3900000000000001, -4.2924487324051315
1.4000000000000001, -4.268549398146904
1.4100000000000001, -4.244886889017741
1.42, -4.221458446319444
1.43, -4.1982613247644975
1.44, -4.175292794204167
1.45, -4.152550141197435
1.46, -4.130030670432378
1.47, -4.107731706010712
1.48, -4.08565059260549
1.49, -4.063784696501229
