Dumping coordinates at step 0.
Dumping coordinates of Polymer # 0.
START
0 | 0 | 0 | 0 | 
0 | 0 | 1 | 0 | 
1 | 0 | 1 | 0 | 
1 | 1 | 1 | 0 | 
2 | 1 | 1 | 0 | 
2 | 1 | 0 | 0 | 
3 | 1 | 0 | 0 | 
3 | 1 | 1 | 0 | 
3 | 2 | 1 | 0 | 
3 | 2 | 0 | 0 | 
2 | 2 | 0 | 0 | 
1 | 2 | 0 | 0 | 
1 | 1 | 0 | 0 | 
1 | 0 | 0 | 0 | 
1 | 101 | 0 | 0 | 
0 | 101 | 0 | 0 | 
101 | 101 | 0 | 0 | 
100 | 101 | 0 | 0 | 
100 | 101 | 101 | 0 | 
100 | 0 | 101 | 0 | 
100 | 0 | 100 | 0 | 
101 | 0 | 100 | 0 | 
0 | 0 | 100 | 0 | 
0 | 0 | 101 | 0 | 
0 | 1 | 101 | 0 | 
1 | 1 | 101 | 0 | 
1 | 0 | 101 | 0 | 
1 | 101 | 101 | 0 | 
0 | 101 | 101 | 0 | 
0 | 100 | 101 | 0 | 
0 | 100 | 100 | 0 | 
0 | 99 | 100 | 0 | 
0 | 99 | 101 | 0 | 
0 | 99 | 0 | 0 | 
0 | 100 | 0 | 0 | 
1 | 100 | 0 | 0 | 
1 | 100 | 101 | 0 | 
1 | 99 | 101 | 0 | 
1 | 98 | 101 | 0 | 
2 | 98 | 101 | 0 | 
3 | 98 | 101 | 0 | 
3 | 99 | 101 | 0 | 
3 | 100 | 101 | 0 | 
2 | 100 | 101 | 0 | 
2 | 100 | 0 | 0 | 
2 | 99 | 0 | 0 | 
2 | 99 | 1 | 0 | 
2 | 99 | 2 | 0 | 
3 | 99 | 2 | 0 | 
3 | 99 | 3 | 0 | 
3 | 98 | 3 | 0 | 
3 | 98 | 4 | 0 | 
3 | 99 | 4 | 0 | 
3 | 99 | 5 | 0 | 
4 | 99 | 5 | 0 | 
4 | 99 | 6 | 0 | 
5 | 99 | 6 | 0 | 
5 | 99 | 7 | 0 | 
4 | 99 | 7 | 0 | 
4 | 99 | 8 | 0 | 
4 | 98 | 8 | 0 | 
4 | 98 | 9 | 0 | 
4 | 99 | 9 | 0 | 
3 | 99 | 9 | 0 | 
2 | 99 | 9 | 0 | 
2 | 99 | 10 | 0 | 
3 | 99 | 10 | 0 | 
3 | 98 | 10 | 0 | 
2 | 98 | 10 | 0 | 
2 | 98 | 9 | 0 | 
2 | 98 | 8 | 0 | 
1 | 98 | 8 | 0 | 
1 | 99 | 8 | 0 | 
1 | 99 | 7 | 0 | 
2 | 99 | 7 | 0 | 
2 | 100 | 7 | 0 | 
2 | 100 | 8 | 0 | 
3 | 100 | 8 | 0 | 
3 | 99 | 8 | 0 | 
3 | 99 | 7 | 0 | 
3 | 98 | 7 | 0 | 
3 | 98 | 6 | 0 | 
4 | 98 | 6 | 0 | 
4 | 98 | 7 | 0 | 
4 | 97 | 7 | 0 | 
4 | 97 | 8 | 0 | 
4 | 96 | 8 | 0 | 
5 | 96 | 8 | 0 | 
6 | 96 | 8 | 0 | 
6 | 96 | 9 | 0 | 
6 | 96 | 10 | 0 | 
6 | 95 | 10 | 0 | 
6 | 94 | 10 | 0 | 
6 | 94 | 11 | 0 | 
6 | 94 | 12 | 0 | 
7 | 94 | 12 | 0 | 
7 | 94 | 13 | 0 | 
7 | 93 | 13 | 0 | 
7 | 92 | 13 | 0 | 
6 | 92 | 13 | 0 | 
END
~#~#~#~#~#~#~#~#~#~#~#~#~#~#~#~#~#~#~#~#
Dumping coordinates at step 1.
Dumping coordinates of Polymer # 0.
START
0 | 0 | 0 | 0 | 
0 | 0 | 1 | 0 | 
1 | 0 | 1 | 0 | 
1 | 1 | 1 | 0 | 
2 | 1 | 1 | 0 | 
2 | 1 | 0 | 0 | 
3 | 1 | 0 | 0 | 
3 | 1 | 1 | 0 | 
3 | 2 | 1 | 0 | 
3 | 2 | 0 | 0 | 
2 | 2 | 0 | 0 | 
1 | 2 | 0 | 0 | 
1 | 1 | 0 | 0 | 
1 | 0 | 0 | 0 | 
1 | 101 | 0 | 0 | 
0 | 101 | 0 | 0 | 
101 | 101 | 0 | 0 | 
100 | 101 | 0 | 0 | 
100 | 101 | 101 | 0 | 
100 | 0 | 101 | 0 | 
100 | 0 | 100 | 0 | 
101 | 0 | 100 | 0 | 
0 | 0 | 100 | 0 | 
0 | 0 | 101 | 0 | 
0 | 1 | 101 | 0 | 
1 | 1 | 101 | 0 | 
1 | 0 | 101 | 0 | 
1 | 101 | 101 | 0 | 
0 | 101 | 101 | 0 | 
0 | 100 | 101 | 0 | 
0 | 100 | 100 | 0 | 
0 | 99 | 100 | 0 | 
0 | 99 | 101 | 0 | 
0 | 99 | 0 | 0 | 
0 | 100 | 0 | 0 | 
1 | 100 | 0 | 0 | 
1 | 100 | 101 | 0 | 
1 | 99 | 101 | 0 | 
1 | 98 | 101 | 0 | 
2 | 98 | 101 | 0 | 
3 | 98 | 101 | 0 | 
3 | 99 | 101 | 0 | 
3 | 100 | 101 | 0 | 
2 | 100 | 101 | 0 | 
2 | 100 | 0 | 0 | 
2 | 99 | 0 | 0 | 
2 | 99 | 1 | 0 | 
2 | 99 | 2 | 0 | 
3 | 99 | 2 | 0 | 
3 | 99 | 3 | 0 | 
3 | 98 | 3 | 0 | 
3 | 98 | 4 | 0 | 
3 | 99 | 4 | 0 | 
3 | 99 | 5 | 0 | 
4 | 99 | 5 | 0 | 
4 | 99 | 6 | 0 | 
5 | 99 | 6 | 0 | 
5 | 99 | 7 | 0 | 
4 | 99 | 7 | 0 | 
4 | 99 | 8 | 0 | 
4 | 98 | 8 | 0 | 
4 | 98 | 9 | 0 | 
4 | 99 | 9 | 0 | 
3 | 99 | 9 | 0 | 
2 | 99 | 9 | 0 | 
2 | 99 | 10 | 0 | 
3 | 99 | 10 | 0 | 
3 | 98 | 10 | 0 | 
2 | 98 | 10 | 0 | 
2 | 98 | 9 | 0 | 
2 | 98 | 8 | 0 | 
1 | 98 | 8 | 0 | 
1 | 99 | 8 | 0 | 
1 | 99 | 7 | 0 | 
2 | 99 | 7 | 0 | 
2 | 100 | 7 | 0 | 
2 | 100 | 8 | 0 | 
3 | 100 | 8 | 0 | 
3 | 99 | 8 | 0 | 
3 | 99 | 7 | 0 | 
3 | 98 | 7 | 0 | 
3 | 98 | 6 | 0 | 
4 | 98 | 6 | 0 | 
4 | 98 | 7 | 0 | 
4 | 97 | 7 | 0 | 
4 | 97 | 8 | 0 | 
4 | 96 | 8 | 0 | 
5 | 96 | 8 | 0 | 
6 | 96 | 8 | 0 | 
6 | 96 | 9 | 0 | 
6 | 96 | 10 | 0 | 
6 | 95 | 10 | 0 | 
6 | 94 | 10 | 0 | 
6 | 94 | 11 | 0 | 
6 | 94 | 12 | 0 | 
7 | 94 | 12 | 0 | 
7 | 94 | 13 | 0 | 
7 | 93 | 13 | 0 | 
7 | 92 | 13 | 0 | 
6 | 92 | 13 | 0 | 
END
~#~#~#~#~#~#~#~#~#~#~#~#~#~#~#~#~#~#~#~#
Dumping coordinates at step 2.
Dumping coordinates of Polymer # 0.
START
0 | 0 | 0 | 0 | 
0 | 0 | 1 | 0 | 
1 | 0 | 1 | 0 | 
1 | 1 | 1 | 0 | 
2 | 1 | 1 | 0 | 
2 | 1 | 0 | 0 | 
3 | 1 | 0 | 0 | 
3 | 1 | 1 | 0 | 
3 | 2 | 1 | 0 | 
3 | 2 | 0 | 0 | 
2 | 2 | 0 | 0 | 
1 | 2 | 0 | 0 | 
1 | 1 | 0 | 0 | 
1 | 0 | 0 | 0 | 
1 | 101 | 0 | 0 | 
0 | 101 | 0 | 0 | 
101 | 101 | 0 | 0 | 
100 | 101 | 0 | 0 | 
100 | 101 | 101 | 0 | 
100 | 0 | 101 | 0 | 
100 | 0 | 100 | 0 | 
101 | 0 | 100 | 0 | 
0 | 0 | 100 | 0 | 
0 | 0 | 101 | 0 | 
0 | 1 | 101 | 0 | 
1 | 1 | 101 | 0 | 
1 | 0 | 101 | 0 | 
1 | 101 | 101 | 0 | 
0 | 101 | 101 | 0 | 
0 | 100 | 101 | 0 | 
0 | 100 | 100 | 0 | 
0 | 99 | 100 | 0 | 
0 | 99 | 101 | 0 | 
0 | 99 | 0 | 0 | 
0 | 100 | 0 | 0 | 
1 | 100 | 0 | 0 | 
1 | 100 | 101 | 0 | 
1 | 99 | 101 | 0 | 
1 | 98 | 101 | 0 | 
2 | 98 | 101 | 0 | 
3 | 98 | 101 | 0 | 
3 | 99 | 101 | 0 | 
3 | 100 | 101 | 0 | 
2 | 100 | 101 | 0 | 
2 | 100 | 0 | 0 | 
2 | 99 | 0 | 0 | 
2 | 99 | 1 | 0 | 
2 | 99 | 2 | 0 | 
3 | 99 | 2 | 0 | 
3 | 99 | 3 | 0 | 
3 | 98 | 3 | 0 | 
3 | 98 | 4 | 0 | 
3 | 99 | 4 | 0 | 
3 | 99 | 5 | 0 | 
4 | 99 | 5 | 0 | 
4 | 99 | 6 | 0 | 
5 | 99 | 6 | 0 | 
5 | 99 | 7 | 0 | 
4 | 99 | 7 | 0 | 
4 | 99 | 8 | 0 | 
4 | 98 | 8 | 0 | 
4 | 98 | 9 | 0 | 
4 | 99 | 9 | 0 | 
3 | 99 | 9 | 0 | 
2 | 99 | 9 | 0 | 
2 | 99 | 10 | 0 | 
3 | 99 | 10 | 0 | 
3 | 98 | 10 | 0 | 
2 | 98 | 10 | 0 | 
2 | 98 | 9 | 0 | 
2 | 98 | 8 | 0 | 
1 | 98 | 8 | 0 | 
1 | 99 | 8 | 0 | 
1 | 99 | 7 | 0 | 
2 | 99 | 7 | 0 | 
2 | 100 | 7 | 0 | 
2 | 100 | 8 | 0 | 
3 | 100 | 8 | 0 | 
3 | 99 | 8 | 0 | 
3 | 99 | 7 | 0 | 
3 | 98 | 7 | 0 | 
3 | 98 | 6 | 0 | 
4 | 98 | 6 | 0 | 
4 | 98 | 7 | 0 | 
4 | 97 | 7 | 0 | 
4 | 97 | 8 | 0 | 
4 | 96 | 8 | 0 | 
5 | 96 | 8 | 0 | 
6 | 96 | 8 | 0 | 
6 | 96 | 9 | 0 | 
6 | 96 | 10 | 0 | 
6 | 95 | 10 | 0 | 
6 | 94 | 10 | 0 | 
6 | 94 | 11 | 0 | 
6 | 94 | 12 | 0 | 
7 | 94 | 12 | 0 | 
7 | 94 | 13 | 0 | 
7 | 93 | 13 | 0 | 
7 | 92 | 13 | 0 | 
6 | 92 | 13 | 0 | 
END
~#~#~#~#~#~#~#~#~#~#~#~#~#~#~#~#~#~#~#~#
Dumping coordinates at step 3.
Dumping coordinates of Polymer # 0.
START
0 | 0 | 0 | 0 | 
0 | 0 | 1 | 0 | 
1 | 0 | 1 | 0 | 
1 | 1 | 1 | 0 | 
2 | 1 | 1 | 0 | 
2 | 1 | 0 | 0 | 
3 | 1 | 0 | 0 | 
3 | 1 | 1 | 0 | 
3 | 2 | 1 | 0 | 
3 | 2 | 0 | 0 | 
2 | 2 | 0 | 0 | 
1 | 2 | 0 | 0 | 
1 | 1 | 0 | 0 | 
1 | 0 | 0 | 0 | 
1 | 101 | 0 | 0 | 
0 | 101 | 0 | 0 | 
101 | 101 | 0 | 0 | 
100 | 101 | 0 | 0 | 
100 | 101 | 101 | 0 | 
100 | 0 | 101 | 0 | 
100 | 0 | 100 | 0 | 
101 | 0 | 100 | 0 | 
0 | 0 | 100 | 0 | 
0 | 0 | 101 | 0 | 
0 | 1 | 101 | 0 | 
1 | 1 | 101 | 0 | 
1 | 0 | 101 | 0 | 
1 | 101 | 101 | 0 | 
0 | 101 | 101 | 0 | 
0 | 100 | 101 | 0 | 
0 | 100 | 100 | 0 | 
0 | 99 | 100 | 0 | 
0 | 99 | 101 | 0 | 
0 | 99 | 0 | 0 | 
0 | 100 | 0 | 0 | 
1 | 100 | 0 | 0 | 
1 | 100 | 101 | 0 | 
1 | 99 | 101 | 0 | 
1 | 98 | 101 | 0 | 
2 | 98 | 101 | 0 | 
3 | 98 | 101 | 0 | 
3 | 99 | 101 | 0 | 
3 | 100 | 101 | 0 | 
2 | 100 | 101 | 0 | 
2 | 100 | 0 | 0 | 
2 | 99 | 0 | 0 | 
2 | 99 | 1 | 0 | 
2 | 99 | 2 | 0 | 
3 | 99 | 2 | 0 | 
3 | 99 | 3 | 0 | 
3 | 98 | 3 | 0 | 
3 | 98 | 4 | 0 | 
3 | 99 | 4 | 0 | 
3 | 99 | 5 | 0 | 
4 | 99 | 5 | 0 | 
4 | 99 | 6 | 0 | 
5 | 99 | 6 | 0 | 
5 | 99 | 7 | 0 | 
4 | 99 | 7 | 0 | 
4 | 99 | 8 | 0 | 
4 | 98 | 8 | 0 | 
4 | 98 | 9 | 0 | 
4 | 99 | 9 | 0 | 
3 | 99 | 9 | 0 | 
2 | 99 | 9 | 0 | 
2 | 99 | 10 | 0 | 
3 | 99 | 10 | 0 | 
3 | 98 | 10 | 0 | 
2 | 98 | 10 | 0 | 
2 | 98 | 9 | 0 | 
2 | 98 | 8 | 0 | 
1 | 98 | 8 | 0 | 
1 | 99 | 8 | 0 | 
1 | 99 | 7 | 0 | 
2 | 99 | 7 | 0 | 
2 | 100 | 7 | 0 | 
2 | 100 | 8 | 0 | 
3 | 100 | 8 | 0 | 
3 | 99 | 8 | 0 | 
3 | 99 | 7 | 0 | 
3 | 98 | 7 | 0 | 
3 | 98 | 6 | 0 | 
4 | 98 | 6 | 0 | 
4 | 98 | 7 | 0 | 
4 | 97 | 7 | 0 | 
4 | 97 | 8 | 0 | 
4 | 96 | 8 | 0 | 
5 | 96 | 8 | 0 | 
6 | 96 | 8 | 0 | 
6 | 96 | 9 | 0 | 
6 | 96 | 10 | 0 | 
6 | 95 | 10 | 0 | 
6 | 94 | 10 | 0 | 
6 | 94 | 11 | 0 | 
6 | 94 | 12 | 0 | 
7 | 94 | 12 | 0 | 
7 | 94 | 13 | 0 | 
7 | 93 | 13 | 0 | 
7 | 92 | 13 | 0 | 
6 | 92 | 13 | 0 | 
END
~#~#~#~#~#~#~#~#~#~#~#~#~#~#~#~#~#~#~#~#
Dumping coordinates at step 4.
Dumping coordinates of Polymer # 0.
START
0 | 0 | 0 | 0 | 
0 | 0 | 1 | 0 | 
1 | 0 | 1 | 0 | 
1 | 1 | 1 | 0 | 
2 | 1 | 1 | 0 | 
2 | 1 | 0 | 0 | 
3 | 1 | 0 | 0 | 
3 | 1 | 1 | 0 | 
3 | 2 | 1 | 0 | 
3 | 2 | 0 | 0 | 
2 | 2 | 0 | 0 | 
1 | 2 | 0 | 0 | 
1 | 1 | 0 | 0 | 
1 | 0 | 0 | 0 | 
1 | 101 | 0 | 0 | 
0 | 101 | 0 | 0 | 
101 | 101 | 0 | 0 | 
100 | 101 | 0 | 0 | 
100 | 101 | 101 | 0 | 
100 | 0 | 101 | 0 | 
100 | 0 | 100 | 0 | 
101 | 0 | 100 | 0 | 
0 | 0 | 100 | 0 | 
0 | 0 | 101 | 0 | 
0 | 1 | 101 | 0 | 
1 | 1 | 101 | 0 | 
1 | 0 | 101 | 0 | 
1 | 101 | 101 | 0 | 
0 | 101 | 101 | 0 | 
0 | 100 | 101 | 0 | 
0 | 100 | 100 | 0 | 
0 | 99 | 100 | 0 | 
0 | 99 | 101 | 0 | 
0 | 99 | 0 | 0 | 
0 | 100 | 0 | 0 | 
1 | 100 | 0 | 0 | 
1 | 100 | 101 | 0 | 
1 | 99 | 101 | 0 | 
1 | 98 | 101 | 0 | 
2 | 98 | 101 | 0 | 
3 | 98 | 101 | 0 | 
3 | 99 | 101 | 0 | 
3 | 100 | 101 | 0 | 
2 | 100 | 101 | 0 | 
2 | 100 | 0 | 0 | 
2 | 99 | 0 | 0 | 
2 | 99 | 1 | 0 | 
2 | 99 | 2 | 0 | 
3 | 99 | 2 | 0 | 
3 | 99 | 3 | 0 | 
3 | 98 | 3 | 0 | 
3 | 98 | 4 | 0 | 
3 | 99 | 4 | 0 | 
3 | 99 | 5 | 0 | 
4 | 99 | 5 | 0 | 
4 | 99 | 6 | 0 | 
5 | 99 | 6 | 0 | 
5 | 99 | 7 | 0 | 
4 | 99 | 7 | 0 | 
4 | 99 | 8 | 0 | 
4 | 98 | 8 | 0 | 
4 | 98 | 9 | 0 | 
4 | 99 | 9 | 0 | 
3 | 99 | 9 | 0 | 
2 | 99 | 9 | 0 | 
2 | 99 | 10 | 0 | 
3 | 99 | 10 | 0 | 
3 | 98 | 10 | 0 | 
2 | 98 | 10 | 0 | 
2 | 98 | 9 | 0 | 
2 | 98 | 8 | 0 | 
1 | 98 | 8 | 0 | 
1 | 99 | 8 | 0 | 
1 | 99 | 7 | 0 | 
2 | 99 | 7 | 0 | 
2 | 100 | 7 | 0 | 
2 | 100 | 8 | 0 | 
3 | 100 | 8 | 0 | 
3 | 99 | 8 | 0 | 
3 | 99 | 7 | 0 | 
3 | 98 | 7 | 0 | 
3 | 98 | 6 | 0 | 
4 | 98 | 6 | 0 | 
4 | 98 | 7 | 0 | 
4 | 97 | 7 | 0 | 
4 | 97 | 8 | 0 | 
4 | 96 | 8 | 0 | 
5 | 96 | 8 | 0 | 
6 | 96 | 8 | 0 | 
6 | 96 | 9 | 0 | 
6 | 96 | 10 | 0 | 
6 | 95 | 10 | 0 | 
6 | 94 | 10 | 0 | 
6 | 94 | 11 | 0 | 
6 | 94 | 12 | 0 | 
7 | 94 | 12 | 0 | 
7 | 94 | 13 | 0 | 
7 | 93 | 13 | 0 | 
7 | 92 | 13 | 0 | 
6 | 92 | 13 | 0 | 
END
~#~#~#~#~#~#~#~#~#~#~#~#~#~#~#~#~#~#~#~#
Dumping coordinates at step 5.
Dumping coordinates of Polymer # 0.
START
0 | 0 | 0 | 0 | 
0 | 0 | 1 | 0 | 
1 | 0 | 1 | 0 | 
1 | 1 | 1 | 0 | 
2 | 1 | 1 | 0 | 
2 | 1 | 0 | 0 | 
3 | 1 | 0 | 0 | 
3 | 1 | 1 | 0 | 
3 | 2 | 1 | 0 | 
3 | 2 | 0 | 0 | 
2 | 2 | 0 | 0 | 
1 | 2 | 0 | 0 | 
1 | 1 | 0 | 0 | 
1 | 0 | 0 | 0 | 
1 | 101 | 0 | 0 | 
0 | 101 | 0 | 0 | 
101 | 101 | 0 | 0 | 
100 | 101 | 0 | 0 | 
100 | 101 | 101 | 0 | 
100 | 0 | 101 | 0 | 
100 | 0 | 100 | 0 | 
101 | 0 | 100 | 0 | 
0 | 0 | 100 | 0 | 
0 | 0 | 101 | 0 | 
0 | 1 | 101 | 0 | 
1 | 1 | 101 | 0 | 
1 | 0 | 101 | 0 | 
1 | 101 | 101 | 0 | 
0 | 101 | 101 | 0 | 
0 | 100 | 101 | 0 | 
0 | 100 | 100 | 0 | 
0 | 99 | 100 | 0 | 
0 | 99 | 101 | 0 | 
0 | 99 | 0 | 0 | 
0 | 100 | 0 | 0 | 
1 | 100 | 0 | 0 | 
1 | 100 | 101 | 0 | 
1 | 99 | 101 | 0 | 
1 | 98 | 101 | 0 | 
2 | 98 | 101 | 0 | 
3 | 98 | 101 | 0 | 
3 | 99 | 101 | 0 | 
3 | 100 | 101 | 0 | 
2 | 100 | 101 | 0 | 
2 | 100 | 0 | 0 | 
2 | 99 | 0 | 0 | 
2 | 99 | 1 | 0 | 
2 | 99 | 2 | 0 | 
3 | 99 | 2 | 0 | 
3 | 99 | 3 | 0 | 
3 | 98 | 3 | 0 | 
3 | 98 | 4 | 0 | 
3 | 99 | 4 | 0 | 
3 | 99 | 5 | 0 | 
4 | 99 | 5 | 0 | 
4 | 99 | 6 | 0 | 
5 | 99 | 6 | 0 | 
5 | 99 | 7 | 0 | 
4 | 99 | 7 | 0 | 
4 | 99 | 8 | 0 | 
4 | 98 | 8 | 0 | 
4 | 98 | 9 | 0 | 
4 | 99 | 9 | 0 | 
3 | 99 | 9 | 0 | 
2 | 99 | 9 | 0 | 
2 | 99 | 10 | 0 | 
3 | 99 | 10 | 0 | 
3 | 98 | 10 | 0 | 
2 | 98 | 10 | 0 | 
2 | 98 | 9 | 0 | 
2 | 98 | 8 | 0 | 
1 | 98 | 8 | 0 | 
1 | 99 | 8 | 0 | 
1 | 99 | 7 | 0 | 
2 | 99 | 7 | 0 | 
2 | 100 | 7 | 0 | 
2 | 100 | 8 | 0 | 
3 | 100 | 8 | 0 | 
3 | 99 | 8 | 0 | 
3 | 99 | 7 | 0 | 
3 | 98 | 7 | 0 | 
3 | 98 | 6 | 0 | 
4 | 98 | 6 | 0 | 
4 | 98 | 7 | 0 | 
4 | 97 | 7 | 0 | 
4 | 97 | 8 | 0 | 
4 | 96 | 8 | 0 | 
5 | 96 | 8 | 0 | 
6 | 96 | 8 | 0 | 
6 | 96 | 9 | 0 | 
6 | 96 | 10 | 0 | 
6 | 95 | 10 | 0 | 
6 | 94 | 10 | 0 | 
6 | 94 | 11 | 0 | 
6 | 94 | 12 | 0 | 
7 | 94 | 12 | 0 | 
7 | 94 | 13 | 0 | 
7 | 93 | 13 | 0 | 
7 | 92 | 13 | 0 | 
6 | 92 | 13 | 0 | 
END
~#~#~#~#~#~#~#~#~#~#~#~#~#~#~#~#~#~#~#~#
